           lon       lat         inc      D1AU     delta  launch radius  launch speed    t factor       B1AU     gamma         vsw
0     4.191218 -7.351361  229.066696  0.149385  3.943096      16.607681    656.724915  189.915192   5.497378  0.973828  299.930756
1     7.810838  5.504491  230.937851  0.154830  2.906820      34.599754    676.581787  130.233475   8.146141  1.437290  288.314148
2     3.641823  2.112083  225.038284  0.143445  3.222357      24.989326    695.044922  165.266083   7.980756  1.040567  283.038269
3     7.159937 -6.790357  232.235229  0.152082  3.053940      11.745077    703.080994  -19.440510   5.058956  0.757720  299.657715
4     4.084169  3.157350  226.588089  0.152768  1.534444      23.092855    719.602173   91.507614   7.623988  1.351047  292.937195
5     7.895834  5.198149  229.339157  0.146059  5.431242      30.491779    667.746887   72.369637   6.191468  1.619073  300.651581
6     5.788677  2.797249  230.421204  0.156669  3.502292      12.041388    709.423889   52.332405   7.628901  0.717870  291.533844
7     6.184209 -7.079241  227.007874  0.153950  3.333338      15.599640    673.017944  187.844238   6.453294  0.685486  282.725616
8     7.034187  6.354831  229.992188  0.154754  3.025652      32.193882    722.663391 -161.722290   5.457083  1.394174  293.318359
9     6.111688 -4.015413  228.730759  0.145593  3.191840      15.940827    652.077209  220.498734   7.669491  0.828400  289.162903
10   14.556334 -1.199427  229.792435  0.150259  3.005701      30.946949    694.872070  -39.816109   5.866721  1.073027  286.177856
11   13.193562 -6.023970  233.202820  0.154305  3.420541      14.528188    693.671265  120.846352   5.624738  0.960733  301.297852
12    1.112639  4.487337  225.440811  0.143897  5.084165      12.623568    726.344055  139.272278  11.412867  0.870188  289.456055
13    5.265904  3.714301  233.607040  0.146436  1.349844      23.541378    676.171692  199.478790   9.631192  1.168529  289.927124
14    1.656091 -0.658085  228.674866  0.154516  2.695874      29.197948    685.323364  136.350571   7.696397  1.646589  296.031403
15    0.104841 -5.334772  231.339523  0.153476  1.450022      20.745590    655.902649  -82.656380   7.811598  1.268855  303.842010
16    2.389186  0.900040  227.805618  0.151615  1.381600      27.159479    720.026978  118.605247   6.381001  1.691980  295.506195
17    8.796982 -8.899461  225.250931  0.151862  3.182498      27.184610    725.272766   60.489555   6.608641  1.908560  296.856873
18    7.501988  0.603801  229.280777  0.151818  3.704414      26.925896    721.894958  223.930664   7.238033  1.246817  296.325562
19    2.999640  7.346597  228.098068  0.143114  2.790401      19.610521    671.494995  201.194443   9.467256  1.004616  295.900360
20   13.814608 -5.260412  232.108932  0.154877  4.465212      10.449531    731.714783   80.313293   6.367480  0.772237  284.018860
21    0.510868 -6.282451  233.951584  0.145500  1.544385      23.495834    709.631775  247.967300   8.066328  1.646703  297.251465
22    4.924674  8.723159  226.193848  0.145156  2.612205      18.793093    743.460876  197.712326  10.029204  1.140437  306.563293
23    3.457556 -2.707299  231.304733  0.140614  1.217272       7.454698    661.294250 -181.655823   7.372116  0.648758  303.422302
24   12.897573  5.198937  232.250626  0.148457  5.830593      31.755209    673.377747  -11.205382   5.038382  1.221547  287.048584
25    0.402500 -2.928634  228.604553  0.148532  3.618530      18.054443    654.424805  -95.141586   9.405594  1.275789  307.856171
26    1.595076 -2.076833  226.164917  0.141189  2.081649      24.130306    732.005371  243.868317   8.231868  1.013031  283.222595
27   14.472273  6.674774  230.940811  0.146029  3.112588      13.250171    692.634216  164.331055   8.466291  0.773783  297.774994
28    6.097706  6.469366  231.493652  0.153285  1.568982      14.263623    692.351562  191.317444  10.289843  1.120710  304.327271
29    0.771318 -3.593998  230.838470  0.154534  4.754569      13.576842    719.311523  202.446487   9.683730  1.092847  303.742645
30    9.544019 -4.805153  229.101669  0.147403  4.920148      31.846107    707.208191   59.866177   5.582157  1.575803  290.488586
31    4.171041 -0.764219  225.895447  0.148092  3.161713      16.180962    710.687683  206.411331   9.495067  1.377880  303.670837
32    2.028239  7.990388  226.232239  0.159153  2.456254       8.688115    681.565735   89.470238   8.758438  0.944663  307.326324
33    1.310892 -3.580351  228.406891  0.140746  1.483297      11.440560    736.198730  187.844971  13.034949  0.974116  288.522675
34   10.229112 -7.694328  231.721909  0.159403  5.636786      21.818808    653.231628   76.577629   7.413597  1.430326  294.180542
35    8.644166 -6.451212  229.749298  0.149633  2.757118      13.692383    686.819397  161.225708   8.998544  1.049204  296.869324
36   10.752370  6.716038  230.322464  0.142839  4.137820      37.549473    664.989746   86.597534   7.300426  1.889432  295.882507
37    1.325229  1.142330  226.325485  0.158174  1.037279      24.912498    749.992920  243.127075   6.927091  1.160403  292.411926
38    0.272425 -7.622855  225.155624  0.150340  2.914104      29.881533    730.514893   -9.530732   5.104344  1.923411  291.162750
39    3.740304  5.669803  228.774750  0.145707  2.102864       8.721309    744.124084  143.063187  10.690220  0.908893  303.692444
40    1.170630  9.672652  229.051773  0.152512  3.843992      21.556614    661.227478  239.804993   7.257219  1.245987  296.451050
41   13.041782 -7.629014  231.418121  0.144109  3.772835      32.277012    659.792236 -128.998627   7.941512  1.897276  299.998077
42    9.232843  7.453124  229.344055  0.150565  5.749918      36.984295    736.346497  144.142319   5.081684  1.394058  283.966705
43    7.927893  6.822641  225.729843  0.147468  2.494481      28.414000    692.489258  139.326096   5.883225  1.323138  302.116455
44    8.536401 -7.703035  227.941803  0.157416  2.585711      17.703506    719.135437  208.030228   7.782054  1.296536  302.317383
45   11.417807 -3.668252  227.629501  0.145708  3.338793      26.107462    725.835693  136.983932   6.799597  1.540611  306.617950
46    6.557405 -8.275146  234.635620  0.142894  4.180671      30.254536    745.589661  216.310242   8.510702  1.629507  291.340393
47    5.636223 -4.408365  226.271057  0.143232  5.350390      24.792780    664.710144  216.482971   5.264255  1.294958  286.481873
48   13.063415 -3.762879  225.749954  0.144829  3.350491      31.643728    749.039917   73.222504   7.060253  1.645816  293.530212
49    6.578026 -4.452660  232.288834  0.146424  1.909708      32.188129    683.460327    2.353761  10.784460  1.958910  301.410706
50    1.382900 -7.659772  233.688339  0.149939  1.858605      37.989151    697.457397  196.699203   7.217608  1.532686  286.552277
51    5.918027 -8.128527  230.120453  0.150760  4.090281      19.876070    679.332153  248.171829  10.820916  0.870056  290.390259
52   13.491799 -7.197373  225.151016  0.149742  3.966039      28.429035    719.867859  189.907639   7.719716  1.547990  299.158325
53   13.317319 -1.614421  226.696793  0.152714  2.036150      40.402538    669.377747   31.271423   5.338538  1.712137  286.394684
54    1.129038 -7.791111  234.789658  0.142586  3.737025      37.385971    710.117676   80.736992   6.084770  1.755695  289.121704
55   11.840864  6.345808  228.101471  0.142509  1.500633      33.911236    707.130737   94.669701   8.664073  1.890731  290.771606
56    7.635638  0.464136  229.689880  0.151491  4.846580      31.574448    732.127869  -56.848259   7.778784  1.459156  286.993896
57    0.948908  6.703435  229.022675  0.144416  4.907583      32.836441    739.645447  106.781479   7.939101  1.448053  282.770111
58    6.839653  0.150416  229.289658  0.145219  4.662295      18.103199    684.424377  -56.716934   8.482475  1.680333  306.000824
59    3.358567  8.488223  232.604675  0.148841  3.162287      20.657412    656.634094  124.495987   5.967299  0.902760  283.305267
60    3.231603  3.636459  228.272141  0.147610  3.001273      27.332354    677.701904  207.064392   9.868558  1.458226  293.419891
61    0.658445  2.307856  226.512527  0.145739  1.295323      27.015366    720.384277  229.574585   9.325192  1.849289  293.147949
62    2.730884  0.492925  233.643005  0.152051  1.322396      29.519773    714.593140   85.876518   9.283283  1.627096  291.480011
63    1.418229 -2.139780  230.636902  0.142828  5.002728      24.850327    732.879578  224.796021   7.621092  1.967020  298.281433
64    3.928637  6.258912  228.597687  0.141437  5.918056      13.934418    669.425903  -95.898193   9.102772  0.719085  299.213440
65    3.892874  7.461337  229.530899  0.145889  3.329926      26.524809    733.034180 -120.210602   6.598025  1.508463  301.391296
66    2.875867  5.986931  229.711914  0.147909  4.960306       9.898028    655.721985  185.257187  10.186742  0.618951  285.570740
67    3.223396 -1.184712  230.147675  0.155040  2.459417      18.776606    748.646362  241.013474   7.296580  1.460117  300.118011
68    7.596869 -4.463930  225.806213  0.146577  2.670774      29.514204    694.112854 -116.725990   7.361494  1.790784  297.824738
69   11.064184  7.834765  225.547379  0.144234  5.232082      23.489809    685.132324  237.357956   6.946176  1.091837  299.082367
70    4.841424  2.316065  226.828888  0.149327  2.613046      26.575470    747.128784  100.326103   6.707146  1.915699  304.776550
71    6.530441 -0.374830  230.974487  0.154502  1.860052      17.185850    702.855774  165.324249   6.588190  0.755795  287.952423
72    7.672302 -7.116013  226.247620  0.146553  2.639997      24.023104    723.864746  125.853088   6.847851  1.367397  292.405731
73    5.897929  3.814946  232.210403  0.147260  2.272874      26.334566    707.733093   23.830162   5.617643  1.291570  291.981903
74    4.030320  7.991312  230.019821  0.143259  1.589246      18.766825    677.178223  125.708694   5.906878  1.295980  308.598602
75   10.122150 -6.426474  227.443771  0.153196  3.619199      21.260756    686.290161  -12.480013   6.621276  1.354565  298.198303
76    9.607652  6.038043  226.222794  0.143386  4.158918      33.346954    677.822693   70.818283   8.353687  1.200762  280.871277
77    4.351464 -6.815535  231.230774  0.143562  3.423437      15.329682    711.331421  143.272614  10.069798  1.292844  307.710999
78   11.490464  2.885813  229.284683  0.145854  5.117171       7.662677    661.838684  -49.380116   9.157898  0.608195  285.681793
79    9.097541  9.949378  225.825089  0.148405  5.462893       8.487414    711.333557  139.716599  10.555109  0.754469  300.725586
80    5.999886 -5.852244  226.723404  0.155049  4.634842      23.958525    668.552002   27.843039  10.054594  1.000656  281.589569
81   11.731502  2.280052  233.861786  0.157353  3.148765      20.630789    722.680298  225.500961   6.610541  1.626449  308.068726
82    0.601526 -8.405847  231.327591  0.156037  2.989872       5.629733    710.842590  203.630630  11.924978  0.626450  293.876221
83   12.971436 -4.097414  231.944016  0.145593  3.878287      13.267982    675.567688  246.402863   8.287760  0.996559  305.866760
84    6.402318 -4.210516  230.160583  0.158212  2.798136      17.776312    650.869995  213.970184   8.849432  1.187221  306.514069
85    3.734940 -4.658645  229.075531  0.154430  5.942233       9.976634    697.465393  150.974167   6.851941  1.071545  306.439972
86    7.962152  4.943604  231.986816  0.141993  5.593527      22.260105    730.470642  177.334900   7.509225  1.358602  298.553284
87    2.455233  4.203959  231.551773  0.147327  1.443981      25.135380    735.755554  163.153214   9.078508  0.986948  287.181610
88    1.529655 -4.394706  230.837036  0.155997  5.533347      17.074629    676.205383    6.213675   7.398129  0.987289  300.081482
89    6.427429  9.733551  226.061569  0.155380  2.902555      34.041039    678.914429  146.256439   7.531004  1.458635  291.723969
90    1.042451  9.363958  232.034149  0.140109  1.956020      38.220219    741.489807   82.210045   8.551335  1.728651  299.970795
91    0.918984 -0.416064  226.309250  0.151635  4.219923      25.424454    679.133240  229.384399   9.779556  1.881152  306.941589
92    8.675737  4.480550  229.930496  0.145497  2.487333      16.452915    654.156799  239.353577  10.609993  1.245036  302.523773
93    7.620177 -0.416480  226.843399  0.144427  2.176069      20.412113    720.129822   62.557018   9.715981  1.885984  307.360992
94   12.547009  5.910805  226.902328  0.158719  2.278506      22.853420    660.687012  197.750763   6.766067  0.624932  282.419952
95    3.806447 -1.646714  226.185501  0.147605  3.035177       7.163301    672.441650   29.355047   9.265428  0.609720  289.169708
96    7.677888 -5.143718  234.466949  0.150763  1.901692       5.329479    694.849670  124.027130   7.677206  0.702821  298.315125
97    7.408861 -5.040211  232.639221  0.141663  3.675529      21.230709    709.772583  -14.921118   6.015750  1.469375  307.646851
98    6.407515  5.021216  227.616821  0.140983  2.605448      32.287140    664.325256   34.209953   7.988502  1.524379  289.002197
99    6.075747  1.116125  231.100067  0.144936  2.756432      17.022228    703.983459   19.160767   6.214791  0.891490  284.034607
100   8.909574 -3.764010  228.504074  0.151836  4.989040       7.542632    674.574890   26.747663   6.562290  0.909025  295.716431
101  11.269851 -5.505350  233.301712  0.150242  2.976656      26.593763    698.657898  -28.905746   7.420534  1.165393  287.120514
102   8.104566  9.227859  227.200165  0.157392  1.627685      29.987411    696.813538  192.159073   8.012973  1.139274  288.370972
103   6.185705 -1.948337  227.042877  0.155878  3.878561      19.423910    698.444641   68.507263   7.223186  0.952241  295.966736
104   7.742759 -1.235421  227.813263  0.155706  2.910288      29.374590    717.246582  159.328018   8.955927  1.076156  280.343994
105   0.815418 -7.528579  226.086334  0.152791  3.217694      21.346249    673.029724   37.456154   8.317086  1.382147  293.935028
106   5.010058 -3.633083  233.489105  0.146571  2.337667      29.643677    720.184326   87.456474   5.573851  1.832667  288.896606
107   8.899262  1.194852  228.458115  0.148421  5.529318      24.697031    672.835388  206.768143   8.330421  1.830549  303.598083
108   6.477753  6.903411  233.004623  0.142319  2.838477      38.606113    720.860107   41.128143  10.854178  1.764780  288.476746
109  12.143224 -1.670110  227.274780  0.149921  4.257276      16.781137    691.743042  240.747269   9.512815  0.735533  282.008423
110   2.313806 -5.410255  227.872528  0.151298  4.061250      27.694635    711.935059  -79.653183   8.243706  1.769640  298.570282
111  10.841822 -4.505523  225.855530  0.154480  3.566080      21.553209    691.909302  -81.327637   8.174365  1.612947  302.072876
112  14.726967 -0.358693  228.811874  0.159655  3.085176      35.395283    721.078552  242.231339   6.217305  1.910227  283.139557
113   0.312881  0.594675  228.515076  0.152193  3.360189      16.605787    686.101990 -181.101410   7.727069  1.043388  307.380768
114  11.384288 -2.643704  227.322510  0.142411  3.069948      29.263750    702.562683  -27.527243   6.290873  1.371403  285.854065
115  11.028059 -9.491118  227.317581  0.154897  5.355503      26.667248    723.543884  244.780426   9.166346  1.344174  289.352234
116  10.557525  3.904495  225.012161  0.142986  2.277908      17.136106    742.934692  162.033493   8.306641  1.428608  303.461884
117   7.146235  1.775050  229.726334  0.156276  1.727567      18.494650    708.166138 -169.945099   7.559196  0.801362  290.320801
118   3.608251 -4.401498  225.597733  0.144715  4.095737      17.111439    721.738770   27.103323   7.167688  1.289217  303.954559
119   1.543510  1.377181  230.222733  0.151592  5.654457      18.533857    688.531006  123.061287   9.950448  1.000826  302.686096
120   4.619614 -8.772742  234.612244  0.140802  5.268955      22.060152    732.820129  134.925858   9.503443  1.576141  305.397064
121  10.451205 -6.699317  227.489105  0.140554  5.883176      16.820873    744.713684  184.309418   7.227489  1.179177  306.407684
122  13.778775  1.482138  227.988220  0.143455  2.433558      16.709789    650.216125  175.417511   5.109563  0.962586  301.345886
123  14.349802  2.996899  230.154175  0.141594  2.570857      22.641390    683.955566   74.287102   6.699748  1.576930  306.435242
124   0.665538  3.222141  232.037781  0.144211  5.575026       6.533791    740.914612  169.492279   8.898252  0.813126  306.146973
125   5.007041 -5.031171  228.047348  0.153989  4.083223      19.172274    748.602417  117.430916   5.245778  1.024438  287.696106
126  12.249923 -0.412563  229.577698  0.147634  4.166530      21.112057    701.655579  199.803818  12.452534  1.122943  305.722015
127   0.379016  3.557698  226.660599  0.151457  5.029599      21.714489    694.491760  -56.670521   8.323315  1.035832  288.226990
128   1.559112  1.096458  230.371017  0.156023  2.466587      28.445702    674.867615  239.750992  11.027756  1.998316  304.206512
129   9.361243  1.916072  233.628128  0.143233  2.643121      18.355057    704.717346  210.903900  10.333970  1.641527  307.784363
130   2.103094 -8.777728  228.616486  0.141403  3.719844      24.735888    654.155701  213.854050   7.256970  1.231180  287.300537
131  12.247119  5.433052  226.107239  0.145056  2.316050      42.562195    692.735474  169.628540   7.913312  1.636747  288.935730
132   2.267781  3.610539  230.804108  0.148072  1.355954      32.405846    662.764648  236.609024   7.412233  1.535620  286.924408
133  11.457805 -5.451179  227.688019  0.148774  4.429035      18.858873    688.593628  156.044373   9.080653  1.264581  293.430389
134  10.972374 -4.730827  226.326431  0.153055  3.646242       8.494195    662.084351  165.189423  11.519415  0.890550  308.365570
135   9.240021  9.129641  227.675537  0.144352  2.916184      35.588718    662.013062  -33.917164   6.651575  1.588866  291.607117
136  10.547731 -0.966418  226.153412  0.142842  5.801470      19.083387    698.345337  -78.317162   5.404001  1.511221  305.268829
137   8.084239 -7.761561  229.849060  0.150922  3.492839      29.207621    661.086731  195.260788   7.570313  1.659253  302.901154
138   5.126825 -9.198174  230.674362  0.143974  3.974635      10.978058    687.709106  121.611176   7.770284  0.825874  291.548706
139   8.291692  8.733489  227.350250  0.145066  2.846465      22.673687    698.819336  171.087585   9.612341  0.862675  280.599579
140   1.231704 -6.886561  229.568741  0.144682  3.545632      37.904621    735.665344   64.982147   8.032281  1.980315  290.648193
141   0.157957 -3.463932  229.394516  0.150589  1.188720      27.427393    659.714478   15.276067  10.643829  1.976722  300.910522
142   3.667675 -2.916990  226.397095  0.148810  4.036405      28.384314    715.013733   37.364899   9.171874  1.565196  298.366608
143  13.556979 -2.222442  228.121857  0.158724  4.675236      29.891346    659.031494  164.617310   8.046022  1.170118  282.597656
144  12.254887 -1.882028  228.423019  0.153023  2.362741      19.880844    673.248047   99.810211   8.234767  0.735983  282.241913
145   5.066115 -4.628428  227.279022  0.145017  3.835532       8.253440    673.715027  198.906509  10.375792  0.705466  296.299622
146   6.476743 -8.386266  231.712784  0.153727  4.010619      21.465033    703.723755  198.948730   9.984921  1.181279  294.455017
147   4.030400 -0.417403  231.424103  0.154282  1.294914      25.835814    665.541870   86.736603   7.358019  1.247243  286.793243
148   4.584360 -3.063371  230.742065  0.146426  2.325880       9.184650    719.714844 -194.910965   6.788784  0.954145  294.391632
149   7.719921 -4.679800  227.488754  0.155009  4.392754      13.167770    658.849487  227.984650   9.303748  1.011695  294.098724
150  11.508283  0.204649  228.035034  0.156903  3.600643      18.239662    688.240479  159.360672   8.211670  1.580285  309.003174
151  11.555575  6.025586  229.304214  0.156911  3.904731      26.380268    698.711182   85.452415   8.325214  1.687482  308.808807
152  10.715968 -0.989434  233.210480  0.148678  2.944161      26.194664    659.537964  130.306839   6.794105  1.586355  302.967743
153   7.347327 -3.043103  234.923187  0.151518  5.413616      17.553501    666.643066  226.045837   8.690887  1.477490  302.923584
154   8.422105 -3.149097  228.154236  0.142668  2.344483      15.849399    681.132935  -14.806999   6.739535  0.808753  295.203156
155   1.570987 -7.749195  227.503967  0.152256  1.486093      13.667105    744.855164    4.570587   5.897058  0.834029  290.200012
156   8.104800 -9.677831  230.195374  0.150109  3.650372      14.899192    728.971375  -71.202515   5.027159  1.388548  301.945831
157   9.245516 -5.979968  227.151337  0.158675  4.158980      28.860655    682.807495  240.147964  11.522092  1.437355  287.417206
158   7.510170 -9.809344  225.336319  0.159696  3.406455      22.451504    736.713989   57.918938   6.213461  1.625473  299.986237
159   1.162139  5.670669  227.984131  0.152210  2.447557      26.750479    674.497314  187.784241   7.424287  1.163491  294.951233
160   9.957809 -8.098341  230.637222  0.141052  5.290459      22.249302    723.621094  154.452713   7.184085  1.418638  286.975433
161  12.583247  0.982225  230.666107  0.151311  3.146801      25.832424    686.514709   93.874596   5.094801  1.743378  306.211182
162   9.461112 -6.820891  233.137711  0.145273  5.020210      16.904518    694.330688  109.241653   6.922297  1.017695  295.219238
163   5.535788 -6.422310  225.892487  0.143214  2.131741      14.718772    683.536133  133.507462  10.622756  1.352108  308.590363
164  12.081412  3.790802  228.897873  0.142861  2.662031      42.903042    679.679321  178.777573   7.607808  1.936824  282.525421
165   5.103259 -5.066242  226.018356  0.154057  2.875866      18.939476    658.382324  240.505615   7.931339  0.801661  289.431335
166   6.294144 -1.546091  232.344620  0.153112  2.516969      23.838470    716.239380 -107.676109   7.409503  1.854399  300.940735
167   6.977691  1.103136  225.297272  0.154819  1.840963      17.925573    709.387695  155.872559   5.747228  1.320713  304.678223
168   2.970022 -3.698504  228.420929  0.152399  4.141854      11.722447    687.705566  236.997223   7.039605  0.818316  289.788177
169  14.097190  5.958355  229.990540  0.145117  3.086690      25.293427    669.602722   76.981453   6.016595  1.390869  298.682770
170   2.744324 -6.662382  229.666138  0.152229  4.340537      14.392803    676.573364   24.952965   7.516653  1.392401  308.322205
171   6.015051 -5.587559  229.174484  0.159644  5.324399      23.395672    738.886047   31.044493   5.430782  1.472858  294.849976
172   7.053329  0.742475  233.131104  0.150752  2.101895      26.518925    707.441895   81.897636   6.043146  1.116509  288.995300
173   3.201383  5.939076  227.158661  0.148985  1.450147      19.256737    738.206787  144.097809   6.442001  1.149944  295.877014
174  10.794060 -6.335220  228.109055  0.143419  3.105401      15.558334    667.924072   23.255514   6.178335  0.850059  297.732727
175   8.226740 -6.358729  231.461456  0.140820  4.614240      26.233992    653.620300  184.707123   6.407738  1.422595  291.047943
176   8.466679 -6.583022  234.090530  0.152790  5.544673      18.783852    699.676331  -79.265427   8.843862  1.238900  308.347137
177  14.033447  4.890884  225.938141  0.146378  2.387205      34.276798    666.306885   84.487923   8.079587  0.973327  281.852448
178  12.600585 -3.546904  227.437759  0.142086  3.742491      23.277678    738.302124  197.454636   7.386071  1.649629  308.786346
179  13.474797  3.003651  231.083511  0.145219  4.806995      22.617678    741.939331  186.117874   8.550959  1.507680  303.128540
180  14.481855  5.798354  227.545532  0.141379  3.582349      25.334785    747.379395  174.746765   7.729846  1.054551  285.764282
181   9.629455 -1.948328  228.402313  0.150029  2.525522      36.268730    657.341431    8.656673   6.569136  1.819541  287.909973
182   0.050782  5.117069  227.246689  0.143581  4.327512      30.654539    653.638367  189.136215   6.963362  1.494321  287.322815
183   5.769547 -4.120469  227.597641  0.146060  5.599895      35.732288    657.467224  231.233734   7.942149  1.606866  285.160919
184   9.393605 -8.830718  228.178528  0.148209  5.226453      18.919436    721.078369  -49.520428   8.379775  1.346685  295.837830
185  10.771954 -9.387070  230.957458  0.148478  3.945847      32.804565    679.374146  -44.881710   6.597146  1.669053  288.973541
186   0.945429 -9.863817  228.978119  0.148868  4.563845      42.638779    680.017639  195.387344  11.483025  1.944443  280.976471
187   8.543644  1.686139  230.763992  0.150462  2.801575      30.094156    653.694641   71.297722   8.429578  1.108021  290.982330
188   8.560621  9.749537  227.581879  0.148096  3.190865      31.065081    688.058777   38.315845   6.439628  1.618916  296.401062
189  14.774330  4.245904  230.038406  0.147688  2.281687      14.760242    745.487488  181.012466   7.332877  0.810810  309.830658
190   2.685802 -1.458048  231.320938  0.158877  5.533145      21.612289    711.981140  189.578415   6.103761  1.152273  294.301910
191   4.126987  4.281043  225.753250  0.155654  2.641453      30.421019    657.674316  183.598862   8.786238  1.302444  290.381653
192   8.709296  7.233869  227.879288  0.150483  3.397480      41.394901    675.180481  153.168976   9.442442  1.631825  289.327271
193  13.367970 -7.260789  226.473862  0.157420  4.682920      27.565329    727.780762  233.958176   5.647712  1.704879  300.338165
194  11.365441  6.370222  225.710297  0.145179  3.461514      30.251213    711.035217 -227.587219   6.919211  1.177008  289.470856
195   9.720872  0.047513  232.614944  0.155943  3.694669      20.180624    706.416748  209.517227   5.038027  1.927987  307.923706
196   6.280302  2.623691  232.942642  0.143758  2.513073      19.158609    657.657837  127.853706   7.705415  1.336136  303.001068
197   2.559656 -4.054655  229.936951  0.154927  1.284284      19.303959    655.453796  135.988022   9.877151  1.232110  291.596588
198   5.915830  3.781503  229.637985  0.146552  3.741224      21.774450    698.435059   17.353664   5.585700  1.249350  293.719574
199   8.577044 -6.228133  231.309875  0.145984  3.313972      19.342096    705.854492   49.175068   9.050840  0.983016  293.401764
200   1.809403 -1.321559  227.494461  0.150495  1.761482      17.574894    664.650452  236.522583   9.318689  0.971759  290.369019
201   4.923903  0.021633  226.014450  0.150063  4.674116      26.971418    721.940369   59.441227   7.812975  1.356128  293.569427
202   9.165197 -6.587493  234.304626  0.145437  3.966152      30.898842    651.298706  245.674316   7.877343  1.264283  281.986938
203  14.310237  3.188988  234.726990  0.154307  2.143373      36.683254    696.716431  227.743866   7.516898  1.968005  293.781097
204   3.441297  4.996772  234.249817  0.141121  3.388688      20.445524    719.904175  164.567825   5.828527  1.675449  303.479279
205  12.771350 -4.326805  230.087723  0.155174  3.332773      16.098448    723.533142  236.407089   9.557000  0.803855  285.714783
206   9.870844  0.775123  225.023575  0.151404  2.025580      33.605358    683.289612  194.511398   7.609745  1.375719  284.163086
207   2.383036 -5.908320  228.399033  0.150459  1.743644      23.253679    680.050537   97.534927   6.835890  1.127835  295.008026
208   2.871481 -5.513641  225.164139  0.157528  1.764949      13.855102    744.452698  142.392761   6.816731  1.493359  305.243073
209  10.711313 -4.061434  225.415939  0.146656  5.585207      14.743294    743.035645  234.610809   7.259315  0.770794  286.032013
210   5.509597  9.608816  232.260986  0.154808  4.624303      31.402281    744.417175  103.504044   7.246743  1.347123  295.562408
211   5.821871  2.289108  230.767120  0.144282  1.345485      41.512386    652.136414  232.667419   5.434316  1.853403  282.900391
212  13.133459 -5.473958  227.183212  0.146509  3.355741      32.084671    665.752869  213.295258   7.686980  1.817100  288.631714
213  11.708494  0.805779  228.727692  0.153441  2.763512      13.504228    704.326538  176.768250  10.388158  0.886863  291.797699
214   0.717341  4.499409  231.417618  0.146007  1.177092      33.846909    722.452209  101.105606   7.664875  1.259473  290.049561
215   2.160116  0.700723  233.971100  0.158505  1.269685      14.434911    676.056458  239.618622   7.298216  1.033219  303.901093
216   7.778756  1.261189  227.092636  0.141869  2.232580      16.772987    703.798767  120.948364   9.181321  1.127940  305.576813
217  12.320536  9.974433  230.790787  0.157836  3.926193      10.157406    748.993774  204.057617   7.295602  0.825295  309.138977
218  11.379345 -8.609588  234.955383  0.144836  5.178204      33.144924    693.379028  231.174469   9.433594  1.923401  289.194611
219   4.557143  5.611628  230.950272  0.157786  1.468567      10.301864    707.377197  171.283936   9.719894  0.644694  290.347351
220   4.145048 -1.536758  226.014816  0.142947  3.439523      36.923962    671.857361  184.856903   7.204963  1.824498  282.492462
221   5.960604  5.118280  227.571182  0.145365  3.556046      19.548973    706.584717   95.159111   8.996883  1.080334  299.172668
222  13.867460  3.301593  228.978531  0.142620  2.499682      35.308018    718.804749  217.866043   6.091552  1.200082  289.833954
223   2.236814 -5.244380  225.362747  0.151573  4.787503      31.321714    718.605591   11.771527   6.325591  1.849456  297.654572
224   3.520757 -5.061879  225.045029  0.142632  3.393728      29.043547    698.725525  237.318298   7.416258  1.889824  295.659637
225   0.445934  2.468955  234.406113  0.144024  2.101726       5.122201    665.447144  169.143387   6.435820  0.731176  293.017883
226  10.393490  9.352180  230.579117  0.140291  3.126578      20.809980    692.896057   97.528320   7.322742  1.281157  308.877502
227  11.496575  6.224811  233.784180  0.144167  1.555506      27.312090    667.550415  236.463974  11.976148  1.320395  301.513977
228   2.074452  1.718543  232.541107  0.158441  1.180445      27.080002    676.640869  244.864410  12.531877  1.657947  300.611572
229   6.947972  5.266964  227.104813  0.159533  5.228470      15.739450    729.145386   49.591995   5.981078  1.078985  303.551514
230   1.472132  1.830370  229.566055  0.150951  1.831141      13.335204    725.116394  115.509666   5.760268  1.064874  303.180450
231   3.783298 -5.377407  227.763824  0.146118  4.873453      24.736401    692.548645  164.990036  10.380101  1.205863  289.456818
232   7.194344  5.024000  227.853256  0.142995  5.402760      21.606407    710.980042  -98.232964   6.662765  1.204170  295.317108
233   5.083622  2.188144  234.524292  0.151140  4.090398      28.767557    735.940857  115.192535   5.826285  1.411009  290.891846
234   6.958084 -8.538375  229.756714  0.148929  5.760128      26.274946    678.850586   19.916277   8.087651  1.460440  288.839447
235   1.965834 -8.721344  227.453812  0.143253  2.495391      22.025764    666.712280   80.601196  10.042092  0.952940  291.235901
236   9.080622 -3.966607  226.735031  0.150939  4.238326      17.421286    654.608887 -173.816833   6.467081  0.987559  301.272736
237   2.995450 -0.938861  228.134750  0.140518  1.314757      31.442436    705.433533  171.415848   7.612789  1.479037  288.069061
238   1.745821 -0.979248  228.267410  0.147519  2.760404       8.381013    654.332703  -17.160387   6.294958  1.126891  306.121521
239   0.890181 -1.972218  234.089340  0.141522  3.536380      25.030399    683.419250   79.836708   7.476538  1.375216  298.768280
240   3.699701 -3.248206  229.370544  0.154973  2.504673      14.697860    674.666382  145.084274  11.714301  0.996318  303.243073
241  10.290413 -2.343027  232.561417  0.152817  4.095881      12.216496    684.257629  221.055557   9.752753  0.965153  294.111481
242   5.424122  6.410768  225.384476  0.145107  1.638631      39.615387    668.695618  198.466354  10.649445  1.515294  281.491089
243   9.732790 -3.889907  233.134644  0.146379  4.658347      22.062944    705.486938  202.124313   7.129576  1.447590  296.751556
244   1.981273  7.601474  234.208633  0.146246  3.637808      25.435106    700.601074   80.017601   8.998958  1.770006  303.943420
245   6.247384  8.748487  226.710678  0.151851  3.470976      31.400146    720.817871  244.030334   6.003191  1.041138  284.196899
246   6.778024  1.458140  225.884613  0.156197  1.147948      25.760767    734.400330  169.415024   8.404246  1.515152  305.654907
247  12.246839 -8.106319  226.871078  0.140215  3.737375      20.589731    744.495972  103.174202   8.778543  1.520638  308.266632
248   7.100546  1.990259  233.684433  0.144719  4.322582      27.883753    665.904541  177.321274   9.233809  1.688203  300.437958
249   2.774937 -6.322215  228.761948  0.155304  5.100584      34.858906    655.839111  -36.316689   8.645677  1.609630  290.919189
250   3.961545  8.612296  228.289856  0.148457  2.461174      32.207153    666.531189  213.045120   6.939575  1.417563  289.278442
251  14.274392  1.087284  225.018112  0.154694  2.776501      19.320724    698.456299  122.343140   9.964961  0.764060  286.573730
252   2.036709  2.901101  231.678482  0.152349  4.557945      33.404701    710.037598  192.150528   9.141237  1.766997  289.052612
253   6.984887 -5.645404  225.037247  0.159134  5.155498      15.080814    709.784790 -108.289955   7.727602  1.049951  294.732147
254   2.885490  6.951143  225.504700  0.159810  3.287606      30.298267    682.359009  144.128098   6.568789  1.315615  293.855713
255   3.404379  8.584335  229.270157  0.144675  3.769102      33.946259    654.338013  130.202087   9.992197  1.717887  297.453583
256   4.854047  4.784088  225.070389  0.150827  3.377298      33.032185    722.374573  174.989975   9.424503  1.615615  293.713379
257   6.627650 -9.944200  228.196930  0.151533  3.522944      31.361197    682.563538   76.457657   6.779287  1.724586  293.430939
258   1.801113 -8.140376  234.517380  0.142553  2.942164      15.819123    651.985840   91.063995   8.728659  1.226101  299.214478
259   1.014844 -2.629855  233.739136  0.143168  4.842102       5.788161    690.343018  212.455566   6.876070  0.686552  296.431610
260   8.736154  0.495000  231.059189  0.151546  2.933969      16.829590    687.809265  218.929077   5.841568  1.360197  308.002350
261   0.341398  0.621391  225.613022  0.149037  3.515525      11.809973    692.946716  161.311172   6.808740  0.741588  291.707031
262   2.921066 -5.161775  230.372345  0.148386  3.717916      34.345566    746.634644 -107.204185   5.843020  1.595953  285.801819
263  10.625665  1.368751  227.877304  0.141133  2.568161      14.021919    727.524902  173.226135   7.812107  1.006019  299.918640
264  13.026491 -5.561767  228.446564  0.150819  3.356174      16.103327    711.128906  232.535934   7.419115  0.963445  296.224548
265  12.803220 -7.199308  226.215714  0.144451  5.478002      39.035355    741.241760  121.856285   6.607766  1.883281  283.467072
266   2.510397  6.650486  230.729782  0.143003  1.790506      35.505440    730.004089  143.605133   8.139076  1.755821  291.708008
267   3.010816  4.315260  228.595993  0.142281  2.702866      24.645309    651.182068   83.691605   7.601269  1.593523  298.823608
268   0.570055 -2.875411  228.243210  0.146322  1.718812      32.673847    680.190430  184.683411   7.552527  1.562305  280.636353
269   6.094592 -7.838718  227.862167  0.154724  3.354693      11.301194    715.778015  205.573715  14.892654  1.331146  305.899384
270   9.653245  4.381778  232.097641  0.145568  3.627993      13.251948    669.772522  170.953613   5.708154  0.925995  295.761353
271   4.242416  5.992540  231.666061  0.151739  2.579932       8.212646    685.164795  149.253433   6.811767  0.926625  303.417297
272   1.123239  5.796231  227.012131  0.146298  1.752907      33.215023    701.757568   89.110069   6.164425  1.743860  288.762329
273   0.419315  0.543926  226.473251  0.143567  1.286174       6.697458    749.870056  198.971954  16.521282  0.763095  287.426270
274  13.076298  6.020427  225.826172  0.142569  3.275606      23.072092    719.992493  207.560028  10.275378  1.560628  307.783142
275  12.630155  6.522123  233.289536  0.157371  5.117903      24.685055    691.271484  138.663559   5.033062  0.764792  281.052582
276   7.269501  4.121423  232.817261  0.153049  3.734659      30.537672    719.488831 -248.536926   6.370083  1.020424  281.457031
277   3.393150 -7.092963  230.718979  0.153140  2.876252      27.010227    718.830139   48.166218   5.332542  1.308890  284.770447
278   7.086455 -0.454365  227.493301  0.154950  2.122031      29.503468    737.006104  212.566696   7.241396  1.861095  304.372528
279   0.191290  9.414852  226.411621  0.155948  3.399591       8.499054    730.647278  -74.342155   9.438551  0.791616  297.122955
280   6.225708 -0.572963  225.732590  0.146235  3.383517       9.010107    651.652527    1.022946   8.581872  0.827880  296.743286
281   8.101585 -5.615484  228.320297  0.141533  5.090702      25.589176    672.195679   48.526623   8.352543  1.003222  287.287415
282  10.215678 -4.177911  234.913391  0.150201  3.433573      23.252728    661.154114  150.284637   5.287774  1.586591  300.126923
283   2.035556 -0.341633  230.148529  0.149879  3.160811      21.737329    689.511169  130.223694   5.599430  1.303850  298.432800
284   3.778803  3.123084  234.588257  0.145610  2.874079      22.951103    666.498169  195.294479   7.827651  0.893374  281.159576
285   3.468317 -9.257636  225.282578  0.150724  4.137072      21.114904    671.473633  148.968307   7.938980  1.030185  289.016693
286   0.978028  5.264904  228.608963  0.154150  1.409724      29.020647    676.865601  122.650734   9.239162  1.282264  282.479980
287   4.537235 -3.867158  233.511688  0.151227  3.875098      34.353008    739.836975  103.885841   6.216510  1.377451  281.578766
288  12.786051 -3.171714  225.331024  0.156352  3.978240      34.650360    653.492004  249.477036   7.563490  1.882770  291.712708
289  13.115472 -8.789591  227.226517  0.153607  4.991803      16.631887    721.078064  106.461845   9.076134  1.181005  296.255066
290   8.415779  1.200396  231.344727  0.152997  4.558379      37.171162    747.079407  114.134926   8.151968  1.819516  289.389221
291   2.167501  2.783731  227.038651  0.149820  1.316928      16.736847    690.986206  198.050476  10.050657  1.328331  298.651550
292   0.200795  0.831354  231.146530  0.146984  2.247393      30.915062    702.281799  214.265854   9.765663  1.501171  288.855865
293  12.402286 -7.620856  226.628006  0.157290  3.623981      17.554169    672.985840  -14.349634   7.919352  0.885440  297.025482
294   7.612941  8.210956  225.870392  0.156132  4.661839      24.188011    705.044373  150.748795   5.666552  0.908482  283.935760
295   9.637584 -7.550153  228.037857  0.144427  4.330758      14.543880    748.970093  152.959137  10.597081  0.895399  285.067261
296  13.108390  2.388757  228.131592  0.155683  4.894707      28.851715    704.952332   41.345173   6.436085  1.213466  295.432831
297  11.535214 -3.784933  231.644806  0.147049  5.967727      15.276284    734.557739  224.159515   6.669153  1.054921  289.734467
298  13.879314 -1.458570  228.479736  0.154418  5.475614      18.844902    689.659973  -54.849529   5.600530  1.402270  309.169983
299   7.164350  3.704598  234.044479  0.142246  2.430715      30.631435    679.147583  202.550812  10.061600  1.733253  291.107819
300   3.552771 -0.366200  227.165939  0.155085  3.833959      33.090641    683.099915  191.016708   5.795052  1.365676  283.757507
301   5.518056 -9.682441  226.747620  0.146112  5.609260      30.891836    673.739075  183.205292   9.481836  1.833746  298.968872
302   1.013482  4.605396  231.740921  0.146931  4.841580      36.954262    671.297241   35.417435   6.695234  1.634767  283.723419
303   0.801187  9.085193  232.208710  0.142759  4.662469      17.044653    728.332581  189.349228   8.013223  0.902732  281.637634
304   4.290534 -2.068717  230.054733  0.159356  3.856153      16.976450    673.800110  221.180481   9.852469  1.416526  308.369263
305   6.342837 -7.621626  226.209259  0.149997  4.804577       8.305075    660.093018   91.887863   8.605318  0.716778  295.992310
306  10.478987  0.272265  225.598083  0.141851  4.412145      11.051420    656.161011  242.859619   9.327063  0.923634  293.971680
307   9.786362 -5.243618  227.578232  0.143024  5.449199       6.749436    735.652771  149.560257  10.291438  0.749879  281.589264
308  13.614661  2.235092  231.413727  0.159056  2.883126      18.260878    708.071899   39.721111   7.682678  0.967935  290.526459
309   6.851896 -3.487284  225.363174  0.150862  4.046617      10.980060    692.786011   80.514313   6.717945  0.828853  307.138245
310   7.719934  7.763984  225.518723  0.145920  5.386326      15.900208    696.803894   91.916420   6.506322  0.703443  286.178558
311   4.203582 -3.938068  226.825500  0.153912  2.454925      23.514437    731.858276  228.355621   7.086475  1.495946  298.024536
312   0.462786  3.657708  230.437897  0.141572  1.488833      27.688585    721.207458  152.488373   7.557893  1.576881  290.323456
313   8.905333 -4.460628  225.058472  0.149475  3.077812      17.831474    718.564331  146.782501   9.111943  1.024126  288.051025
314   6.438226  7.422932  228.858185  0.149953  1.016970      29.433971    690.877686  174.166565   8.364055  1.779585  302.792297
315   7.138556  0.521065  230.576202  0.148195  3.918192      29.784180    740.625183 -132.464676   6.937558  1.685033  289.571045
316   0.905867 -1.399984  229.806992  0.154354  1.521866      39.000748    659.008850   -1.029379   7.241633  1.828918  285.243103
317  13.522780 -1.690124  233.159164  0.151921  4.841430      23.190094    704.271484   33.044136   8.524909  1.538476  307.190460
318   2.915295  9.044814  229.237228  0.140222  4.942702       8.678818    728.567993   50.466290   7.331131  0.815940  292.071777
319   4.681564 -2.717415  231.327393  0.145726  3.869206      11.012679    655.171753  141.902344   7.414363  0.887212  309.840057
320   7.150683 -1.092513  230.129410  0.157438  2.793743      15.618380    747.556824  182.832611   7.021480  0.922461  290.754059
321   9.510146  7.675674  228.654266  0.141397  5.229531      21.551586    674.498413   70.948547   7.012476  0.850251  284.971466
322   2.793211  9.380490  231.624863  0.152747  1.344177      32.387482    719.805725  237.393539   9.093137  1.064687  284.386841
323  11.034515 -5.006905  226.301636  0.147403  2.831954      21.372852    733.884521  236.389877   5.580580  1.438055  309.435089
324   2.622177  6.697913  233.575104  0.151615  1.393335      12.183661    689.194702    2.819097  10.486131  0.797739  296.352142
325   7.874122  5.006316  232.223724  0.156517  5.772682      29.492836    743.446045 -137.707764   6.965399  1.625659  301.758087
326  13.436715  5.024677  229.265457  0.140317  3.355458      40.224255    673.484070   79.339333   8.523938  1.837248  288.218903
327   2.088760 -4.495304  231.671219  0.151943  3.759078      10.732574    734.505371  109.164642   8.450907  0.991975  305.106018
328   1.481027 -1.373116  228.011749  0.159225  2.174162      19.792841    704.193481  162.053787   7.744644  1.303669  301.114014
329  10.680617 -7.354628  226.744598  0.145893  3.338602      14.792144    713.228882   56.200165   7.529159  1.210194  299.501801
330   9.377898 -9.931115  228.052109  0.141655  3.075515      31.322941    655.873596  129.956741   7.283224  1.737948  299.916870
331   9.785158 -3.242709  232.010483  0.142838  5.766340      14.744925    707.638123  -19.210884   7.439761  1.468284  303.883820
332   2.622674  0.543089  228.388336  0.152578  1.151658      14.395724    701.074402  239.974579   7.401459  0.710890  290.605499
333   8.967043  2.211218  227.515244  0.140412  1.392251      22.695168    673.078003 -193.340591   6.157257  1.073467  307.820435
334   2.307076  5.564787  225.423660  0.146389  2.923362      21.526711    665.312195   -3.708652   8.831732  1.445649  296.250092
335   3.887611 -6.219812  227.122314  0.140003  3.913872      33.041306    738.091064   14.506886   8.073524  1.632039  281.704834
336   1.052282 -8.012707  229.790924  0.144066  3.979213      21.342926    706.170593   34.720058   5.613979  1.417287  303.126099
337  13.325158  3.407362  230.239075  0.157802  3.011305      20.018278    714.023376  205.970032   6.352225  1.212758  299.392975
338  13.658357 -4.363203  226.448410  0.148902  5.706136      15.305505    740.815430 -132.617630   6.039450  1.679926  309.411316
339   8.984350  6.660385  226.420227  0.151442  2.535686      13.586805    702.729980  149.224518   6.881944  0.636057  286.911957
340   7.934134  3.040094  228.915314  0.154198  2.461205      22.893255    705.707458  197.236237   5.930574  1.495462  306.789764
341   3.518946 -5.135818  227.024323  0.147922  3.629531      29.256189    715.279480  232.258514   5.807938  1.983791  301.627930
342  14.461159 -3.271356  225.140991  0.152782  3.763351       7.523707    731.024109   22.241293   6.554736  1.036742  305.246399
343   3.060040 -6.805772  229.533691  0.147965  5.800731      21.679708    685.265930   32.938843   6.365395  1.938092  301.318329
344   7.093089  9.117726  233.151535  0.144316  4.337619      21.504055    651.421753 -177.257248   6.199462  1.226709  304.827637
345   9.902116  6.423921  226.732941  0.149602  5.600696      34.202309    664.276794  -19.566912   5.329411  1.331954  284.024933
346  10.467093  3.628488  229.099915  0.141647  1.404330      31.286470    708.346252  126.829063  10.585786  1.365828  287.630066
347   9.730055 -8.102674  234.729233  0.154258  4.206153      14.630662    657.442139   58.088985   9.188375  1.273439  303.109711
348  10.505754 -4.014070  227.629227  0.152790  4.436514      26.836119    723.785339   40.265259   5.839290  1.582766  295.044312
349   0.591730 -9.418707  226.363342  0.146525  3.564050      32.826805    703.629822  202.316437   9.382630  1.746175  285.644257
350   6.576996  4.449321  232.780334  0.152401  1.212885      30.834938    700.725708  135.915726  10.526893  1.860894  304.148560
351  10.201311  7.379706  226.760330  0.158053  1.061383      24.825041    662.720520  160.987457   8.863609  1.073519  298.560669
352   9.803025 -3.742631  232.047943  0.155342  4.648862      15.851826    702.655273  -36.477608   6.483357  1.016351  299.043579
353   2.688788 -4.115729  231.114578  0.145630  2.760116      31.370129    722.661194   57.280598   7.700963  1.876010  297.755463
354  12.545284 -0.722458  229.757141  0.142364  3.340614      25.498913    748.328857   50.195805  10.098030  1.969869  307.064209
355   5.471747  7.483592  225.374222  0.145308  3.544579      18.152643    678.925476   14.526637  11.278041  0.749494  289.801819
356   1.966571  8.499047  232.870056  0.156016  1.534775      30.343361    670.975708  216.528336   5.029022  1.258854  285.807587
357   1.920167 -3.445835  228.758362  0.145500  1.989372      24.830788    677.855530   52.754776   5.944415  0.869315  281.446808
358   2.034016 -3.676400  232.136459  0.153300  4.651052      26.978621    749.870422  176.909058   7.144420  1.492154  294.008972
359   2.120543 -8.827947  234.969543  0.146936  2.573122      33.912979    663.486328  225.785446   8.103560  1.536517  286.245422
360  11.798288  4.877261  229.559494  0.142445  1.434083      43.536213    658.158508  100.586319   6.525489  1.844722  288.637360
361   1.352397 -3.490530  226.047821  0.143417  2.571120      16.401361    742.141357  -22.045225   5.910294  1.085065  288.340027
362   9.785524 -6.081738  229.415726  0.153759  3.666504      23.629597    673.064209   87.022392   7.204544  1.166111  299.781433
363   1.851901 -2.614365  226.773590  0.145215  2.380791      31.200933    654.306580  205.434357   6.246399  1.418717  291.801086
364   2.512005 -7.671408  229.849869  0.145072  3.493760      15.910237    653.529236  138.789383   5.083255  1.162913  298.468597
365   4.038860  6.592299  227.648422  0.144359  2.780063       8.040567    712.998962  114.875656   7.863536  0.738991  285.115540
366   5.730706  9.569289  228.006348  0.145384  1.876086      29.833433    677.326965  233.014130   9.595817  1.811434  296.520966
367   3.159754  8.692031  233.587723  0.145342  4.253571      15.272070    704.408936  -21.312925   7.127290  0.968702  303.462097
368  10.110133  1.781348  225.399673  0.153428  4.891111      14.459501    729.158447  224.377670  10.662856  1.063704  300.190674
369   4.315053  7.918277  225.754776  0.153864  3.624719      24.012468    703.571655  149.188232   8.327253  1.543897  308.664368
370  13.055934 -8.113164  226.615372  0.147560  5.784174      22.118046    664.083313  188.848450   9.154041  1.987801  306.080566
371  12.809814 -2.839849  230.743881  0.154390  4.356894      30.594147    702.681946  141.033844   5.510586  1.327187  283.522430
372   5.347387  2.573427  231.081085  0.146969  2.373540      41.247978    685.130005 -137.633224   6.552278  1.963365  282.058533
373   6.549283 -4.621766  227.970123  0.150951  2.784785      28.229122    682.345215  211.205719   8.942048  1.637868  297.962494
374  13.253955  7.192569  227.120300  0.151254  1.723114      29.486628    742.180298  188.344482   8.725491  1.142404  296.642120
375  12.366709  3.825248  234.575943  0.152085  3.717744       7.880531    731.464050  249.578156   7.012504  0.680258  288.984406
376   1.463395 -0.505633  229.841278  0.147360  3.933925       7.361959    709.103149  -18.997145   7.847920  0.899602  306.073944
377   6.395596  4.313389  225.526779  0.153665  2.373128      10.037195    715.197144  -58.871090   5.841634  0.720021  292.919769
378   7.499826  0.943793  226.647705  0.145134  4.922722      16.577839    663.460449  178.242126   7.847495  1.097407  301.567657
379   9.293836  1.287498  233.889252  0.148536  4.569533      36.062519    664.878723  -33.776886   6.790536  1.924989  290.316589
380   5.143596 -4.711809  231.027618  0.148982  3.049237       5.582014    658.566772  180.332947   6.825384  0.692656  297.218231
381   3.296679 -0.261133  230.355240  0.148640  3.014977       8.377959    673.307739 -141.636078   6.809111  0.939943  297.902039
382  11.014215 -1.825418  226.508224  0.157366  4.558111      34.683975    687.800049  -77.239799   6.475088  1.783949  297.309418
383  10.934857  6.333081  225.815964  0.143840  1.718792      21.634977    667.752991  161.104004   7.319851  1.535566  306.623474
384  10.745796 -3.217397  232.735153  0.155584  5.219930      21.471891    667.146667   20.102589   5.908319  1.607744  299.296692
385   0.102344 -3.354373  228.238297  0.153641  1.924936      36.222740    708.624817  236.045975   8.758980  1.533401  283.082214
386  10.563799 -7.327949  229.836365  0.140364  4.201500      23.844259    675.717224  202.795273   8.517003  1.695614  299.175171
387  10.141850  8.019574  228.154694  0.155430  4.542603      35.859177    675.937988  173.004593   7.093092  1.511116  290.665344
388   3.101849  7.594593  234.542755  0.140770  2.094465      23.071224    708.046387  138.079666  10.871732  1.782444  301.150665
389  11.382394 -9.669124  232.310928  0.154791  4.528895      22.368397    711.240356  -42.857315   7.410652  1.941640  294.933502
390   7.481621 -8.068213  232.954407  0.142652  3.305256      10.422250    694.422241  -84.000031   6.380949  1.135053  304.542084
391   1.666566  3.593853  228.347794  0.157699  2.411691      26.783173    723.868591  232.239334   7.328585  1.250444  295.400818
392   3.011828 -2.747819  231.351364  0.141721  1.868476      13.364491    719.214417   98.925262   8.252398  0.914190  288.911682
393   9.439324 -9.784323  228.126419  0.142008  4.398500      22.076633    737.804382  238.524628   6.302728  1.888984  294.495514
394   5.726012  5.821922  227.501465  0.152623  2.836296      24.428200    661.395508  235.744583  12.639598  1.159898  290.317871
395  11.948144  2.992147  228.336533  0.149766  2.936434      33.080002    731.105957  173.427124   6.406718  1.627584  290.616058
396  10.199524 -4.780972  225.164246  0.154482  2.447519      11.571471    697.220337  137.032135   9.845654  0.810774  293.854370
397   8.388627 -4.086866  230.126389  0.154620  3.122380      19.120295    706.437561   58.852543   6.540588  1.148989  301.558563
398   3.115729  4.363762  232.061295  0.145553  3.275843      10.906969    686.670166   -7.966097   7.930906  0.905460  300.236420
399  10.950003 -8.231428  226.173996  0.151258  4.920369      31.121260    700.496033  155.990814   9.181425  1.888792  295.063385
400   8.034859 -4.174415  230.994080  0.143907  1.923958      17.323521    704.291504  -93.814255   5.782833  0.817119  292.084259
401   6.181748 -7.463239  233.173782  0.151722  3.226124      20.651505    713.767517  185.384659   6.274023  1.034017  285.409912
402   2.151055 -7.739095  226.503464  0.142696  4.820965      28.463203    694.655945  163.138062   7.197860  1.273450  288.235962
403  12.665304  5.576758  226.997177  0.146965  4.050668      15.121854    660.988708  -15.333868   7.312847  0.614152  296.390381
404  12.702184 -9.360086  226.069061  0.150648  4.391647      17.491428    683.228882    5.093906   5.332023  1.165719  289.312592
405  13.845373 -2.111531  227.562119  0.158781  2.857630       9.800080    655.291565  169.253860   7.121335  0.775003  297.589783
406  10.422465 -0.348913  233.152771  0.159596  3.591762      27.035742    673.109314  226.994583   6.442687  1.120825  283.140228
407  11.829672 -3.142691  225.366333  0.148472  2.429325      31.968159    736.769897   94.313423   9.790068  1.256221  280.718903
408   5.464821  5.501854  231.877106  0.142235  1.903427      41.102688    662.858154  188.748291   8.343392  1.716403  286.880371
409   4.745250 -5.537566  229.486954  0.147767  5.587252      35.079735    665.726013   27.037439   9.008237  1.830765  289.915009
410  13.931704  0.960968  228.985596  0.148057  3.196047      21.704346    730.221741  -12.689681   6.244007  1.203476  297.363251
411   5.631560 -6.966115  225.979401  0.144051  3.918719      20.960033    696.640137   19.888981   6.501398  1.376389  294.575256
412   7.906093 -3.606356  232.750549  0.151024  3.420024       5.486311    712.147217  113.313118   7.696445  0.947796  307.918427
413   7.824269 -2.899483  225.370590  0.158251  5.578652      18.493250    735.419312  207.356445   5.902106  1.758615  307.829132
414   4.861061  1.220762  230.435135  0.144857  3.862298       6.150662    706.800110   -8.066564   6.077637  0.700402  303.239014
415   0.758932 -3.667413  230.043198  0.146525  1.652084      15.826498    692.111633  186.426224   9.493788  1.364739  305.828979
416   9.798386  4.190250  226.957184  0.144526  4.233313       6.698771    670.835876   48.738964  10.954683  0.643812  296.852997
417   3.100282 -4.613377  234.733597  0.151396  1.390216      30.988495    686.113342 -138.505356   5.981575  1.790724  301.867279
418   6.581147  9.588267  233.880478  0.153684  3.439828      28.741108    668.496704  232.540955   8.593866  1.276573  297.273163
419   9.738522 -2.574448  227.826157  0.157809  1.776505      17.932404    703.270325  111.897514   9.440421  0.770703  282.511078
420  14.047415 -6.109597  231.027008  0.144597  5.196104      16.839157    712.974243  235.303787   5.941258  1.360076  309.186707
421   1.704331 -3.768226  228.010910  0.149097  3.192853      24.139269    729.992859  173.701447   5.833744  1.034772  286.701324
422   6.674564  7.110416  225.221512  0.141697  1.150637      12.504638    689.347778   61.699429   5.015946  1.038383  304.816193
423   8.723631 -3.844759  232.561371  0.146327  4.542623      20.845510    700.737488  -40.282749   6.191467  1.156797  293.290649
424   6.116469  3.144360  229.160889  0.158456  2.875859      20.392208    698.680725  128.067184   7.672185  1.056500  294.399109
425   1.956012  5.607831  228.798447  0.155045  4.138093       5.249184    717.723206   57.070457  10.139219  0.650194  296.199371
426   6.917477  7.161618  226.444427  0.145206  3.911049      37.873600    708.431580   17.274479   6.564695  1.859797  287.135773
427   3.919327 -5.805499  225.859207  0.157342  2.388085      19.072332    725.230774  205.800690   8.249928  1.617535  299.657471
428   5.461231  7.098837  234.144058  0.155711  2.980701      15.017933    682.921143   -7.083982   7.863200  0.833073  298.236359
429   7.790585 -7.706531  234.946823  0.146526  3.129969       6.704286    724.003662   58.115913   6.383889  0.738337  291.763519
430  14.343611 -6.150440  227.204895  0.153274  3.957979      19.393833    743.922791   13.686050   9.539324  0.994617  286.384552
431   9.804829 -5.311238  232.946716  0.154303  3.193848      12.487280    701.331909  205.881348   5.846278  0.745785  280.972107
432  12.016772 -0.576380  228.123962  0.158370  2.114474      45.166641    655.514160  -44.939419   7.276125  1.933955  288.354126
433   8.651346 -8.835948  225.725800  0.158161  3.497929      31.056404    692.481140  168.668381   7.974108  1.666086  288.751587
434   6.498445 -6.905437  228.853638  0.144037  2.602302      21.361670    710.681091  249.781845  12.257804  1.704928  307.461853
435  13.547732 -7.878919  229.211731  0.155574  3.663875      17.861214    659.733765  119.679581   7.394417  0.932276  299.648926
436  13.011248 -3.831799  231.638229  0.150666  2.697186      40.029118    658.228699 -127.352486   6.134885  1.340610  285.795563
437   1.907253  3.281500  225.588638  0.149666  1.406342      32.265934    699.262939  217.989929   5.926125  1.192078  281.168335
438   3.830206  7.717793  231.896530  0.144968  1.231711      27.751974    670.851074  133.109924   8.738045  0.926787  282.552826
439   4.396486 -9.744450  230.097702  0.140330  4.929707      12.724715    684.220581  153.268158  11.168159  0.687602  282.534821
440  14.697585  6.531702  226.380814  0.142759  3.486343      11.691607    662.537415  166.236740  12.702803  0.643856  286.246246
441   0.220715 -2.693947  232.387131  0.141179  1.101536      17.343376    683.410583  231.045166   7.643770  0.790987  289.254272
442  13.264031 -6.977937  233.120453  0.143963  4.431218      23.140827    703.461487   14.173066   5.071983  1.442484  292.643341
443  10.244941  3.467178  227.238541  0.144094  3.477176      20.756962    709.364929   68.012695   7.984509  1.287731  295.860779
444  10.932892 -1.157427  228.651764  0.155840  3.760973      20.170179    722.243408  238.779755   7.936739  1.197215  291.552185
445  10.332168 -4.541348  228.688126  0.144296  5.940551      25.525555    713.073242  209.300400   6.202535  1.919436  302.849640
446   7.101000 -7.083951  230.214111  0.149059  5.723011      25.802652    721.212891   74.031876  10.824705  1.985463  308.232056
447   2.281690  4.601330  230.991119  0.154422  2.995978      32.321331    664.022278  230.240524   5.894433  1.825962  296.895233
448   3.164478  3.771725  227.103088  0.143270  2.242530      34.948589    714.871948  204.404709   5.297081  1.827433  281.475830
449   5.516409 -2.247791  229.698044  0.145680  5.465476      30.143879    693.193298  242.207611   8.472045  1.379597  291.330353
450  14.416432  0.611285  226.082993  0.152084  2.995550      29.038795    695.635498  114.098587   5.149665  1.823308  305.831818
451   3.196779  2.280675  226.194839  0.146154  4.635135      25.919451    662.395935  140.430023   8.281746  1.110447  293.676666
452   4.307444 -1.225628  232.591812  0.148022  2.210464      13.841125    721.667419  185.430847   8.810830  0.787440  287.836578
453   8.551003  7.521770  229.859497  0.152113  2.055165      33.417873    687.182800  208.506149   8.352974  1.223808  287.830200
454   7.210574  5.840187  225.800522  0.150302  5.327889      17.988573    671.387207  249.765869   8.203021  1.006653  298.303223
455   2.476616 -1.285151  226.810120  0.151835  1.455393      26.477058    714.976562  181.645264   7.625414  1.430344  298.940308
456   3.841157 -3.474359  231.785294  0.158971  2.197971      36.106117    664.820374  132.312241   6.458661  1.476557  286.937927
457   4.766884 -7.989055  231.483643  0.150178  3.215786      22.858807    706.065857   64.186134   7.023546  1.797318  297.681244
458   2.135423  8.816674  227.134598  0.146686  2.635006      25.388073    720.535889  179.610336   9.935633  1.926109  304.555878
459   2.158817  8.842325  231.389374  0.144008  4.560438       9.198699    733.313904  220.467087   7.452320  1.028077  303.336487
460   7.622619 -1.680065  233.289078  0.151523  2.823708      25.837400    690.191650   49.043320   8.219702  1.269784  287.225128
461   9.133170 -5.767444  229.370316  0.157965  4.154506      13.671353    735.669739   59.871136   8.066262  1.346507  308.857422
462  10.208540  2.785850  228.127609  0.154582  2.112351      18.353691    741.275024  101.625999   5.232035  1.047312  302.383881
463  12.211233 -5.441228  227.569229  0.151125  4.664181      23.969414    719.500854  194.021347   7.566368  1.415198  303.398346
464   9.077938 -7.167696  234.415985  0.146042  4.634158      31.644287    737.672363  172.028915   8.624751  1.860039  287.677795
465   3.649342 -7.146825  226.941681  0.147568  4.292071      18.042128    686.387634  231.225525   6.940626  0.956425  292.912170
466   2.284526 -0.831082  227.742706  0.141529  1.933528       6.744829    699.249756  216.153412   9.000023  0.849075  293.508209
467   4.653793 -1.945381  231.871735  0.148632  3.231680      21.265680    654.333313  198.786560   5.311362  1.218082  289.704742
468   6.393955  0.911281  227.239700  0.148579  1.527156      23.505743    721.762878  226.390076   6.991281  1.431292  303.193390
469   4.472138 -4.830179  229.573486  0.149929  3.366637      31.326777    749.828064  147.105743   7.788791  1.621674  284.192017
470   1.497755  7.186986  230.039749  0.145370  1.799768      28.354870    700.332336  223.830261   9.516918  1.458946  290.729095
471   9.368638 -1.124504  225.839355  0.151956  2.402322      25.617231    684.252808  -24.527626  10.079452  1.692144  309.285553
472   6.219522 -9.941140  231.816925  0.145218  3.328362      16.507896    702.972229  216.711578   5.970578  0.902924  291.490112
473   5.036060 -4.017385  227.148102  0.150189  3.476456      28.458225    664.534912  175.860184   5.565987  1.305086  282.596069
474   1.171895  4.327533  232.827133  0.159880  5.081059      21.433886    653.113647  203.076172   5.455916  0.842212  288.638641
475   4.864038  2.782392  227.196167  0.157394  1.829108      31.414764    667.526428  159.548630   8.601419  1.863365  299.475189
476   6.078166 -1.988505  226.596237  0.147793  2.207460      19.346193    749.736145  150.694351  11.209977  1.745864  309.444702
477   7.828142 -8.089156  230.460388  0.148756  4.484911      18.543169    724.741455   32.372612   8.040247  1.263958  287.938538
478   4.806199  2.715887  230.238190  0.157308  1.794037      19.286633    661.076355  105.778908   6.190903  1.037146  293.483307
479   5.210330 -5.248549  228.939163  0.144799  4.521192      24.343489    741.438416  -89.161926   6.119081  1.934431  307.782318
480  13.905519  3.179823  229.234192  0.147581  5.936836      23.626091    666.637207   18.134199   9.314416  1.360739  306.297394
481   6.137686  9.532731  228.588898  0.142338  1.951433      18.281826    709.631714  212.495987  10.938696  1.404119  308.567169
482   1.111614  2.723808  233.124573  0.155299  1.079018      31.467798    732.959717  245.523117  10.992549  1.769166  293.255371
483   0.207617 -0.663447  232.289368  0.146568  4.996618      15.776249    735.889526  132.265732   6.412910  1.360702  297.767609
484   4.936476  6.216240  233.469177  0.144099  3.119331      30.328480    661.550354  232.754074   8.391993  1.372966  285.596252
485  12.396073 -4.155554  232.195038  0.143961  2.986770      28.609058    665.820312  114.676186   6.500910  0.807624  281.431366
486  14.411025 -7.230314  227.496948  0.152395  5.104889      15.708570    719.709717  230.220261   6.688555  1.227101  301.243622
487  11.792833 -3.600946  229.571487  0.157419  2.516735      16.903225    695.244934 -145.074020   9.525794  0.648618  287.524597
488   0.720903  6.058690  229.515015  0.155924  2.477720      20.718382    715.836182  123.064339   8.285556  0.919276  288.900238
489   5.095700 -2.411027  230.947403  0.143994  3.327646      16.956553    740.529114  230.376099   7.579951  1.562799  306.455658
490   1.503462 -4.984425  232.717712  0.142851  3.439040      21.259998    687.194336   74.278206   7.055871  0.875864  287.743896
491  13.707501  0.556796  225.171066  0.145050  3.535708      33.373978    684.230713  218.281570   8.261807  1.199101  288.139221
492   2.815904 -3.832655  234.561996  0.141159  4.891371      20.116779    744.053650   81.214104   5.482719  1.541511  304.993195
493   6.767117  5.307869  234.231323  0.150872  2.015320      24.411816    672.321167  137.528778   7.821048  1.137507  299.263397
494   1.359675  4.690458  228.678909  0.156029  4.980714      15.650802    705.889038  204.234177   9.295637  0.806656  294.965698
495   8.825239 -0.866339  232.013947  0.143229  5.299147      18.272303    736.080933  -85.810677   8.119885  1.223067  299.089630
496   1.365480 -0.879276  227.527267  0.152215  1.778386      39.295063    730.166077    8.997665   5.767693  1.954255  281.373352
497   6.386227  8.059889  226.415466  0.149667  5.386355      22.713469    727.198975  166.156921   5.057926  1.088898  290.522919
498   3.449359 -9.685286  227.903702  0.156290  4.298926      12.719234    747.858826  155.923660   7.659228  0.954751  296.499664
499   7.270297  3.175547  231.705887  0.145870  4.901760      41.188400    656.804138  129.466614   7.301396  1.932131  291.246826
500  12.863478 -5.044353  229.913513  0.150475  4.321825       7.009211    748.853699   45.155354   9.617043  0.671674  293.091553
501   4.205338 -6.026365  227.265945  0.157495  1.278482      18.058046    657.047729  157.315674   6.971898  0.708266  289.420197
502  13.470772  1.811226  226.187057  0.140042  2.183381      28.260218    681.814758  199.093796   8.163708  1.041502  281.218353
503   6.255242 -2.085751  226.336411  0.152299  5.076256      30.861378    689.478027  239.807053   8.014645  1.384267  289.477234
504   0.559799  3.771977  229.766541  0.146126  2.487263      13.910622    659.990173  162.432434   9.532408  1.248001  303.573730
505   5.513453 -4.266086  225.238358  0.143401  4.326810      19.556273    654.364990  -24.568615   5.605279  1.023775  288.110687
506  10.664895 -2.200465  234.237427  0.147918  3.477962      25.818678    661.507568  167.201508   5.271987  1.197613  285.749542
507   9.491663 -8.176206  228.524597  0.145605  2.809122      10.668420    747.042480   45.678963   8.686393  0.873465  297.053040
508   1.065356  1.378927  226.909348  0.156727  2.504059      15.085507    700.899353  169.303879  10.310881  1.358551  307.233917
509   0.454611  2.184479  227.923843  0.143416  2.857386       9.547935    657.902161  242.415558   8.364671  0.790044  289.156128
510   4.278820 -3.375487  226.278229  0.152007  1.891816      17.114109    719.529663  170.115585   6.984801  1.188512  299.386932
511   0.849621 -3.280936  227.204926  0.146461  3.447111      22.104815    718.135498  208.629700   5.503561  1.476051  298.111664