           lon        lat         inc      D1AU     delta  launch radius  launch speed    t factor       B1AU     gamma         vsw
0    28.764795  28.950117  188.792816  0.314468  2.542848      17.710690    637.576843  221.409622  12.766981  0.989392  447.492188
1     4.054378  21.647455  169.565643  0.289431  2.642792      16.084379    648.615112   17.616282  10.680363  1.853241  350.300201
2    18.805912  17.439241  178.789383  0.235998  2.723514      10.267507    424.111298  189.042709  11.817316  1.329799  442.459045
3    15.585600  16.026098  170.527969  0.212707  3.440324      13.344344    554.734253  146.680756   9.861739  1.042343  337.572754
4   -20.961023 -21.827848  179.457962  0.266252  2.484603      14.158589    923.946472  143.620804  10.732658  1.599871  375.822968
5   -10.676836 -38.066582  195.007004  0.330525  3.428109      10.742178    400.262177  237.810425  10.360267  1.836050  429.116425
6   -18.135149 -27.010092  176.404343  0.263812  3.381631      12.252454    404.798157  108.201797  13.456008  1.946399  396.703796
7    26.278786   8.572735  180.083237  0.242846  1.416836      13.635209    480.888824  227.718597  14.662570  1.920183  438.531769
8    16.564585  22.467760  189.721924  0.208582  3.710878      10.821367    414.682556  221.945557  10.316689  0.593404  396.966766
9     4.185965 -17.119699  184.365356  0.208804  2.656615      15.055141    439.628723  -19.533848   8.466281  1.517453  355.058289
10  -10.528323 -26.547911  197.750198  0.217646  3.326353      11.464100    427.644836  136.157379   9.973676  0.507491  371.498779
11  -26.505405  -4.126729  169.907913  0.204827  1.280085      11.238134    510.095581  119.472717   9.739861  0.658051  395.265198
12   -5.550668 -22.822533  181.714935  0.244993  2.955255      15.556896    538.009155   36.312222  10.678015  0.925262  327.009277
13  -13.240355 -33.100849  184.565170  0.299910  3.494442      14.846227    696.316589  204.627838   9.525625  1.498110  342.506470
14  -31.077917 -25.877439  174.071564  0.244517  3.918289      16.845669    478.168793  246.744888  11.957095  1.182688  414.421143
15   -3.718350  18.713083  195.583664  0.209111  3.611917      19.408852    562.884216   17.291431   8.191327  1.962621  330.010956
16  -26.524038 -21.124115  182.610092  0.267491  2.255860      17.969660    670.584961  240.881149  14.749263  1.131734  399.417175
17   -5.712405 -27.747171  186.395920  0.296348  2.830613      17.247765    587.021790   35.247707   7.866883  1.328463  343.283356
18   -8.105555  16.161144  180.461456  0.269668  2.033584      19.933752    696.916199   51.727459  10.364954  1.499336  351.398499
19    2.402192 -24.242594  195.898087  0.245368  3.269919       8.095457    517.540527   97.747192   9.231826  1.865863  352.829529
20   20.553719  18.042505  177.674530  0.233041  2.809184      17.724731    739.881592   79.006844  11.604515  0.953714  340.806091
21   -7.069986 -18.678093  193.910248  0.256379  1.986971      13.704247    496.140961   56.658970  10.066118  0.819444  359.589233
22  -10.327093 -28.305763  199.995926  0.267486  2.852738      10.925551    452.932220  206.086594   9.386827  0.311834  361.208282
23  -10.073372 -27.731014  190.229889  0.281518  2.989598      12.372074    410.664978  204.926697  12.334245  1.463552  399.984802
24  -15.139761 -33.865818  186.631088  0.298069  3.431072      19.432581    822.869080  223.430939  14.963611  1.950994  351.430695
25   13.472450  21.588243  164.421066  0.315829  2.497645      18.694368    969.290955   61.163826  12.000921  1.797207  345.055450
26   -1.102901 -20.156853  194.284393  0.220026  2.980297      10.198197    462.142761  174.935074  11.846390  0.752599  338.191040
27  -22.066919 -22.701777  189.007034  0.256113  2.191428      19.294664    585.236572  189.843521  13.172392  1.071440  396.673553
28    5.505709 -24.689747  204.783707  0.236616  3.396425      15.192525    857.169678   76.192413   8.936105  1.491073  321.282379
29   26.380266  12.005968  188.801880  0.211633  1.417598      14.734682    845.673157  218.983383  12.192026  1.305052  391.738037
30   17.262945  23.045778  178.440903  0.264157  3.077646       9.445890    949.256165  194.015732   9.458328  1.849384  370.267609
31  -27.023741 -29.052929  168.447723  0.275060  3.955878      12.450466    550.393311  180.648819  11.584414  1.774577  375.184662
32   17.213293  11.676717  190.658157  0.220634  1.465945      16.175518    565.924133  229.716934  12.993356  1.613726  381.499359
33   15.940513 -27.811480  183.850586  0.315457  2.755184      17.281385    831.138672 -122.036674  11.199810  1.217593  338.822113
34  -20.185173 -17.033363  176.615433  0.225947  2.589035       8.245890    772.138611   54.774746  10.279276  1.741186  382.940887
35    9.880226  21.929907  183.406265  0.231887  3.511935      10.404037    530.087524  191.656189  11.185824  1.349970  351.686676
36   11.115403  18.458853  190.252869  0.234032  2.669928       8.148472    436.875824  157.615082  11.671599  0.353484  360.797974
37  -24.536310 -30.681746  184.082199  0.259547  3.505963      12.174175    618.617432  142.035660  10.493323  0.474797  347.454468
38   -2.299140   8.490865  187.241379  0.200506  1.710919      12.405970    893.382263  103.457268  10.013864  1.330353  332.237335
39  -31.113785 -26.636536  181.107208  0.235507  3.420578      19.514151    580.348145  192.363922   8.882488  1.033608  408.354736
40   13.884434  19.822771  181.738495  0.216562  3.604325      15.580797    452.615051  230.176697  11.658808  0.972019  350.706573
41   16.484104  13.875123  200.269516  0.209074  1.435773      13.452259    633.866638  166.697388  12.463283  1.545294  382.870697
42  -16.755028 -26.995398  186.686859  0.231229  3.415098       9.893288    605.705811  109.504143  10.901453  1.588626  374.147186
43   15.792921  28.591686  193.748993  0.256923  3.517336       8.916598    788.584229  153.140961   9.946963  1.443086  373.919739
44  -26.617147 -16.100834  165.402725  0.258398  2.775957      10.252777    968.105408   88.326210   8.847591  1.810335  384.924316
45  -24.809998 -20.480103  180.731613  0.239122  2.495331      18.958595    584.503845  109.133652   9.750288  0.897955  377.839600
46  -29.777195 -18.943529  162.170898  0.266525  3.238698      10.622305    948.941162  237.164139  10.306677  1.113627  363.532104
47  -11.818740 -22.075661  179.651688  0.269878  2.483643      18.974831    570.278564  136.176743  10.127690  1.703125  360.043488
48    0.595769 -18.170670  188.405869  0.206618  3.003420      19.561508    520.850037    6.057428  11.686425  0.885844  313.502838
49  -13.002743 -24.703627  195.330948  0.214044  3.374687       8.497584    476.690582  167.074921  10.915594  0.382932  344.400330
50    9.225775  19.532713  173.369598  0.247696  2.923251      12.748190    813.142944   74.228607  10.220357  1.300905  332.896576
51   -4.074839 -20.081917  179.430634  0.221861  3.046325      18.204769    531.538635  -20.895302  11.335535  1.914278  341.106659
52  -13.872575 -19.302580  171.954346  0.232872  2.877203      11.318220    500.172089   90.061180  12.855025  0.536278  326.667236
53  -21.022709 -20.593351  196.757629  0.268776  1.429796      13.698006    469.725159  138.013596  12.165640  0.431452  448.681519
54  -29.201380 -12.732122  164.044998  0.216129  3.133984      15.226505    484.712311  207.308655  10.340647  0.821417  393.862427
55    2.850792 -22.468971  179.667984  0.210001  3.555420      15.816188    712.859680   35.915482   8.748348  1.778894  331.570892
56   34.125607  20.630302  173.720474  0.269621  3.143149      13.221673    682.164795  231.545807   9.272136  1.981674  442.387787
57   16.771252  20.743198  182.221100  0.210329  3.735711      14.040166    668.858276  168.996414  11.844728  1.423062  350.056671
58    1.871901  20.332331  182.132675  0.211655  3.667387      15.312489    934.133850  139.187515  10.102359  1.002192  294.340057
59  -19.283667 -15.459535  173.796112  0.249457  2.096499      17.407021    846.525757  130.026184  11.729325  1.060826  350.265961
60  -30.182865 -14.299012  185.795715  0.200534  1.627368      15.541137    807.337402  136.768311   7.844813  1.139223  405.416321
61   29.000240  22.322044  180.482361  0.235651  3.302355      11.147702    740.543884  239.142731  11.590420  0.946662  392.596344
62   11.707486  18.971340  181.968124  0.252431  2.689505      11.566569    408.134766  249.421005  15.972471  0.830103  422.827209
63   32.857849  -2.184523  168.781036  0.203433  1.071267      10.952809    655.646790  199.889297  11.715130  0.229292  339.242096
64  -18.028803 -22.331656  177.951385  0.219704  3.456287       8.394636    937.498108  248.389771  12.292553  0.622968  296.347687
65  -26.631308 -23.534002  179.710968  0.230821  3.307860      16.743685    715.371887  175.632751  10.497088  1.316076  384.610535
66  -20.179161 -20.358433  186.969955  0.205466  2.804328      12.070740    610.660645   95.698380   9.424203  1.546297  381.224792
67    6.205702  32.325836  179.834503  0.297040  3.902004      10.679221    450.580597   31.691025   9.401495  1.324597  330.294403
68  -20.014679 -24.356710  173.672150  0.233420  3.637919      16.038427    554.185059  153.714249  10.674747  1.061121  341.433441
69  -19.712040 -17.629217  179.149918  0.200990  3.048252      17.519466    402.023407  244.028961   9.853292  0.377171  388.179993
70   11.247426  25.519917  194.867325  0.225060  3.575332       9.773014    584.650208  220.837189  10.535059  1.827707  368.898560
71    4.749007  28.156425  172.141830  0.320437  3.033489      16.202656    690.779541   47.164856   8.859003  0.500936  265.924500
72   11.714511  19.435801  173.732742  0.251281  2.821906      16.603563    872.423889   68.632423  11.480628  0.959495  313.360443
73    3.598234  24.664198  189.050339  0.234635  3.948323      16.490305    668.207275  219.173920  10.890007  1.129796  306.757507
74   10.016732  23.303234  187.803619  0.228498  3.510369      10.381435    526.757019  187.972672  11.103251  1.500734  362.265198
75  -31.638845 -15.762585  172.353607  0.298846  1.905439      16.417727    559.882385  103.341690  13.709658  1.423787  442.158081
76  -30.058502 -23.860088  169.589401  0.268864  3.346842      11.575693    522.870300  242.953583   8.280501  1.116291  407.117828
77  -26.577097 -19.622261  186.744888  0.236679  2.128695       9.284790    510.970612  158.603561  11.506129  0.862620  422.121155
78  -12.032209 -21.862089  189.968216  0.214374  2.813944      15.241965    861.800659  219.608826   9.326814  1.272621  337.966675
79    1.886458  25.384800  199.613525  0.236301  3.669676      11.891460    814.861633  130.822189  12.107804  1.806965  335.967133
80  -28.564608 -28.004890  172.079178  0.304347  3.233474      13.061954    895.195801  173.963196  10.183391  0.612085  332.972137
81  -29.376726 -24.969898  177.841736  0.235942  3.554629      12.665282    698.316589  187.231766   9.807454  0.650631  365.053040
82    9.131798  21.497538  174.541611  0.227894  3.673956      12.512363    531.774414  106.727837   9.284112  1.067935  331.232941
83  -18.123047  -8.973207  180.816010  0.210703  1.225460      13.292695    568.210510   64.454552  11.214741  0.900270  360.745575
84   20.552229  12.595987  162.906876  0.217727  3.077672      13.901296    501.726990  169.257919   9.530411  0.417980  324.225159
85   -9.979293 -16.364059  194.094681  0.283459  1.291692       9.106950    638.614868   36.355034  11.791574  0.734031  370.846527
86   22.193153  17.691601  172.507187  0.224679  3.316508      12.724726    748.500061  186.652863   9.585100  1.798303  367.726379
87   27.302145  17.087103  190.972870  0.243472  1.632411      17.645496    608.058777  189.385635  13.224723  0.754405  411.742798
88  -24.807077 -26.250641  178.776688  0.286712  2.819738      17.901159    733.087891  177.767502  11.330832  1.782852  392.866425
89   10.894402  21.504841  200.488495  0.213218  2.999194      11.919548    443.367645  145.366135   8.112140  0.639397  364.292725
90   -2.619140  25.155109  192.811447  0.241889  3.710400      14.474078    596.250610   56.182159   8.941021  0.731234  292.090210
91  -26.215511 -19.914953  178.708405  0.279683  2.173239      19.630810    665.260864  114.254753   9.754112  0.380313  327.823730
92  -10.619443 -31.647636  187.881149  0.257211  3.943676      12.154994    827.681580   98.179672   9.226171  1.095771  316.270782
93   -4.285213  23.501463  197.653030  0.231495  3.868427       8.597134    606.495239   89.789497   8.325347  1.523954  330.153992
94  -10.616329  22.812643  182.544556  0.233994  3.678200       9.559047    595.790833   -8.847799   9.183671  0.916999  321.005127
95  -11.101848 -30.232590  187.105148  0.257712  3.738569      10.537521    789.325562  180.293503   9.734023  0.822986  303.192963
96    8.326446  29.586573  188.670868  0.303532  3.214577      15.502706    594.846375   84.615715  11.261368  0.942623  331.563354
97  -25.551834 -26.795748  180.276642  0.242414  3.635867       8.666590    834.508911  175.441483  13.416400  1.005789  366.383453
98   -4.592492 -21.795279  185.661179  0.208716  3.490420      11.927049    530.190552  174.224594   8.980589  0.624488  311.542816
99   17.600477  20.937860  194.198029  0.208319  2.831816      11.747597    428.993317  101.412773   9.761428  1.984435  443.648773
100   9.286110  26.881975  192.191574  0.276422  3.098027      11.956586    831.014648  134.212448   8.088402  1.194794  334.747253
101   7.909262  20.837019  184.606934  0.223871  3.369560      12.321390    488.122986   80.908798   9.464650  1.057431  339.764862
102  -7.341460 -25.857780  190.534073  0.204121  3.911659      15.010355    721.311279  152.080841   9.521737  1.976903  338.666382
103 -13.632212 -22.399557  181.752457  0.270105  2.450081      11.833765    601.583496   58.602985  11.529834  1.110771  361.465576
104  20.102833  19.297083  185.861115  0.238665  2.454873      14.828404    695.690674   80.306625  11.673061  0.421831  314.640442
105  21.810217  17.376068  168.313370  0.203627  3.940168      11.766574    760.755371  214.399338   8.166413  1.678600  354.060730
106  19.989840  18.976086  173.398148  0.280897  2.538031      13.489870    499.333038  116.547836   9.948927  0.893717  375.566956
107 -22.449127 -24.008366  190.434647  0.225272  2.851991       8.840846    505.861328  179.956711   9.715770  0.227925  346.349365
108   1.554318 -26.763073  200.471756  0.248803  3.488310      10.577594    521.350403  180.973511  11.270986  1.837713  345.648102
109  10.504864  18.653336  173.452194  0.234104  3.019284      13.578508    409.252930   98.097916  11.044152  0.875229  366.945496
110  16.955816  14.570027  180.688721  0.252160  2.027460      18.030197    873.020630   64.549171  11.468354  1.782096  371.240326
111  -4.689817 -27.831339  192.024170  0.282927  2.842453      18.752645    645.475769   53.411011   6.382914  1.001162  323.878113
112 -23.827740 -15.946362  187.089386  0.251712  1.405319       8.947019    822.286133  188.816055  12.963295  0.301523  305.544586
113   9.577861 -15.696445  193.838364  0.206596  2.987350      13.242397    484.353516   81.095703   9.725926  1.704707  350.729218
114   3.429794 -24.134750  200.263428  0.279712  2.663899      19.092731    974.799683   63.008141  10.513836  1.625631  324.671265
115  14.822571  18.118746  180.069946  0.220083  3.054536      15.779272    522.215515  156.472366   8.907470  1.634515  363.303070
116  20.120087  15.389760  176.801147  0.222823  2.785757      16.701155    709.576660  166.037643  11.366682  1.309438  353.964050
117  -8.992252 -36.890965  204.927628  0.307236  3.214504      10.364621    573.797913  172.373535  10.345860  1.078038  384.156647
118   5.073764 -23.902069  175.635498  0.204917  3.956633      15.270004    555.160461  -37.302032  10.428611  1.067252  312.794922
119  31.705683  14.683619  174.988007  0.253376  2.475971      15.621338    946.781982  228.987732  10.519641  1.761765  416.760834
120  30.699566  22.792652  185.944214  0.245008  2.790624      14.539371    986.437805  249.593735  13.527371  1.280610  418.708710
121 -12.462780 -26.116810  187.143982  0.271279  2.839980      16.089474    586.428345  146.690872  13.443976  0.990830  341.609039
122  15.845679  25.673933  195.630569  0.240000  3.138644      14.812209    565.252014  161.214142  10.791593  0.355753  317.812897
123  19.439188  20.145447  181.109665  0.222569  3.386133       8.006012    768.032532  227.486298   9.917235  0.864875  335.848328
124 -32.806278 -11.628590  168.996368  0.244685  2.239689       9.592028    994.006470  160.547424  11.457531  1.137074  410.473816
125 -25.024910 -15.344823  182.385681  0.239740  1.783798       8.866234    940.801880  173.080399  15.550536  0.998747  377.444122
126   2.335613  17.628630  191.577515  0.202457  3.106428      12.035841    505.343567   94.953308   8.903845  0.773234  327.207367
127   3.932669 -12.437497  181.907013  0.211112  1.899193      17.537666    422.724548   26.760025  10.809779  0.526094  338.890381
128  15.169846  29.357275  181.525436  0.288886  3.480432      11.863426    681.233276  122.723213  10.290923  0.605434  307.779144
129   6.463279  22.483040  179.269897  0.264155  3.048445      12.574502    523.350037   17.234341   7.560974  0.443159  303.171051
130  13.155244  33.273849  181.002777  0.310501  3.884185      15.769515    463.098602  234.405640   9.594744  0.265479  270.557861
131  29.088512  21.778997  173.419556  0.338500  2.364126      16.913473    541.931519  239.497665  12.005878  1.562230  437.874115
132  17.599600  23.940275  192.898239  0.272330  2.576662      12.708117    595.502869  138.451370   8.199292  1.052325  386.950256
133 -25.504471 -17.820190  186.453842  0.232105  1.854049       8.499352    745.316528   92.235054  12.893325  1.590827  424.521057
134 -22.433859 -18.652716  187.656799  0.225864  2.084569      18.780010    442.902222  168.492569  16.547007  1.272283  411.397400
135  12.653166  31.403582  189.884232  0.293306  3.441120      16.957870    747.321533  233.580093  16.503738  1.938994  356.041779
136 -10.011057  24.050529  190.278519  0.257958  3.685916      11.959458    669.994934   54.868134   9.103894  1.431493  324.586304
137 -17.722603  16.821699  180.360962  0.226392  2.708664      12.150393    760.942932    0.505056   7.502297  1.301425  354.065887
138 -38.521542 -12.147974  173.637100  0.229173  2.152934      17.857441    707.379700  238.476822  14.523020  0.725108  431.331177
139  -0.401838 -15.222595  173.089706  0.247316  1.845739      14.607320    727.999634   46.096943  11.456934  1.890978  354.898468
140  21.002020  11.698230  189.649536  0.212233  1.427982       9.220494    867.541382  120.196106  13.063450  1.358006  386.354126
141  -0.832573  29.799400  166.900055  0.324864  3.094112       9.328845    454.909576   -6.389976   8.854697  1.637008  369.203918
142 -15.234966 -30.304825  188.866089  0.258454  3.572405      10.716492    494.009918  210.700439  11.430641  1.282407  367.433594
143   0.220452  21.408775  174.708633  0.312823  2.188981      18.342493    797.976807   -1.536180  10.844897  0.545166  291.044067
144  14.794353  15.689953  182.183823  0.263131  2.048402      14.010138    423.289825  122.139656  12.307825  1.310198  419.707428
145  16.040956  14.897267  178.227142  0.231961  2.405417       8.736454    810.107727  173.867584  12.229942  1.411159  366.648346
146 -15.486335 -13.722328  182.154449  0.250868  1.566542      16.337435    888.931030   27.700510   8.719453  1.092901  348.506714
147  28.457825  14.303688  178.877487  0.225600  2.388951      14.119886    806.159058  177.591064   9.864943  1.274244  395.560547
148  19.901472   8.189312  162.063873  0.241819  2.075024      19.810740    807.537354  152.425934   8.821364  1.051795  339.874756
149   8.874683  22.520969  177.381027  0.225677  3.737217      17.150084    567.088989   89.068474   9.942091  0.775476  306.441803
150  12.697164  18.119318  205.577133  0.251572  1.604585      15.816553    414.483734  148.698883  13.619749  1.664463  443.076752
151  15.894682  23.012659  167.827286  0.310517  2.798463      10.544753    446.088379   97.457161   8.890341  1.117022  383.437775
152 -12.259355 -29.989954  188.687531  0.232231  3.971270      12.872775    862.443542  237.711731  12.522184  1.622230  337.096710
153 -27.126190 -26.326509  175.505600  0.262217  3.425658      11.035577    577.735413  126.660164   9.752819  0.334618  325.270569
154  17.283167  18.293327  175.727524  0.229056  3.172723      14.618471    500.586884  143.522232  13.012518  1.704978  363.734283
155  -4.076772 -23.803928  187.623642  0.239982  3.104783      13.960565    496.853119   65.991814  10.553894  1.505418  349.252014
156   5.259270  26.239555  174.658783  0.266337  3.556182       9.165127    915.184387  -20.756235   9.757959  1.985958  331.466187
157  -4.321959 -21.319387  172.183273  0.288020  2.265019      14.985146    864.670532   17.791845  12.140003  1.638020  348.119385
158  -0.179536 -22.272476  194.788269  0.256653  2.621640      11.444324    865.095093  111.666870  11.876933  1.502038  340.296509
159  -0.374492  25.664974  197.619751  0.244511  3.836687       8.412651    905.563904  115.909050   7.715353  1.469759  323.777008
160 -31.616133  -5.737019  168.480576  0.222904  1.680733      11.722674    568.498596   95.187996   9.637531  1.987748  447.480377
161  21.425491  33.451061  186.268356  0.324755  3.250921      14.712255    781.528748  242.494843  11.410701  1.352050  380.701721
162 -14.112742 -21.693913  182.196457  0.268681  2.362357      17.223560    591.028687   45.193378   9.848501  1.539168  368.217468
163  26.793764   7.871970  172.706512  0.213199  2.045386      12.944438    804.464233  248.434006  16.217142  0.636901  346.646484
164 -19.418045 -19.104994  181.807495  0.263637  2.144501      19.703743    600.673035   54.272873  11.460868  1.854084  386.719543
165 -23.685520 -25.487465  188.450226  0.200479  3.475710      15.824685    656.403809  246.917114  11.092359  0.334052  302.499817
166  27.150955  19.880053  187.840973  0.259457  2.140621      15.068294    556.264526  203.940796  12.321895  1.148919  439.031769
167   8.465397  10.243773  190.620926  0.208873  1.625869       8.993189    597.472290   86.407524   8.405706  1.367330  372.927795
168  -1.184895  23.758408  172.625015  0.254045  3.344235      18.519001    439.922424   -2.238574   9.931447  1.274407  334.395416
169  16.900476  17.120617  161.315170  0.202130  3.936244      15.282437    484.587769  215.185394  10.461023  0.948688  331.406708
170 -11.192770 -22.550760  190.078674  0.203118  3.390177      13.728017    726.666565  132.993378  14.028376  0.986413  325.219513
171 -27.911512 -20.038475  181.577911  0.231710  2.661880      12.894406    656.659668  231.387177  13.286817  1.271581  405.026489
172  29.453039  20.965809  184.686264  0.228967  2.985280      12.974239    808.354248  241.490524  10.494960  0.874393  388.878143
173 -11.329359 -20.789583  171.617996  0.241645  2.840019      18.695635    916.400452   87.202888  11.471678  1.587972  325.662811
174 -27.749451 -20.755604  196.082077  0.202156  1.822436      10.480970    880.599182  178.303833  10.321157  1.537766  415.635651
175  -2.230514 -14.035254  180.542587  0.218686  2.063275      16.255625    929.505493   43.272942   9.202907  1.342840  327.976624
176  32.612083  20.005665  181.337189  0.278741  2.386738      19.109350    583.044434  196.074158   9.709860  1.309337  447.462524
177 -15.757962 -30.732832  178.639191  0.259821  3.860290      10.871611    575.406677  111.574120  12.465679  0.520051  301.996185
178  19.027723  21.387016  182.167099  0.226654  3.331211      10.414051    740.697693  171.321075  12.112697  0.860675  339.978790
179 -28.109053  -7.141764  176.145905  0.214104  1.276324      14.320576    681.522949  227.350815  13.403670  1.706616  413.395691
180  -0.159645  21.566511  167.821289  0.281104  2.545180       9.696613    544.314148    4.991632   9.350637  0.799681  345.004913
181 -16.079615 -21.617764  179.051086  0.222380  3.210892       9.826407    641.257751   15.975985   9.606081  1.730702  360.510101
182  10.230248  -8.731186  179.237473  0.209572  1.211160       8.182893    820.905151  -57.975891  11.870568  1.020774  339.108917
183   0.458351 -22.258139  185.817520  0.230631  3.204908      11.292276    411.723114   55.495895   9.453170  1.350964  363.929718
184 -20.231915 -19.702517  181.318253  0.244594  2.449067      17.803265    758.023987  234.691101  13.936852  1.035547  347.569397
185 -19.525969 -25.551947  170.556549  0.294316  2.970331      13.043049    417.497162  161.705383  12.173303  1.515442  410.940460
186   1.065398  19.746328  185.502960  0.249181  2.817571      12.739699    465.586426  153.810150   9.599833  1.865023  368.902466
187   7.031863  20.792843  189.650360  0.244769  2.932867      15.853207    680.359009  137.479416   9.591540  1.505748  339.985962
188   5.211675  26.507452  187.722229  0.286402  3.071066      11.883314    597.099548  166.385086  12.577317  1.722223  357.879120
189 -15.808741 -17.065451  166.284241  0.275111  2.224164      13.795314    565.055908   94.811592   8.189425  0.469844  322.850800
190 -14.931857 -26.048632  169.572052  0.258162  3.470896       9.510172    489.554016   91.130493   8.278596  1.294747  353.474243
191  19.206661  21.490839  197.223663  0.255739  2.008829      17.044861    808.281006  160.610016  14.343545  0.266817  263.600128
192  19.758766  21.792543  195.719757  0.294066  1.779747      15.716706    788.946960   93.861542  10.481061  0.891269  391.241119
193 -26.680140 -17.634542  162.512085  0.262908  2.949326      19.771769    904.924377  225.441162  11.978449  1.146062  341.326599
194   3.299124  21.339939  178.023102  0.204271  3.996943      14.596615    766.193176   35.898735   8.626702  1.030759  298.705902
195  10.870517  21.117626  178.539993  0.234539  3.435037      14.396775    852.946533  220.586060  11.296242  1.800517  336.120178
196  -6.694403 -25.502581  192.649536  0.230119  3.598504      15.974540    419.548248   87.314804   9.751494  0.991670  348.606018
197  -4.327432  19.746620  190.974304  0.214857  3.440890       9.104888    798.201538  159.087662  10.415496  0.647825  281.219421
198  24.387638  17.288700  186.051208  0.202370  2.741966      11.982965    814.835327  240.928940   8.942456  0.340351  285.302979
199  -7.910646 -29.640320  203.697205  0.305082  2.417989      11.958087    564.508240  120.848480  12.172904  0.268117  310.353577
200   1.023451  38.066917  203.134399  0.340894  3.652401       8.838279    418.688965  162.868362  11.520811  0.804785  364.499420
201  16.102015  18.412975  189.169510  0.207485  2.844112       8.882597    502.248016  109.350975   9.952181  1.585919  389.367920
202  19.787271  20.433178  179.928284  0.248142  3.126845      10.322626    428.873810  225.883362  13.600722  1.067068  408.433807
203  -3.180094  16.010166  199.211365  0.259451  2.277004      10.051290    610.307495   58.652054  11.946387  1.396920  359.229919
204  -8.770833 -20.666584  170.277313  0.207053  3.444324      10.712319    677.982727  107.427368   9.299932  1.553712  342.075623
205  18.908289  26.059090  186.981033  0.231889  3.910980      12.233964    420.382843  198.286835   9.476962  1.084447  395.318573
206  18.992052   8.033734  168.714783  0.207634  2.133558      15.567361    939.314453  235.778030  13.813636  1.705605  363.189941
207  12.506514  29.346292  175.558960  0.276910  3.888513      10.695115    582.927002  200.235306  10.541061  1.080936  326.879578
208  -9.402715 -24.487799  190.799927  0.252570  2.919841       9.097688    673.839294  129.724594   8.373617  1.769445  364.630890
209   3.786218 -16.870630  183.122375  0.210672  2.766059       9.316224    899.855408    0.437411   9.065384  1.918400  342.931641
210  -8.499161  21.095385  191.381027  0.235068  3.559757      17.532618    497.226227   23.137199   9.401027  1.510558  332.321960
211   9.016150  18.735628  190.811279  0.274505  2.116083      16.884396    436.068420  127.442032  11.148906  0.619605  384.499420
212  -9.022885  16.230534  186.394638  0.216895  2.938872       8.901660    679.640625   33.829613   9.993799  1.948659  357.664551
213 -14.193417 -13.518771  182.138107  0.212832  1.863624      17.069939    569.970764  145.915726   8.141253  1.293646  363.584534
214 -14.771851 -28.081470  183.690353  0.233088  3.819029      13.867433    548.029602  182.820312  11.219280  1.913828  360.270264
215   9.643845  16.994823  185.373535  0.263729  2.085706      11.518956    803.006897   73.623466   9.018705  1.438764  368.888153
216 -20.263756 -23.718044  179.206512  0.277008  2.611311      11.582616    635.023743  130.383896   8.895109  1.557606  393.712494
217   6.341194  22.078991  172.664551  0.245246  3.397901       9.635152    543.071045  109.567284   8.676650  1.759082  344.480804
218 -15.933232 -21.421213  184.125366  0.221722  2.965839      11.712305    441.962738   65.119377  11.144247  1.631128  385.342865
219 -11.413309 -24.435846  185.581757  0.208403  3.998339      11.047437    664.240540   82.598793  11.235291  1.148147  333.048401
220 -16.441196 -17.533689  183.502228  0.221817  2.277433      11.311399    609.631287   74.415222  13.869237  0.992894  364.948792
221 -11.065273  25.965666  187.646027  0.321576  2.829582      11.397442    964.518066  -23.701199   9.797021  1.864809  352.856323
222 -14.561096 -19.776278  180.537811  0.219582  2.943159      13.002526    595.368225  100.447403   7.415313  1.627950  362.733185
223   6.520615  11.299487  185.430420  0.223486  1.845091       8.748699    414.838470  123.978081  12.206232  0.938783  406.432617
224  29.220049  18.140566  171.316559  0.275488  2.757155      18.363438    691.434692  211.983932  10.623905  0.318504  298.615234
225 -21.092703 -21.478062  186.823181  0.209594  2.979656      11.701400    636.379517  166.824478  10.998445  1.394701  381.392395
226 -33.954201 -16.766268  180.789932  0.200019  2.593373      19.539507    872.903381  231.770798  11.088646  0.651419  367.444794
227 -15.790436 -21.901815  195.278931  0.232375  2.368184      14.818069    409.788757  150.451569  13.768191  0.662266  448.664185
228 -14.916035 -33.041504  183.656555  0.320218  3.275751       8.023128    612.496033  143.018784  12.316371  1.944955  376.353973
229 -21.158962 -13.966987  194.440308  0.202000  1.220888      10.543400    744.428711  150.477127  13.573065  1.708295  394.049927
230  -4.185758 -29.127731  181.060318  0.320785  2.761047       8.871813    609.085938    5.428702   9.482111  1.042892  349.065735
231  16.673183  13.793883  173.199249  0.245081  2.311210      11.634286    641.404602  139.059036  12.518447  1.144366  359.714386
232 -29.183420 -25.158031  180.244614  0.244480  3.241428      16.929926    838.908264  221.681107  12.723893  1.498214  396.880554
233  -3.237234  10.862254  177.750076  0.228132  1.771672      19.848106    408.644318   78.684494  10.934902  1.880997  379.171692
234  14.974227  24.425467  177.392365  0.233480  3.900891      19.829039    919.867493  223.278534   9.069295  1.627355  315.256195
235 -18.996321 -20.244566  193.696533  0.236632  1.950018      14.275233    757.467224  110.661087   9.117996  1.603514  392.967224
236 -10.299892  20.920858  190.674042  0.237989  3.573125      19.360285    530.912964   11.943782   7.617108  1.163288  318.516724
237 -30.890585 -28.694809  190.257172  0.289700  2.312209      16.819771    596.968567  239.327606   8.696905  0.213205  392.612213
238 -18.706490 -21.722067  185.328613  0.263097  2.235669      10.133223    520.060730  116.866768  13.674661  1.459764  405.321014
239 -19.092310  17.442945  194.160904  0.251817  3.065148      13.722399    599.857239  -12.731811   8.665994  0.376449  286.457397
240 -13.854594 -24.644278  182.406662  0.260991  2.846488      17.396904    584.926147   69.658951  14.304476  0.867898  339.836670
241  -7.235301 -25.484423  177.847565  0.228201  3.793107      11.330397    961.274902  172.095840   8.637362  0.914732  291.667206
242 -15.190988 -29.358845  184.316193  0.295248  2.952594      18.885826    413.548584  150.763229  11.510368  1.120958  386.217377
243   9.368349  16.537901  184.344528  0.203213  3.011599      16.573421    731.920532   42.249535   9.382620  1.311028  324.925110
244  18.942167  16.588110  184.069534  0.222414  2.451029      19.474995    719.616150  229.605591  10.890074  0.921325  345.887024
245 -10.930299 -22.376677  181.727203  0.211185  3.760239      10.798026    423.069519   34.626518   9.946755  1.308161  360.733063
246 -18.614550 -21.831404  175.269882  0.250072  2.926414      13.919854    643.576294  188.020859  13.693800  1.448571  363.685333
247  -4.517570 -25.285759  184.327011  0.267938  2.961146      11.801350    962.553101   77.819778  11.630718  1.814263  338.181519
248  21.193958  22.055727  184.120941  0.254843  2.954561      15.948359    501.200470  199.633591   9.191659  1.434948  389.677734
249  -3.814987  19.535032  177.258499  0.263909  2.472818      19.011312    539.632080   10.592826   7.514588  1.842521  357.791168
250 -10.666756 -31.326073  193.258865  0.263411  3.449587      19.362442    508.601532  177.208755  11.171530  0.501665  313.679352
251  15.574581  19.111303  172.957123  0.232564  3.276172      14.965919    567.025879  189.705704  11.365402  1.136558  339.459900
252  -9.608031  14.151957  176.297348  0.202059  2.516582      14.198183    685.832581   26.056156   9.951077  1.348410  347.713226
253  20.569004  21.280373  178.419861  0.230632  3.479339       9.470050    546.837524  191.080627   8.621353  1.099013  371.146301
254 -27.904478 -20.173635  187.315918  0.292981  1.510410      12.300652    956.273987  129.778793   9.737467  0.642913  392.446655
255   4.450947 -23.863604  184.494217  0.277698  2.635920      13.785357    681.086914  -47.959557   9.859225  0.493876  281.977295
256 -22.022280 -18.193850  183.346603  0.211080  2.578419      18.852165    532.617554  209.294006   9.694974  1.898096  382.742371
257   1.573133  23.884829  185.921280  0.283014  2.871645      19.704212    517.370605  141.876434   9.910397  1.372974  335.530762
258  13.785447  19.150995  184.758102  0.229504  3.066986      18.843090    552.292542  106.402618   8.900111  1.703795  354.180115
259 -34.380600 -22.739418  171.717850  0.306930  2.648647      11.342651    678.713806  154.877869  10.385848  1.499306  448.285553
260  10.396371  30.230921  204.003372  0.233698  3.729281       9.434079    515.582458  214.191879  10.913446  1.581572  391.806366
261 -16.267443 -22.108225  168.222641  0.241447  3.281654      12.520449    736.298340  118.530838  11.658685  0.933035  317.159515
262  14.138873  22.835787  188.634644  0.238558  3.089535      19.562725    793.025452  229.845474   8.143618  1.364089  337.715698
263 -18.260405 -27.652500  174.597397  0.299444  3.062227       9.723504    627.512756  120.847519  11.608864  0.850271  342.683746
264  -9.251554 -33.127541  202.683289  0.253198  3.723923      13.284802    414.198975  208.780716   9.730004  1.608169  394.810364
265  -9.874483 -31.895334  185.238235  0.259807  3.863262      18.518972    849.668884  111.523491   8.322860  1.531609  313.863525
266  -3.735195 -19.329859  161.151123  0.205072  3.166779      11.934543    507.584747    1.916530   9.159880  1.629372  352.399200
267  -7.952159 -25.390707  182.857468  0.249062  3.291043       9.307471    565.507141   85.586838   9.722360  0.967196  336.824738
268 -24.450043 -23.965137  187.242661  0.206703  3.407430      14.420598    653.439819  197.351929  10.418590  1.202588  381.372467
269  -8.124333 -20.274059  180.386093  0.242899  2.625796      18.273827    767.011292   26.967468  10.257094  1.505452  333.103302
270 -24.853807 -25.428068  165.249893  0.323174  2.944791      16.304499    437.604370  116.126923  11.079853  0.963688  390.497314
271   1.105804 -27.119728  198.544495  0.248310  3.518828      10.202782    737.743530   92.067245   9.365761  1.237824  318.969116
272  16.958826  18.735903  183.109253  0.229201  2.952285      10.458928    540.757751  201.986053  10.468351  1.319619  372.288422
273   0.404872  21.451721  201.302826  0.285619  2.400768      17.866768    756.614868   72.396255   8.103386  0.794540  312.617065
274  25.554283  20.919670  181.273087  0.307436  2.186175       8.759326    562.924133  114.347649   9.726940  0.908052  436.584198
275  -9.758099 -11.163964  173.434586  0.221053  1.671679      18.472340    403.723236   14.337740  11.107938  0.938496  411.157715
276   6.452779  20.816467  178.216507  0.319385  2.175987      13.793645    865.815674   57.000118  11.419479  1.660645  358.453094
277 -14.263238 -20.386518  185.821243  0.226933  2.637752      15.234119    887.635864  125.459442   8.151539  0.716712  304.184204
278 -12.221175  26.427660  179.862564  0.313002  2.832969      16.466738    481.488495  -27.326782   7.911801  0.842707  347.109833
279  -1.785578  19.168453  177.315918  0.281252  2.293547      18.997990    698.058228   54.246529   8.021888  1.011231  326.806580
280  -7.807531  24.827812  184.199905  0.237688  3.807718      14.557693    821.176270  107.379486  10.485095  0.972948  295.253265
281 -19.835884 -26.145918  186.128250  0.242614  3.363979      12.195288    421.247467  182.594330  13.262010  1.433825  426.240234
282  -4.111847 -23.657476  189.982712  0.223674  3.394736      12.843104    650.412720   21.925056   7.653158  1.448030  331.146667
283  19.313236  30.391628  188.555817  0.307983  3.067290      16.265547    894.715454  212.356369   8.956407  1.685887  382.257080
284   7.213717  25.933996  181.771561  0.285766  3.091490      10.751878    660.253113  159.005859  13.329798  0.966184  325.692139
285   7.474388  20.546412  182.805115  0.206978  3.771532       8.643043    790.013977  173.179611  10.563535  0.695598  286.159454
286  -2.575390  13.525925  191.623184  0.277203  1.678286      13.326097    425.377380   33.919720  11.407015  1.599713  404.915924
287 -15.229440  18.182556  188.474289  0.205813  3.718723      19.449905    418.048615   33.595337  11.141949  0.991699  342.144012
288  12.459652  14.503268  178.253098  0.237447  2.246668       8.296228    615.388733  182.182373  11.555915  1.898236  385.490204
289   7.780798  16.356758  195.283157  0.209542  2.537578      18.255299    538.662781  199.972946  13.504667  1.474058  353.367340
290 -18.670649 -32.574680  182.962570  0.331994  2.937332      18.662010    627.104492  103.202698   6.730681  1.302460  360.844177
291   1.182893 -13.201952  180.944016  0.223408  1.830911      11.132421    568.694214   38.874905  10.161823  0.668239  326.150665
292 -20.989103 -20.912121  190.648911  0.221816  2.315594      12.895010    471.555420  207.193832  12.717268  1.205803  419.195496
293   7.730003 -27.761166  176.209885  0.285467  3.075731      11.264369    491.736237  -84.127174   9.906619  1.867302  363.684174
294 -21.933722 -16.469412  175.096970  0.210391  2.734745      15.883310    722.061401  179.392502  10.503996  1.868401  369.118561
295   5.333313   8.936089  175.523422  0.207729  1.750959      13.515285    864.874573   75.532318  11.310719  1.344737  334.663055
296 -25.338001 -22.878374  185.267578  0.238609  2.842796      19.001537    437.465515  128.706726  10.236991  1.258640  440.127411
297  31.740206  10.619368  183.814484  0.225003  1.439829      19.128824    993.848267  181.795074  11.738978  0.833532  377.985474
298 -11.765587 -25.839495  181.222000  0.264588  3.090405      15.636168    589.028381  139.040970   8.557609  1.969727  354.359741
299 -13.986616 -32.334370  190.343689  0.277559  3.430831      15.207055    463.454742  195.942001   9.441555  1.134903  366.522034
300 -12.287567 -23.681473  196.030472  0.254053  2.326182      18.269356    620.595886  109.937469  10.062326  1.908995  376.929169
301  -7.409111  14.810501  183.826065  0.220366  2.581646      18.432749    883.854126   15.689837  10.074794  1.775001  338.359802
302  16.050467  17.354019  172.818344  0.283940  2.271733       9.841361    464.243896  119.119987  14.056468  1.313773  403.457886
303 -11.630439 -23.865808  191.330521  0.255935  2.555257      18.692265    879.104614   43.304222   9.707490  1.822343  354.047302
304  11.112969   6.272215  178.722382  0.225459  1.143467       8.015913    803.206238   89.679604  11.908342  1.852952  381.664215
305  -2.337284 -17.457724  200.042816  0.204558  2.408666      19.763500    866.125061   35.501274  10.407969  1.097097  308.221893
306  12.438715  20.757473  195.836426  0.222778  2.898578      12.300918    466.597107  198.770050  10.582775  0.720691  364.915009
307   0.433649  20.484797  188.033142  0.206551  3.651892       9.368537    654.187378  228.158401   9.666110  1.774679  344.007385
308  -1.202472  28.234978  193.842422  0.296708  3.262702      19.333647    539.652161  115.790947  11.423159  0.652872  293.869080
309  12.505860  27.350054  182.058609  0.315890  2.886704      10.356872    745.019897   82.223076  12.007182  1.470792  361.673950
310 -14.129222 -27.898796  196.198563  0.282042  2.517069      12.938625    684.670959  150.675385   9.562350  1.325900  374.352570
311   3.054293 -29.027042  196.207901  0.259719  3.533519      16.380463    703.292114    2.374506   7.952236  1.325287  313.596619
312  11.085744  27.499573  170.972672  0.261518  3.984483      14.455254    440.791412  134.665085   8.920136  0.847907  324.035675
313   3.065552 -21.200495  169.887665  0.238896  2.731106      18.015894    443.918884   -5.127773  10.255068  1.483165  351.207306
314   4.196124  28.817400  192.220978  0.262825  3.698817       9.787574    715.215698  221.307861  12.727945  1.571985  338.791443
315 -14.142216 -18.047821  178.492737  0.205764  3.053527       9.861510    421.689087  162.222504  10.787634  1.356808  391.985596
316 -15.157286 -17.085405  180.432297  0.216244  2.575193      11.125586    574.858459  146.335464  10.081613  0.630488  335.644409
317 -14.640818 -22.459610  197.009857  0.212300  2.614184      11.574199    542.404663  121.502289  11.295907  0.630801  356.788727
318  20.776114   5.809366  171.224319  0.210161  1.653028      12.372184    431.898224  249.940506  15.626726  0.532011  448.011749
319   7.491967  32.834656  193.786972  0.282190  3.850031      10.316782    806.892029  188.027832  11.067323  0.859852  312.141174
320   3.404954 -23.180948  193.661667  0.259431  2.997622       9.005694    403.828857   -0.901694  10.983223  1.368329  379.761414
321  11.621336  11.618604  178.033478  0.227759  2.001233      18.356449    534.744873   18.667761  10.126157  1.000925  346.091431
322 -10.156052 -24.158058  183.585724  0.229476  3.375072      11.896777    482.399841  103.119225  13.386322  0.724084  335.917206
323  14.935723  13.412120  158.998611  0.206800  3.209092      15.856544    491.169891  106.874222   9.740489  1.853495  358.214294
324 -20.957823 -10.635121  171.015427  0.240867  1.690389      14.999571    753.591064   71.346222   9.180945  0.916510  359.217834
325 -15.340857 -27.100969  197.897888  0.241007  2.754134       8.434667    626.191467  207.486069  15.021638  1.720199  401.942535
326  16.721415  29.000038  179.307724  0.291125  3.497166       9.001244    974.519531   76.842377   9.522690  1.998417  356.226379
327 -30.889896 -24.832586  181.420364  0.261137  2.829655      14.538849    807.421265  160.977280   9.629783  0.407913  339.403168
328 -18.428627 -24.802536  185.499207  0.208987  3.746348      11.463321    508.540680  167.737381  12.225675  1.755008  385.982239
329 -22.990932 -13.470537  185.724274  0.254968  1.208687      15.893785    655.494507   54.898010   8.685823  1.679020  406.997162
330  -9.670373 -18.429041  184.812531  0.208638  2.935009      13.002601    632.285034   96.468964  11.953769  1.861359  352.562805
331 -12.015195 -20.742167  169.305496  0.264038  2.756000      18.562260    462.724304   20.713905   9.274127  1.607561  355.384521
332 -30.359760 -20.978468  175.987335  0.287244  2.368371      15.498424    662.870117   64.108643   8.430912  1.400530  419.354828
333 -21.644278 -20.886503  180.023468  0.206996  3.314467      15.582826    682.931274  191.918457  10.082023  1.790987  370.478058
334 -20.628534 -25.715654  192.501831  0.221358  3.055039      10.951589    751.114075  196.544403  11.588395  1.378737  382.225800
335  13.349702  16.748611  191.850357  0.228021  2.224725      16.630579    590.895569  206.078278  13.769123  1.768137  368.861542
336   3.795373 -17.023176  190.316071  0.285163  1.742916      16.419069    501.679596   -6.699850  11.876792  1.433069  379.432739
337  13.882443  25.182482  176.990097  0.269492  3.320518      14.216749    495.827240  110.327942   8.932286  0.497235  319.568695
338   4.370892 -20.264042  185.525345  0.202094  3.390148      14.371276    683.337891 -100.380241  10.630648  0.646547  283.041016
339   1.816408  23.834032  194.261887  0.260742  3.055281       9.295055    488.208496   97.146149   9.794452  1.206007  365.851929
340 -26.730474 -27.547668  169.522034  0.286501  3.603587      13.348117    687.197998  233.366180   9.630619  1.875320  376.777100
341 -10.980033 -21.221916  189.734756  0.211494  3.111598       8.707487    545.697754  128.149002   9.196251  1.544313  364.311401
342 -20.306086 -29.181036  185.734848  0.236311  3.921553      10.819745    851.782532  156.256577  11.521543  0.996671  341.469482
343  19.394272  14.548327  197.168198  0.224567  1.407053      11.335806    621.866211  152.877670  13.688577  1.490244  400.923248
344 -39.869030 -22.824915  186.159317  0.215021  2.366747      15.401533    825.546692  209.188721   8.462624  0.310320  406.800323
345 -24.714018 -15.896210  183.581451  0.227197  1.795613      19.812155    452.953278   87.792648  13.787156  1.786853  430.627075
346 -15.846495 -10.329456  167.034927  0.203620  2.211034      11.079371    816.710999   20.071348   8.853510  1.839802  361.177582
347   1.021537 -32.442204  194.133255  0.290034  3.540354      19.440567    766.087952   82.096725   8.421108  0.951797  283.330902
348   1.623605  13.469590  189.087311  0.230088  2.166069      12.561239    846.053772   49.734165   9.296316  1.441126  342.322510
349 -29.965487 -16.867870  182.511566  0.207254  2.401456       9.009722    710.635925  176.891983  12.345960  1.473162  418.103943
350 -29.604351 -15.144377  186.259964  0.226370  1.496877       8.112029    767.098022  120.710320   9.207598  0.951867  407.309723
351 -10.260242 -35.997814  188.388885  0.307038  3.596528      15.903995    741.648376  128.011658  11.952308  1.856225  341.850311
352  -6.990678  21.688953  178.820816  0.305912  2.332075      11.176864    438.709320  -38.265827   9.335854  1.382529  389.070374
353  -9.744409 -24.309776  173.141113  0.241001  3.523768      11.849004    542.229675  194.361206  10.233705  0.856679  321.955444
354 -15.270856 -36.934246  196.330597  0.278329  3.866125      11.415227    701.272705  238.477829  11.099368  0.874600  352.956116
355  26.265369  22.138535  195.228485  0.269396  1.822504      18.492214    699.903931  193.475464  13.926979  0.929203  412.772369
356  18.037111  25.648018  180.825745  0.276303  3.182427      16.797201    891.341431  219.754791  11.931296  0.665760  296.130676
357 -20.572886 -15.994834  178.881882  0.229344  2.194945      18.860567    636.123962  122.460403  11.689381  0.619177  333.111755
358  -9.576073 -18.306391  177.556473  0.236258  2.499248       9.141240    826.341614   81.712059  11.977761  1.870760  358.345001
359 -17.671062 -14.382672  169.356003  0.200616  2.873761      10.672508    461.194977  223.949097  12.855003  0.373151  343.719635
360   8.639497 -23.617243  181.160385  0.293342  2.468435      19.256809    630.902039   -9.617746   9.548761  1.668102  350.690552
361  23.985029  10.908436  179.794250  0.256276  1.618054      12.838717    502.684265  142.663818  14.052089  0.800853  411.341095
362 -22.534538 -20.841942  164.237122  0.241761  3.490543      10.058517    513.698486  134.974365  11.622125  1.169511  366.303406
363 -22.929417 -14.059154  158.750610  0.200473  3.798743       8.002918    822.038574  199.913315  10.343580  1.068895  331.317993
364  22.557522  15.326121  172.517212  0.244967  2.670547       9.647882    599.996094  245.576111  13.115016  1.186388  382.948364
365   8.610966  25.200623  183.254257  0.259012  3.315873      15.437911    412.219025  134.968719  12.452974  0.394236  339.986816
366   0.410087  15.808819  181.760056  0.201848  2.956975      12.318240    715.113953  166.590378  11.863407  1.254800  330.023193
367  -7.609313 -35.366493  195.224960  0.311290  3.415729      12.975963    481.531555  191.359116  13.933580  0.667251  343.559967
368 -28.003822 -33.160019  186.425735  0.302927  3.050601      19.007530    500.698151  132.619965   8.958292  0.661265  429.048035
369 -22.606441 -23.544359  178.401001  0.259213  2.894731      10.794267    895.765869  205.604065  11.332730  1.984659  383.029602
370 -22.563967 -17.726137  183.658218  0.209221  2.475307      16.718710    573.196716  163.949753  10.139451  0.706468  355.698730
371   5.440996  11.012134  170.869995  0.214826  2.121744      18.667219    442.700928   54.586323  12.929910  1.217264  346.507568
372  14.678457  20.896278  203.161453  0.200127  2.825256      14.541672    898.751160  194.657791  12.916473  1.089221  346.945221
373  -9.325533 -29.202108  196.547974  0.269769  2.968202       8.392518    528.607239  180.355759  11.955119  1.139827  378.032837
374 -23.859270 -22.646399  181.784119  0.207199  3.513817       9.393073    448.640747  183.299149  12.638284  1.502213  427.078583
375 -25.079998 -15.854390  175.237549  0.215033  2.583922       8.207884    443.778076  111.588150  10.181838  0.675481  445.337494
376 -14.181553 -29.399275  189.373123  0.277840  3.127067      15.847955    765.959839  211.226562  10.031789  0.728176  318.100891
377  22.295845  12.893892  176.776199  0.290316  1.673623      15.414765    476.828491  151.182327  12.458547  0.429402  401.126617
378 -11.459170 -25.038752  171.064316  0.269749  3.047070      16.163849    685.598450   97.267799   8.388995  1.344015  335.564789
379 -33.292698 -15.222973  165.603897  0.239381  3.174615      14.272985    604.405151  197.376892  11.241781  0.743140  384.403625
380  11.643139  18.728449  189.535660  0.212766  3.028611       8.800385    776.930908   93.791328   8.527897  1.043641  334.442352
381  16.585302  15.817266  173.173874  0.208487  3.172027      10.247449    980.268250  151.345840   8.819345  1.654789  350.697662
382  -8.148170 -31.800697  183.701843  0.298511  3.322785       8.114062    463.503418  123.835373   8.420980  1.220888  366.150909
383  24.533159  20.255999  162.827332  0.295346  3.002963      17.556767    653.679810  145.875763  13.633887  1.029873  347.584717
384   6.190484  15.883678  182.655457  0.230337  2.509658      12.118134    433.752625  208.204147  10.642690  0.739264  361.454987
385  -2.656778  16.083467  186.133545  0.234390  2.459665      13.188517    595.546936  -45.005535   9.836041  0.831253  334.241272
386   0.211743  21.936468  178.216873  0.246080  3.138592      16.914118    533.005432   79.671692   8.580095  1.619718  335.897430
387 -15.318017 -29.146902  191.926819  0.265312  2.969434      13.758098    596.320496  156.618027   9.075130  1.768398  383.922668
388 -18.370869 -19.653362  189.278900  0.248842  2.038776      14.006260    569.006714  109.844444  11.801896  1.201806  384.265381
389 -30.887709 -17.191895  181.227585  0.246356  2.010974      13.847102    859.351990  242.788696  12.802668  1.011748  404.797852
390  18.771330  15.998169  182.729874  0.233344  2.264675      11.427426    857.163879  176.150223  11.126308  1.534192  374.344971
391 -26.371391 -18.870829  166.581406  0.281018  2.642683      18.719608    830.076172  115.984001  12.729354  1.352241  367.425781
392   8.027876  18.116827  177.135712  0.205660  3.816564      16.466600    484.637573   65.898926   9.889129  1.536984  338.432770
393 -33.765224 -16.762611  171.414337  0.266154  2.513092      10.270408    742.129333  127.362411  10.767051  1.579855  442.691864
394  -3.263870  24.806377  203.016663  0.241972  3.748116      13.133941    910.790039  201.709274   8.876893  1.398512  312.222687
395  20.667570  14.251344  185.257004  0.236005  1.920003      15.322115    763.987488  168.292969  11.852625  1.988567  385.197540
396  18.599495  15.161093  189.445923  0.233112  1.769081      10.145298    661.168701  175.536026  12.455767  0.309504  308.258270
397 -17.225542 -16.304234  173.001221  0.217245  2.654725      16.054155    497.162537   47.157784  10.140989  1.310881  367.769226
398 -31.105463 -35.994175  176.304062  0.325895  3.739890      19.530729    736.591553  194.097488  11.927742  1.427625  397.968811
399 -22.444971 -30.273506  181.932022  0.306226  2.917059      16.316700    492.203094  120.920692  12.958703  0.438560  371.233276
400  16.786516  29.666420  179.298325  0.319844  3.261494      14.259591    424.585510  165.741516  10.785184  1.641240  387.817627
401  15.370334  21.155767  182.047501  0.242750  3.110310      15.117337    440.023438  109.638222  11.230344  1.515441  373.178314
402  14.155566  13.777456  178.744812  0.251473  1.963630      10.050183    539.578064   85.095169  14.032274  1.894920  395.945801
403   7.345127  16.228798  189.836044  0.236826  2.402918      19.930367    417.074890   68.652924   8.355059  1.288302  366.262695
404   1.269066 -18.146242  183.469040  0.243857  2.326922      10.789267    441.773438  -28.095436   9.691085  1.523839  373.300903
405  11.860120  22.267059  179.449097  0.208626  3.919468      15.900667    790.981628   71.209274  11.533066  0.684345  282.089081
406 -11.440531 -20.844864  174.200424  0.213223  3.433879      10.142059    704.609985  116.253571   9.121791  0.731321  300.322968
407  21.345110  17.501455  182.873428  0.273098  2.097080      15.733375    788.931335   89.165970  11.896012  1.621497  388.642181
408   1.557452  19.490248  192.657913  0.225372  3.157041       9.253362    891.222473   74.965866  11.396980  1.739512  342.905518
409   9.171871  24.335913  171.757294  0.274505  3.253433      14.109012    460.527496   73.603096  10.517228  1.265093  342.858582
410 -10.392174 -28.414391  183.270264  0.271772  3.364109      15.223481    538.674377  175.349442  10.422250  1.737309  344.938263
411   1.387930  15.804509  180.723648  0.236549  2.464072      15.733768    444.978821  206.987656  13.288302  0.340930  317.313660
412  15.349084  14.193744  195.314941  0.210372  1.942265      16.876204    553.795593  134.241241  10.768001  1.151999  366.492645
413  -2.719276  25.887518  186.816940  0.322700  2.626796       9.019124    880.912415   65.482292   9.766169  1.333413  345.093353
414  20.630270 -23.208696  181.449677  0.310726  2.252144      16.471201    614.427307  -55.450184  12.122282  1.293997  391.158722
415   1.232194  20.721910  191.436340  0.259200  2.803616      13.962356    466.556702   22.190351  12.095314  0.538805  329.858002
416 -25.914932 -19.443811  177.473724  0.249797  2.590263      11.816901    868.084778   86.616821   8.542769  0.976195  370.898529
417  -6.482177 -12.244656  175.337357  0.328663  1.011674      15.875538    818.504333    1.656010  12.206530  0.803815  352.780396
418  12.773626  17.479925  195.010681  0.212005  2.713760       9.582034    417.276611  197.933807  10.411853  1.076947  416.980499
419  -1.711878 -25.666986  178.534470  0.218708  3.896838      19.589628    610.744385   74.517021   9.897905  0.526062  263.817413
420  18.465607  18.450277  191.581848  0.220937  2.433954       8.105029    775.129395  121.649635  11.013765  0.366895  298.005737
421 -20.471355 -26.877909  174.110031  0.258104  3.579114      14.029943    989.933716   99.389374   9.449487  1.142922  327.250641
422  -8.746740 -34.500137  189.034821  0.294921  3.756151      16.559361    804.546753   71.614090   8.638693  1.414951  318.864197
423  -1.758884  32.847240  196.677582  0.298358  3.791520      18.255362    947.605835   88.992119   9.305004  1.599647  301.828186
424  -7.517306 -30.368319  187.752625  0.254659  3.728042      15.336847    719.500488   77.052536  11.481716  1.920024  339.085114
425  11.141922  30.233044  197.216873  0.279740  3.223953      13.586220    427.449768  228.327332  12.722548  1.158426  395.710663
426 -21.956244 -21.374121  181.749649  0.277169  2.208382       9.564184    601.578735   57.404564  10.567002  0.611340  373.760590
427 -10.007607 -26.191015  191.897430  0.267580  2.840066      10.106063    756.740234  125.674225   8.495955  0.985655  338.026031
428  13.131143  18.259981  168.996078  0.223512  3.458891      15.198400    409.602997  174.365448  11.533464  0.684243  351.440765
429  -9.946136 -22.278749  190.555923  0.267329  2.290615      13.169163    733.747498   81.194168  10.616711  1.176206  348.360107
430  15.641326  17.378332  177.840546  0.211312  3.110030       9.405144    784.240723  211.019791  13.527181  1.698709  357.730194
431 -23.800684 -20.891123  180.956696  0.251835  2.493311       8.861320    682.963196  204.787842  13.963457  0.340539  315.216919
432 -26.263824 -25.572786  174.511063  0.259605  3.476699      15.202388    550.494385  192.483154  11.128161  1.468835  389.132202
433   4.799848 -13.673861  195.605591  0.229905  1.919015      14.579438    747.510071    9.340905  12.880385  1.328203  342.007355
434   0.269680 -17.668276  177.807388  0.202655  2.963537      15.131647    628.127747   83.510468  10.623158  1.267378  329.085236
435 -30.170107  -9.319081  168.261246  0.258307  1.733518      17.102081    638.257446  237.795807  11.699617  1.006826  403.048035
436  10.425258  24.888468  167.206360  0.324137  2.673121      17.750723    793.681152   85.869408   9.564491  1.681821  343.266785
437 -11.137232  -9.380824  173.210083  0.205030  1.603225      12.374188    521.770813  107.980232   9.846789  0.641642  343.300690
438   8.853122  27.818542  174.009979  0.322730  3.013291       8.994925    796.798157  123.730484   9.636524  1.076551  326.086548
439  -8.900170 -11.126650  179.575516  0.219049  1.480810      18.981041    791.329224   75.958435  11.930360  1.079473  329.214325
440  19.157909  26.525553  188.902939  0.221376  3.975307      18.154551    445.254578  233.769257   9.464915  1.540604  381.936401
441  14.059601  31.149439  174.033661  0.313333  3.623743      11.326202    898.942932   91.485992  11.509326  1.783935  330.779663
442  -4.588260 -13.478289  193.908676  0.206219  1.888457      10.549117    720.055054   77.719406   9.386943  1.090303  339.469879
443 -22.285448 -24.906546  180.764160  0.268571  2.748598      13.832746    708.676086  155.994446  10.984329  1.344445  382.862152
444 -33.632896 -30.078466  181.218216  0.288664  3.126988      13.382020    989.454529  185.803253   9.943735  1.512716  438.450378
445  -0.121304 -20.107746  181.592606  0.213985  3.101416      14.603559    605.239380   18.716021   8.350257  1.569051  334.433167
446  -5.056167  20.328753  186.681046  0.249043  3.056403      10.498048    652.808899   33.517075  11.427485  1.089402  328.406921
447 -13.890817  13.844531  181.832535  0.224569  2.284908      10.414929    588.098267  -23.463484  12.637747  1.026530  360.057343
448  -9.848894 -13.508616  187.246170  0.206623  1.891661      14.748611    497.207031   96.920143  10.803041  1.131957  356.013794
449 -29.208063 -30.197706  190.151352  0.247958  3.085097      14.075809    985.008179  209.041870   9.776040  1.024581  408.828369
450  19.820843  28.579405  177.759109  0.263271  3.994391      17.891680    635.006836  108.408264   8.347242  1.833165  348.169800
451   7.994465 -15.198915  179.970459  0.313228  1.326372       8.385806    454.169556  -23.333187  12.483002  0.300894  439.215637
452  -3.597248 -13.833628  176.597244  0.307331  1.247767      14.310536    922.559082    6.028766  10.416257  1.609218  369.206085
453 -24.982985 -26.466110  182.981796  0.277247  2.761163      14.738513    517.699402  121.766220   9.141186  1.285322  418.856903
454  -0.457916  19.641733  169.318314  0.211668  3.677557       8.287189    804.839111  -24.836992   9.208243  0.862088  303.037598
455  -6.822351 -25.016731  177.823013  0.222181  3.668026      18.294668    819.873291   43.447670   8.876535  0.828761  277.934662
456   7.373066  29.250961  192.772659  0.291626  3.193879      19.503958    796.552307  194.904266  12.816125  0.744704  296.855255
457   9.346043  18.494146  199.539490  0.238673  2.067484       9.161853    702.514221   79.249504  10.358524  0.688007  341.102325
458 -11.034661 -15.795509  192.986893  0.207634  1.926024       8.104061    697.491638  154.826996  12.251284  0.773131  334.979553
459 -14.997318 -21.485834  181.271484  0.207877  3.589480      12.395452    790.840454  167.612183  11.387221  1.008179  323.885406
460 -13.463290 -25.261955  191.731293  0.244283  2.942844      14.489243    400.625854  223.494980  10.221477  1.277460  429.311249
461   6.042480  22.060785  183.353256  0.257671  2.972843      11.524138    931.882996   37.431725  11.949771  0.585444  273.413330
462 -26.475571 -17.291811  172.937607  0.216311  2.988019      12.524775    545.167908   68.197266   9.640860  0.451429  356.331024
463  -6.561702 -32.563393  189.132996  0.348768  2.697409      10.758944    824.276672   95.608772  11.218989  1.752526  365.846161
464  10.918304  17.715446  183.186279  0.244426  2.541270      13.754285    612.231628  162.170700  10.625323  0.623914  317.779236
465  -3.008057 -28.255322  194.764694  0.241658  3.650579       9.472154    845.643921  122.858551  11.363315  1.742453  342.446350
466  -3.530706  22.349686  190.449188  0.267084  2.981431       8.273867    844.322388   37.916916  11.619081  1.708544  341.159485
467 -26.026634 -23.945677  180.618546  0.312766  2.232607      11.307240    773.261047  137.931381   8.666436  1.274917  410.581055
468 -33.815998  -7.688490  171.798599  0.205949  1.861393      15.597382    556.129578  211.618439  15.020307  0.685390  424.023163
469   3.946890  29.449360  200.716354  0.282677  3.244749      15.056049    723.831421  159.116013   9.465818  0.862536  316.905396
470  10.882434  16.788280  195.747940  0.202226  2.654212      12.642672    456.950714  218.941620   9.624866  1.668061  375.123535
471 -15.595382 -33.842003  196.558884  0.296316  3.133825      18.722612    427.496216  233.268097  11.304946  0.381303  414.711151
472   2.831964  17.210722  189.975739  0.210038  2.945723      11.343869    626.991272  146.442444  14.059468  1.145705  332.241516
473  22.277681  18.198898  184.001556  0.300806  1.802356      13.773287    900.613281  240.931839  16.193029  1.937139  412.970825
474   4.095253   8.258357  187.777176  0.206415  1.446529      19.344790    833.634888   -0.531382  10.019081  1.225217  330.876343
475  -6.772779 -23.882032  175.618958  0.208307  3.960072      16.279816    762.000610  176.518082  12.140686  1.309727  305.043762
476 -28.784157 -32.519951  181.286530  0.290292  3.524375      11.083154    960.058960  222.306808  10.643728  1.436605  406.093781
477 -16.129097 -18.730921  167.603882  0.203724  3.852242      13.148509    422.567749   70.698090   7.635844  0.586622  337.633148
478 -26.919956 -21.245619  178.644211  0.255059  2.570951      12.818252    473.798035  125.502808  11.407078  1.684546  440.019073
479   2.306622 -14.735320  172.885681  0.235961  1.780289      17.275492    607.104065   25.432503  11.485808  0.547870  306.444183
480   7.374032  15.151749  188.587982  0.236395  2.106322       8.205846    537.490356  175.745087  14.058335  0.917570  360.928375
481  16.621149  17.387726  188.444626  0.239358  2.171940      12.009982    850.402710  135.991837   8.469163  0.918372  356.600739
482   7.410399  22.475040  173.820984  0.214902  3.847684      19.375990    933.510986  171.423691   8.954134  0.729409  260.718353
483   5.165263 -22.289143  187.783234  0.214205  3.695029       8.561537    598.474426    0.607917   9.067002  1.400159  331.787933
484 -12.290706 -22.015553  182.102264  0.237723  2.891667      17.612852    561.956116   75.848763  12.829249  1.651293  350.645813
485  -9.676262 -22.782600  188.196976  0.240567  2.916173      11.334649    501.311462   51.858257  10.346156  1.465581  363.151733
486 -11.613175 -24.179638  185.064255  0.267167  2.712160      15.867137    952.659424  112.737106  10.792975  0.925041  317.966888
487 -29.429989 -25.180227  185.023148  0.227960  3.187268      13.578741    649.153320  192.152908   9.216550  1.316645  421.582153
488   1.165477 -10.182657  198.002396  0.238925  1.158894      16.233980    950.292664   -3.967154   9.856699  0.898727  320.454010
489   3.276603  12.938295  180.877289  0.237371  2.028885      14.752426    403.350647   33.853981  11.594164  0.795312  402.821289
490   1.395323  22.153227  193.167130  0.216239  3.917380      13.559834    647.802307   48.848511   9.479150  1.816054  335.149078
491 -25.614197 -23.920151  194.643188  0.248249  1.960246      17.432241    893.882080  178.095566  10.990642  0.838483  380.765717
492  10.131073  18.134764  181.203278  0.219138  3.094977      17.683874    420.672455   95.665146  11.292010  1.498181  356.338165
493  -4.725120 -36.384670  197.024033  0.304407  3.615813      10.918696    605.074219   99.590393   9.529673  0.644879  313.675964
494   3.760583  18.000893  182.207245  0.217488  3.052559      10.932506    820.864929  232.323639  13.648728  1.416813  333.849518
495 -20.126665 -37.272552  197.459091  0.252392  3.953581      12.579881    555.127686  230.759506   7.479264  0.772969  400.998566
496  26.377367  33.601971  180.897812  0.317991  3.593362      17.992598    544.230591  193.540314  12.638329  0.759238  382.096405
497  -1.138980  22.371492  181.267700  0.246548  3.361491      14.377527    420.757294   27.910519   8.119308  0.709901  335.435730
498   1.854820  35.017052  173.440704  0.349730  3.468931      12.738515    537.776306   -0.481461   7.934571  1.589782  327.326996
499 -25.939260 -18.361464  187.620499  0.204163  2.382606      13.877505    695.843994  247.900360  11.113369  1.884282  410.550812
500   1.243684  21.069721  179.890671  0.223177  3.684573      16.492239    718.747681  153.775940  10.772562  1.468434  313.519348
501  21.799755  35.352348  182.281128  0.311744  3.964712      10.867540    590.631165  184.438782   9.825896  0.642479  347.062592
502  -9.502886 -29.854156  187.133347  0.259226  3.522576      16.358316    994.748413  162.512512  13.050075  1.441314  325.346802
503 -21.476677 -17.903120  180.083374  0.210905  3.070036      11.846140    431.784790  145.782608  11.487167  1.784827  413.332703
504   8.579488  26.697411  181.862228  0.277499  3.328454      14.277029    867.009521  114.292900   9.595953  1.603190  327.298615
505 -19.698021 -16.137720  188.634125  0.273282  1.368034      12.964909    684.879211  115.832069  11.969189  1.793232  409.667664
506  -0.397098  18.783026  182.089066  0.207062  3.689277      11.995059    759.703857   76.836258   9.257330  1.374663  323.017822
507 -11.305717 -22.278337  179.427719  0.276278  2.441973      12.393203    566.342896  -10.236265  10.010881  1.370341  362.669098
508  17.786913  16.250505  191.813400  0.250662  1.754563       8.073667    891.822205  220.711975  16.346424  1.269632  379.623749
509  14.172853  14.954268  176.386780  0.229482  2.506906      14.181589    537.199158  134.637329  11.645598  0.854120  347.111816
510 -12.716724 -19.404140  179.340118  0.233418  2.525549      14.599070    743.461914   97.196213   9.980920  1.515898  352.684113
511  11.193115  19.292435  187.648148  0.204484  3.392791      13.737713    613.472351  203.155701  10.509548  1.328476  341.425385