           lon        lat         inc      D1AU     delta  launch radius  launch speed    t factor       B1AU     gamma         vsw
0     3.420436  22.916107  179.267242  0.227651  3.749956      19.110926    447.876312   64.103592  10.586392  0.310171  273.888672
1    22.320564  15.442952  180.432709  0.250089  2.228939      17.651297    557.480347  123.178009  11.442965  0.762585  364.207245
2    19.818270  26.476784  180.809204  0.281836  3.259204       9.217280    659.608276  200.096771  13.450058  0.859487  356.000885
3    14.874846  17.206604  186.881241  0.258864  2.066485      17.054478    521.033386  159.157059  12.245762  1.263289  378.596893
4    24.302504  13.756178  176.114075  0.206803  2.695039      12.599686    444.473022  202.099884  12.057343  0.252622  395.423035
5    22.788572  15.650084  181.692719  0.201747  2.763640      13.245590    583.407104  214.855286  15.373982  0.589419  353.280945
6   -20.168287 -34.005215  179.824387  0.291524  3.760490      14.690246    650.328491  181.014511  10.447333  1.447287  352.886475
7    -9.074834 -27.673088  189.319534  0.253133  3.404974      13.767124    965.822815  135.592545  10.968568  1.151610  316.496460
8    20.782244  19.160919  191.764587  0.223578  2.485780      13.773632    713.744629  187.387634  11.409786  1.090798  371.861359
9   -27.261677 -32.499020  186.503113  0.333062  2.657604      17.194496    535.929077  211.268753  13.579174  1.016528  442.113220
10  -20.812212 -21.611979  181.961914  0.256040  2.488764      14.799311    425.558502  180.969131  11.412365  0.754126  447.073120
11   22.176052   7.982246  177.002258  0.210920  1.815810      18.574917    684.151978  176.762344  12.984172  1.362673  367.425751
12   21.103416  17.816113  176.906113  0.263298  2.419631      10.168336    600.136414  207.882446  11.888206  1.645156  398.283997
13   24.992384  19.707888  183.493820  0.230299  2.880349       9.373537    791.275391  226.847382  12.315652  1.688826  399.149506
14   25.028519  10.467853  183.342865  0.215455  1.554827      10.238831    693.713989  114.151375  11.787665  1.685437  411.117249
15  -32.683876 -18.257469  170.942322  0.264113  2.638463      19.312088    949.555725  227.409470  11.763438  1.515127  403.437256
16  -15.845474 -20.582840  188.949997  0.221092  2.631650      12.803508    860.283630  135.768265  10.114897  1.813615  361.148621
17  -19.698084 -23.946781  179.378662  0.269421  2.882612      11.208740    700.418274  182.801102  14.342553  1.489697  374.018066
18   14.051980  19.560625  188.763367  0.253394  2.429261       9.954200    609.225098  136.564316  12.452727  1.071547  371.216003
19    6.746150  18.685436  184.690659  0.267422  2.332699      19.435368    605.981384   81.933823  10.923184  0.529625  304.158539
20  -15.021152 -27.651039  185.977905  0.238692  3.742126       8.629728    711.802551  206.188416  11.528991  1.857211  361.569580
21  -32.360920 -12.525482  182.535629  0.230900  1.399033       9.927515    969.564758  177.474228  12.902484  1.427518  429.625305
22  -17.748709 -26.940390  183.757050  0.226893  3.799381      12.860647    461.741943  166.753754   8.479951  1.021832  369.039551
23   35.767918  10.239036  175.668640  0.248801  1.842585       9.545183    744.751343  239.263565  12.518224  0.472209  409.098602
24  -23.929794 -30.632977  180.106842  0.267527  3.681499      14.482338    719.583496  223.515823  10.660483  0.888460  350.347504
25   16.195805  17.702766  171.373245  0.256111  2.748795      15.060327    449.426819  126.981903  11.309149  0.801281  369.292084
26   13.546814  19.118778  178.435364  0.204315  3.596540      13.743692    845.673523  158.491638   9.657897  1.980132  341.106964
27  -22.627590 -19.991522  179.786652  0.215223  3.062217       9.098154    877.931946  233.647858  13.487664  0.854466  342.884125
28  -23.436504 -22.518936  181.485687  0.234568  2.900728       9.389354    453.048706  246.377792  10.838515  1.654906  424.249939
29   16.454264  19.267046  186.099319  0.236981  2.678077      19.267912    434.540283  136.888657  10.661254  0.546940  375.646851
30  -13.964881 -21.025600  177.458115  0.218256  3.318581      16.083794    962.588501  159.980515  13.625915  0.934913  303.455444
31  -19.942410 -29.527880  189.773132  0.271062  3.000435       9.978070    767.737732  243.605865  10.147640  1.009792  370.630219
32  -21.385767 -22.442360  186.609680  0.210984  3.353330       9.313124    558.921692  194.344376  10.988070  1.841606  400.548065
33  -13.714413 -17.009951  175.360428  0.204983  3.063750      16.886700    407.497162  144.157700  12.119303  1.638239  377.882263
34   -8.941081 -23.163731  184.210846  0.219607  3.635658       8.073943    932.458252  214.490814   9.230802  1.311628  329.044769
35  -17.672388 -30.382040  183.806290  0.257920  3.754353      17.848034    401.812500  205.665710  11.573885  1.419990  403.569824
36  -32.204678 -32.408882  174.128448  0.330430  3.339407       9.384140    847.461609  234.195023  11.376704  1.597341  427.171906
37  -16.279833 -23.701218  190.647614  0.221768  3.058594      14.544835    523.447449  180.251846  12.005157  1.005518  361.893066
38  -25.985832 -14.174810  171.367249  0.250927  2.194851       8.970140    570.580811  119.017914  12.016307  1.891157  424.100281
39  -12.039074 -13.855113  186.828079  0.205288  1.887495      15.122712    579.174011  123.709473  10.548866  0.738553  331.886658
40  -22.214203 -18.298006  188.264374  0.241291  1.788190      15.461418    965.760498  108.783554  11.684566  0.777016  351.564148
41  -16.763998 -30.273603  175.302994  0.264126  3.948921      10.597301    431.373901  159.245895  11.832872  0.591223  350.094757
42  -18.812134 -26.245358  189.401596  0.243267  2.927388      12.088948    848.572144  158.269135  11.104582  0.810145  346.641571
43   -0.523057  16.421982  184.275879  0.221231  2.746877      15.316401    967.474731  129.539124  10.672723  0.815092  289.402191
44  -22.250622 -23.403473  175.326553  0.245895  3.165205      14.949098    939.840881  196.820511  10.835794  0.954690  333.456207
45   13.075789  13.860157  179.410217  0.239289  2.108959      11.480555    426.188293   98.350708  10.063977  0.300531  396.082489
46  -12.056095 -31.993889  190.847183  0.301608  3.164035      12.768502    428.072571  150.191452  11.168524  0.753307  379.445374
47   12.739162  28.174599  184.770615  0.307922  2.968465      11.991210    626.683960  182.704224  12.890730  1.157146  355.267059
48   22.766235  23.848564  176.519028  0.263798  3.388443      15.586697    801.200623  218.481506  11.607615  1.335633  355.090881
49  -19.186670 -36.413998  189.268295  0.284177  3.734698      14.975307    905.440918  208.157730   9.918839  0.691650  323.670807
50  -25.825163 -25.860273  189.125366  0.239357  2.779114      12.986777    613.569092  244.259811  12.899363  0.554438  377.233124
51  -23.023624 -22.405785  182.710938  0.253532  2.556777      17.642057    878.098938  209.214767  13.199011  1.851084  382.473267
52  -30.162903 -20.103464  187.405426  0.253164  1.754636      19.177111    775.265686  223.324158  14.041166  0.659880  395.612061
53  -21.394516 -21.738440  180.385254  0.279439  2.365779       9.865574    491.612122   95.895050  10.258327  1.164234  412.426971
54  -25.799938 -15.200876  187.050537  0.201426  1.821565      10.742931    939.802917  165.735367  10.660490  1.744040  404.473541
55   16.404114  21.286814  179.748184  0.306586  2.304326      11.593190    994.380127   85.485504  11.014295  1.888831  387.414215
56   25.562275  11.148887  187.123779  0.205419  1.481053       8.209027    469.063599  171.735748   9.888711  0.646657  436.704865
57  -19.519728 -22.492538  182.796066  0.245649  2.767463      10.851706    834.918091  172.690414  13.342555  1.722925  375.405945
58   22.112421  18.171442  177.916504  0.256749  2.584693      10.302777    566.923584  147.088623  11.051120  1.411201  400.945892
59   20.823910  15.774938  183.656723  0.229368  2.334574      17.432421    537.987610  218.128128  12.600510  1.241692  385.075104
60  -30.381144 -23.038532  180.248367  0.250513  2.949657      16.258694    501.182434  193.230255   9.262299  1.808371  443.241211
61  -14.256093 -25.005583  188.101028  0.246724  2.856288      16.049854    820.609802  177.604660  11.976005  0.862686  322.411804
62  -10.681293 -20.720978  181.577225  0.200389  3.321252       8.950427    404.006134   98.869980  10.451483  0.931217  383.342712
63  -27.557072 -14.647617  175.318253  0.229930  2.199257      18.345490    625.656311  181.666855  10.130861  1.131331  388.604614
64   -6.116682  22.802797  192.369141  0.239328  3.633408       9.656339    489.646942   86.986244   9.069963  1.862709  346.557526
65  -11.714454 -29.917393  185.810562  0.261968  3.672985       8.516068    740.314636  128.365005  10.465361  1.727181  349.657227
66  -22.664288 -25.194174  178.499146  0.239468  3.367965       8.801120    977.644653  183.482391  13.031857  0.508654  298.596558
67   30.585783  17.432325  182.803986  0.251148  2.168558      10.134217    665.573853  237.376053  15.190404  0.842863  423.218384
68  -22.939877 -24.687031  186.838669  0.211995  3.226287      18.591202    917.725952  184.266541  12.779763  0.433219  279.042358
69   13.664557  21.745832  184.634354  0.239463  3.198711      16.353418    740.756653  124.267052  10.960067  1.426160  342.470337
70   35.131275  12.604326  185.221008  0.260294  1.263037      18.689671    730.528198  204.763016  14.149473  0.616539  425.137787
71  -11.812759 -36.436047  189.947617  0.301771  3.670774      11.339674    982.091431  149.979019  10.838701  0.869768  311.825684
72  -21.085073 -19.297302  176.738937  0.209675  3.437524      10.483229    417.042938  208.893631   8.642058  0.652226  438.574249
73    8.109733  24.289761  191.023315  0.240270  3.436129      11.026269    510.128906  111.327477  10.098244  0.565532  326.628693
74    7.232470  14.342778  185.966721  0.214443  2.514671       9.924859    452.034149   86.874443  10.845510  1.163602  368.012726
75    7.992285  24.317255  193.612015  0.261961  3.020716      13.022122    852.812561  145.684296  11.164484  1.198932  332.867767
76  -33.915455 -16.067783  176.059143  0.219752  2.497269      16.751827    653.375549  241.837082  12.392059  1.056587  418.391235
77  -21.496031 -16.716425  178.094894  0.208643  2.627995      11.576042    684.419495  246.174866  11.884077  0.858330  353.418701
78  -14.348850 -14.374553  182.925507  0.215011  1.932516      13.066726    461.366119   93.729950  10.866644  0.766473  375.368042
79  -19.362789 -39.896122  189.028748  0.344494  3.471245      14.264502    999.312378  216.650192  12.901984  1.426669  371.734772
80   15.136052  11.482127  188.926208  0.205167  1.768006      16.813288    670.194519   90.769516  10.033455  1.673128  368.980072
81   -8.459798 -22.998074  175.509766  0.212520  3.806170      16.511436    464.321198  209.486526   9.279596  1.689228  340.071198
82  -29.445623 -28.138775  180.545883  0.324204  2.528234      19.864307    589.954346  166.207016  10.995564  1.364821  435.779144
83  -32.159878 -23.552162  178.327515  0.275990  2.726613      14.580727    622.124329  206.575806  12.980330  0.455808  392.311737
84  -18.996962 -16.874022  180.975296  0.207470  2.500909       8.983730    495.732117  187.120392  13.472505  0.391063  357.262970
85  -15.856102 -31.757010  181.299759  0.293959  3.362562      19.353153    646.212524  113.601738   9.589957  1.968968  354.866180
86  -13.762621 -18.321840  179.835175  0.295016  1.793423      15.420403    784.597351   13.570555  11.960201  1.870445  376.595490
87   14.588455  21.979149  188.957703  0.263484  2.799765       8.084022    402.843048  146.444656  11.413516  1.956885  448.051697
88  -21.796270 -29.313156  179.839981  0.254560  3.696501      11.333890    869.348145  200.632294  12.488212  1.680570  370.242401
89  -16.617498 -13.852106  180.955750  0.204770  2.078938      12.113433    676.111389  130.265976   9.488014  1.919781  371.323242
90  -25.896471 -25.578085  189.187973  0.232542  2.894190      14.449606    989.190613  204.309219  11.907710  1.484569  393.837860
91  -14.501355 -29.130232  186.790482  0.240199  3.864303      17.100622    605.846008  168.214737  11.753397  1.054034  332.990814
92    8.946651  28.974907  185.338120  0.263451  3.802762      14.887422    705.440552  142.490189   9.834519  1.429516  328.677124
93  -10.759690 -22.178522  190.335770  0.232874  2.921900      11.803990    430.072174  160.446167  10.437497  0.810359  370.462097
94  -19.534534 -23.404266  188.624908  0.204070  3.058468      13.630359    676.202148  100.889297   9.858680  0.536708  323.972961
95  -26.947062 -25.529182  189.288849  0.265026  2.357098      18.002731    474.647827  238.389206  12.230412  0.773758  440.179688
96  -22.328064 -26.349985  175.211853  0.285314  3.157224      12.785419    439.464325  116.017174   8.852357  0.507678  385.406372
97   -8.598017 -24.736544  174.576538  0.255287  3.282325      13.826467    440.494995  104.648964  10.129698  0.649226  333.854950
98   24.600899  20.436665  180.364273  0.256588  2.717158      19.883137    537.455811  205.707596  12.528722  1.335899  393.669067
99   19.403797  30.831230  181.896286  0.325888  3.126868      19.511721    408.583557  177.621368  11.815239  0.598434  445.184326
100 -29.322800 -15.633659  173.923737  0.255257  2.133108      19.044371    726.717468  160.989548  11.800385  0.765502  379.530975
101  -8.217834 -29.351389  182.618759  0.266339  3.677520      12.664207    413.949829  116.364937  10.865825  0.648772  334.058533
102 -21.727913 -22.022652  175.658829  0.234727  3.319759      15.446648    900.619690  172.125641  11.483124  1.393319  349.068817
103 -13.687088 -26.747475  190.883362  0.241790  3.322426       9.436028    441.851562  225.970474  11.518982  0.929952  386.699036
104 -12.529241 -18.287262  185.470078  0.205527  2.643712       9.378683    927.745300  204.641205  10.211624  1.952398  367.612030
105 -21.489834 -22.872530  176.478348  0.213520  3.669815      15.769114    815.033691  230.967957  10.705177  0.676885  306.208862
106  18.626276  22.166439  172.401382  0.268020  3.218506      10.742274    830.300232  145.087646  11.260889  1.564629  356.695770
107  10.860403  21.232964  180.337051  0.244479  3.051152       9.345679    446.121643  139.715927  12.258318  0.657323  359.742615
108  18.274271  22.886999  181.142426  0.272938  2.811920      15.093026    801.618713  176.056381  10.933341  0.707279  324.908508
109  17.454586  18.131069  180.055008  0.219904  3.186672      17.357145    402.158844  177.676743  11.151429  1.307989  414.013306
110  22.808929  13.103619  177.832306  0.217873  2.386203      13.838510    469.473145  247.377655  13.884986  0.859369  401.475433
111 -20.689671 -22.194479  183.656387  0.289643  2.086985      11.012403    544.123291   86.435219   9.315716  1.339498  414.588257
112 -14.160747 -23.740578  181.057739  0.220724  3.495992      12.673112    649.862854  139.087830  12.801050  1.845760  354.001953
113 -15.873723 -20.103413  183.307220  0.211268  2.800845      11.525798    848.642883  148.216400  10.318031  1.509285  356.059998
114 -16.393244 -22.054487  182.284805  0.212443  3.384051      16.881866    440.784241  185.460220  11.726903  1.184972  371.307098
115  17.196426  14.535244  183.592682  0.202802  2.442488       8.525985    881.295715  171.606613  11.405165  0.651458  321.549408
116 -28.800581 -35.193089  180.092499  0.330684  3.296084      15.528029    489.146423  195.563141  10.586600  1.690399  444.254578
117  22.173342  13.688622  178.953094  0.204737  2.619608      19.098618    573.346313  225.095612  13.989998  0.612763  341.583740
118  11.980621  17.274078  184.092300  0.223526  2.735580      13.439886    510.830078  108.198044  10.410546  1.166657  361.156189
119 -16.863045 -17.728228  185.542557  0.210117  2.675640      10.946910    428.484375   96.241463  11.246929  0.975951  397.404388
120   2.663972  15.861647  189.866898  0.269636  1.935483      12.188097    711.029175   44.615982  11.705099  1.601648  360.993225
121 -25.699995 -28.919708  185.911926  0.280376  2.874217      16.791775    496.911163  174.676086  12.051325  0.830297  413.745850
122  -6.537349 -25.849388  183.533020  0.260174  3.147127       9.535455    468.033173   78.436348   9.800273  0.250784  295.047363
123 -11.597671 -24.695208  186.547943  0.228325  3.567232      13.765495    532.616089  121.525208   9.710606  0.410994  296.222565
124 -25.058010 -22.685381  181.751541  0.304378  2.062882      17.694672    493.037872  129.998932  13.361371  1.503387  436.687927
125  17.277779  14.672249  177.105286  0.230246  2.493658       8.667567    527.451538   98.070488  10.772532  1.535249  389.401978
126  22.460825  25.149170  170.632477  0.317278  2.992875      15.855226    446.817566  196.914062   9.827096  0.971532  387.626190
127 -16.737200 -26.595642  193.283981  0.254483  2.844013      15.212674    439.786072  192.478775  10.659164  0.723019  404.829681
128 -25.889679 -16.734900  174.977829  0.230042  2.457848      15.414270    572.736511  165.236740  11.448895  0.817316  376.537231
129  -3.063386 -18.494909  176.348709  0.206348  3.021963       9.929716    523.033630   96.355507  10.332026  0.930605  338.207794
130  16.765852  18.182896  180.135056  0.246931  2.565387      10.805470    622.876160  128.603378  12.497443  1.230534  376.242126
131 -24.182928 -28.792568  185.722244  0.278210  2.947288      18.495598    503.649902  172.047913  10.111322  1.027708  406.322083
132 -22.377102 -21.776100  185.831680  0.246633  2.467854      11.491129    596.894531  211.908371  12.148307  1.976209  410.590912
133 -13.823284 -30.698120  183.783829  0.263587  3.629441      11.629891    722.955933   78.293373  10.707716  1.383489  343.932190
134  -9.543832 -20.823446  193.726151  0.215676  2.844480      14.754090    599.277893  200.651993  12.687838  1.532913  355.713531
135  15.788204  15.304789  188.243729  0.218608  2.412270      14.249458    425.933380  212.055954  12.568184  0.964958  397.941193
136 -18.986347 -21.778265  180.688461  0.229118  2.896709      16.029140    785.050659  217.120667  12.640900  1.439686  356.902985
137 -22.215782 -38.407898  176.793793  0.347285  3.751477      10.287790    830.287964  176.416183  10.361365  1.357562  351.634735
138 -14.064224 -25.160896  181.272888  0.224559  3.646659      13.154911    470.969330  117.669304   8.965113  1.623922  363.631500
139   9.986252  13.480715  192.949249  0.212792  2.140032      18.046482    713.626770  200.115341  10.387668  1.853271  353.784027
140  22.463434  16.376341  191.412064  0.204196  2.100182      17.951347    543.846497  218.336700  11.934312  1.734586  403.127777
141 -11.551517 -21.352379  185.470352  0.273127  2.244408      13.626796    878.046753  123.067039  10.330009  1.441191  358.257599
142 -13.087352 -28.374207  182.132721  0.245135  3.776668      10.218378    752.174988  161.759140  12.354907  0.936520  319.867096
143   2.835032  20.130733  173.790939  0.230921  3.204977      16.158976    615.634949   95.993637  10.728432  0.406665  262.653992
144  -7.051078 -24.025709  181.464874  0.232082  3.533850      11.744057    485.183136  162.471069  11.524780  1.036082  341.042511
145 -10.256080 -33.919643  183.279495  0.327725  3.163646      14.994809    724.361938   62.848007   9.955372  0.406276  255.699188
146  20.628771  16.993971  178.048752  0.223041  2.913231      19.967901    597.347534  191.039108   9.953247  1.739942  367.460693
147 -28.864222 -34.178699  173.184357  0.328865  3.547394      17.863895    892.687256  216.849854  10.871593  0.679200  326.610352
148 -11.023849 -30.916082  178.426758  0.280803  3.693141      18.319420    660.066711   84.254456   9.631606  0.953806  301.304169
149 -24.842958 -27.546116  181.364273  0.274734  3.129806      11.647862    526.069092  225.922638   9.228572  0.863063  396.038788
150  21.818462  20.509266  192.737366  0.266098  2.035987      12.093718    985.834595  206.447800  14.337015  1.365257  395.533447
151  -4.867131 -20.197779  183.389801  0.241080  2.575308       8.254175    695.493469   86.557259  12.359460  1.132651  346.865479
152  15.569403  16.191185  172.529419  0.262959  2.429642      11.709988    686.520264  117.692337   8.758142  1.756682  367.005920
153  22.468304  18.346647  177.433777  0.269467  2.557106      13.957528    814.414185  226.067245  13.452730  0.895849  353.373077
154  19.427746  19.792343  184.223923  0.225999  3.031569      18.696096    887.246948  187.633133  12.620886  1.666588  360.230438
155 -11.902940 -28.614447  198.196381  0.290980  2.543650      16.463572    940.126404  114.275902  10.070126  1.422519  361.929352
156 -24.346792 -19.343180  187.606689  0.250201  1.954165      15.436571    448.549438  152.193832  11.100737  1.129974  449.499542
157 -26.660694 -25.343107  185.986588  0.261453  2.596069      18.899214    475.098755  243.392853  12.254128  1.233539  442.586517
158  14.221105  20.004816  172.127792  0.233362  3.337629      12.373740    763.722839  108.999527  10.293801  1.412237  340.151672
159 -16.406296 -20.915623  181.687469  0.208162  3.422020      10.507257    428.406677  169.218735   9.708992  1.029350  383.084137
160  25.084988  15.165875  181.281067  0.222628  2.471114       8.954147    487.232178  156.046066   9.974833  1.272408  415.058228
161 -17.958904 -25.572363  187.342865  0.218020  3.482615      10.742869    671.919373  228.001404  12.114816  1.555504  368.892578
162  15.246802  17.911514  189.200912  0.220742  2.626675      13.395503    487.821472  187.491165  11.593722  1.008445  365.705261
163 -20.378990 -26.177639  179.309250  0.292954  2.820143      19.160004    608.313599  161.998550  11.455334  1.368357  367.787964
164 -20.971512 -21.997818  183.388412  0.236252  2.858706      14.379886    419.487183  192.160843  10.364706  0.986201  423.754242
165 -23.263634 -16.613935  174.673126  0.202529  3.009709      10.630780    558.897095  220.036285  11.524415  1.649555  388.276703
166  27.996147  11.820138  188.658691  0.227881  1.226782      16.281309    664.521484  216.082153  13.183301  1.935753  426.563141
167 -23.991798 -31.286650  180.286179  0.276153  3.651506      15.580227    952.895142  211.156982   8.522861  0.940751  341.558044
168  21.331980  16.511534  183.527435  0.275869  1.855779      13.361541    472.898193  129.303726  11.025235  1.571900  433.639374
169 -27.674789 -19.761911  176.080002  0.239947  2.865209      11.972698    577.282288  209.745377  12.001806  1.134102  396.009399
170   9.546549  26.102055  197.638229  0.292545  2.626580      14.646126    638.673767  129.447220  12.392101  1.666385  376.222534
171  11.896677  19.606106  183.733795  0.233358  2.927694      11.661005    432.362305  156.634476  10.631455  1.242604  383.653625
172  -2.229661   9.880398  178.192902  0.236267  1.561296      11.338987    606.708679   14.403460  12.004795  0.506167  315.677063
173 -20.318539 -12.382337  169.392410  0.200434  2.671257      11.325684    974.329163  130.451157  11.830943  1.847044  364.095581
174 -19.210419 -26.726751  190.818451  0.243220  2.908189      17.397678    472.061096  235.339676  11.075050  1.387414  394.325348
175 -10.074904 -23.587255  189.309235  0.226199  3.517787      11.581465    424.728027  166.112106  12.209100  0.903181  366.929230
176 -27.649315 -23.182243  183.489304  0.220179  2.988968      17.522982    919.149109  231.436615  11.738126  1.095573  374.831085
177  15.333853  18.375580  178.492447  0.214129  3.191022      11.301012    546.897339  139.302673  11.782653  0.626004  336.120728
178 -16.016359 -20.742659  182.903656  0.234312  2.577017      16.493765    533.237915  131.347275  11.790870  1.216691  365.503937
179 -19.471991 -18.134226  183.421707  0.218404  2.484447      15.901191    901.489929   82.558495   8.893929  1.266690  347.898468
180 -25.651394 -20.302256  185.923477  0.248868  2.171168      12.094296    870.425476  208.513489  11.341966  1.836671  414.655060
181 -14.011842 -23.497679  187.695236  0.212419  3.232703      13.931092    984.100281  109.381508  12.494932  0.678389  290.049866
182 -14.403636 -14.053607  172.951782  0.240715  1.980320      14.424054    853.659912    5.409782  11.063368  1.007038  338.285828
183  14.755209  11.470346  169.622162  0.249719  2.003331       8.396245    484.270966   74.019684  11.614192  1.631822  392.445129
184  24.946758  29.329874  182.579529  0.316233  3.037913      11.331126    656.189636  246.078003  14.647847  0.602709  372.339752
185 -27.249636 -21.490784  196.080643  0.231587  1.568037      12.817534    939.146545  186.017242  13.545041  1.114046  406.620850
186 -15.464566 -20.008047  180.300034  0.247746  2.408489       9.351001    916.964172   80.554398  12.971486  1.990736  378.505310
187 -27.482708 -24.226498  179.593216  0.278990  2.600179      14.607750    773.134705  247.928116  14.441501  0.350779  312.655914
188 -30.616215 -23.576155  191.049545  0.248945  1.981705       9.798005    998.270447  240.832245  13.856338  1.079460  426.638245
189   8.510769  13.487714  186.336304  0.202069  2.388391      15.988619    756.189453  123.033546  10.482849  0.725507  303.835693
190 -12.935593 -26.567986  180.542175  0.240981  3.632429      18.729446    778.507996  186.262283  10.302994  1.907534  330.853729
191  -9.629877 -27.021521  188.986633  0.268493  3.185818       8.525854    404.341919  156.641754  11.327165  1.521097  419.155029
192  20.317268  28.172329  177.141830  0.292910  3.432060      19.539928    464.737854  172.713028  10.941925  1.865595  372.161926
193  12.388659  18.541513  184.096878  0.218774  3.028259      19.873566    425.388245  161.787399  10.892604  1.715677  367.747742
194  20.786575  15.070203  186.696213  0.224717  1.993578      18.923899    678.823181  141.245117  12.394187  0.949123  365.059814
195 -25.731373 -15.494860  177.016693  0.209419  2.642413      12.201440    465.529388  161.848572  12.299342  1.311854  418.643829
196 -21.670889 -34.645351  182.657562  0.286693  3.803931      11.091243    838.433899  213.389587  11.954744  1.119871  357.506653
197 -14.205992 -21.027933  191.191360  0.220817  2.866484       8.491052    464.151337  115.836060  11.767931  1.762542  397.015747
198 -21.018623 -22.751169  182.680344  0.242745  2.779906      11.365343    588.783264  140.115112  11.745036  1.546174  389.544312
199 -15.559543 -20.320744  176.283371  0.231157  2.842664      11.279064    441.372833   92.881706  10.612160  1.378114  382.664185
200 -10.803602 -21.416098  184.250076  0.231813  3.005971      12.075459    412.293884  133.792419  10.939484  0.526663  374.853943
201 -22.268883 -22.051815  181.284897  0.303415  2.106597      19.807482    500.473114  117.100075  12.260983  1.265951  402.940704
202 -24.081131 -32.726479  177.255371  0.295863  3.726457      12.009336    810.070251  204.137360  11.520401  1.121081  355.764709
203  19.409716  23.668535  187.234818  0.279664  2.550024      12.417182    468.946503  121.592964  11.810074  0.456246  391.746704
204 -11.380545 -25.573149  192.880814  0.227870  3.175819      14.978048    742.225098  190.002335   9.920806  1.282464  338.638611
205  -3.000261 -26.441568  186.995270  0.307439  2.534306      11.677466    661.591675   25.648651  11.359345  0.765919  327.783478
206  -9.417930 -24.726841  190.822739  0.227194  3.537455      12.430772    421.451904  179.679810  10.616466  1.847096  375.888275
207 -26.016539 -15.184675  173.842743  0.229841  2.504452      11.314589    452.252777  224.588898  11.458190  1.384955  430.379395
208  10.589141  24.275465  179.401474  0.291650  2.910639      19.701683    659.352844  119.997223  10.512864  0.934923  317.109741
209  13.777225  25.560520  179.330872  0.281766  3.122198      14.234901    857.504700  137.484543  10.635594  1.235470  332.951538
210 -19.781670 -20.029491  169.190918  0.212233  3.687702      11.129753    472.411957  155.238281  10.388621  0.661029  349.780792
211  20.663652  12.483689  180.840302  0.219720  2.052296      13.335748    459.374390  186.828888  11.467554  0.840598  400.755157
212 -31.018248 -22.208963  185.104416  0.282109  1.998594      11.608498    635.115112  200.352753  11.987397  0.737239  436.754913
213  26.319614  14.588653  188.617523  0.222579  1.759892      12.549047    988.013306  205.759140  11.613772  1.582609  404.108856
214 -31.197575 -26.074532  179.849899  0.320598  2.359858      14.298311    605.701050  204.284454  13.737924  1.157842  448.080048
215 -14.424894 -19.335373  184.501358  0.224341  2.820079      14.351629    402.185120  167.549362  11.285963  0.213121  421.129913
216 -30.556059 -29.556210  191.903229  0.302467  2.131807      15.863245    750.310852  230.971451  13.133290  0.814458  439.345978
217  26.956881  15.533669  189.214172  0.202132  1.974161      19.463478    779.421936  234.637604  11.748778  1.337485  394.700775
218  21.408796  15.263326  187.366776  0.210094  2.261472       9.379576    742.727417  247.548431  12.050367  1.704092  394.047668
219 -14.660295 -19.964104  184.725296  0.245482  2.327395      12.762976    531.857361  166.133133  13.455054  0.885984  359.983978
220 -18.272625 -26.929344  182.132462  0.243740  3.505409      19.602999    422.862091  201.857040  10.790210  1.130087  378.473999
221  15.069615  29.000261  195.776154  0.326817  2.432563      17.810175    665.402100  119.509933  10.046656  0.889610  367.290985
222  23.142019  15.072516  185.261292  0.235207  1.984038      11.838829    921.071411  183.386169  11.608275  1.569351  392.948639
223 -21.872375 -30.437635  179.936600  0.290753  3.320366      10.760357    500.096405  184.285400   9.524520  0.894669  385.462646
224 -23.294949 -35.234619  176.367752  0.327456  3.558398      14.906857    795.412415  154.324188   8.859544  1.837654  365.713531
225  17.057413  25.063553  181.625092  0.292219  2.813669      17.079569    984.960815  154.830231  10.367885  1.130434  339.930573
226 -30.267647 -13.927016  185.371124  0.233661  1.246108      15.803697    852.611450  149.508774  11.927857  1.540022  426.861328
227  20.523485  20.574125  179.655014  0.234902  3.158155       9.844548    558.664001  226.008850  10.705989  1.114318  381.909607
228 -11.680486 -26.507214  190.128235  0.251809  3.082736      17.494673    765.303772  197.256760  11.808415  1.019984  320.173401
229  27.503693  24.757980  178.376801  0.301151  2.859933      17.843216    599.830505  228.179962  12.058675  1.469664  408.521851
230 -17.267933 -22.970102  172.857422  0.208720  3.931906       8.113691    901.631531  218.147430  11.654934  1.322320  336.037781
231   4.892557  23.255020  184.501602  0.236336  3.515290      19.422968    710.907654  144.799332   9.445268  0.625476  265.646851
232 -13.491477 -30.777321  196.352356  0.264159  3.194647      12.447408    595.559631  143.387314  12.055238  0.765915  348.244812
233 -24.451666 -16.290506  183.408646  0.232495  1.923706      15.078239    578.093018  101.094009  11.327898  1.209475  398.225159
234  23.718521  15.253143  170.930191  0.251259  2.574080      14.639296    930.096313  179.174316  11.900106  0.700493  329.266388
235  13.942319  18.342264  192.060822  0.223392  2.531333      11.683837    783.272522  234.766724  13.542735  0.541941  304.659424
236 -20.901817 -22.774542  185.089905  0.282661  2.190562      10.440910    898.857239  151.412292  13.085366  1.427047  393.304596
237 -13.284385 -23.690430  184.095612  0.231198  3.129027      17.868334    956.014465  181.617020  10.173921  1.898867  341.874023
238 -20.052002 -33.537582  188.967896  0.280881  3.420935       9.170001    864.412537  178.175674  10.809314  1.998569  398.577850
239 -23.287840 -34.370617  185.488846  0.317446  3.125354      12.715576    894.837097  232.760666  13.443964  1.903408  403.761230
240  14.177096  21.811100  184.369934  0.289519  2.423334      11.630168    843.615967  104.686066   9.879901  1.680475  370.265198
241  26.490431  13.792332  175.546921  0.275912  2.010500      15.422503    779.682739  217.495422  13.741482  1.537656  405.750793
242  36.729084   7.389718  177.491287  0.236024  1.549423      14.167958    705.337769  241.957947  15.587866  0.607702  425.079742
243  15.061002  14.969894  181.584518  0.231231  2.345945      16.568085    760.389343  162.721390  12.480109  1.085798  339.825134
244 -32.568420 -22.494522  179.365829  0.227755  3.068058      19.683735    767.671326  230.050583  11.259617  0.518239  359.843567
245  17.852911  30.756451  187.100677  0.345387  2.723351      13.689096    774.567627  167.939865  12.992044  0.986667  364.683289
246   3.490987  21.551598  191.830872  0.242398  3.089210      10.729880    617.607117   83.426453  10.238183  0.865933  320.481720
247 -17.603664 -24.909328  184.706055  0.224391  3.379718      14.816180    455.282623  212.560471  10.439293  1.213785  374.739380
248 -23.358292 -19.528421  194.881332  0.203726  2.006399      18.339146    545.536926  232.838638  11.011274  1.500906  395.605011
249 -24.204771 -18.781641  172.143707  0.237832  2.814544      14.851116    671.402100  177.721954  11.210379  1.490081  376.584412
250  26.669123  15.845692  175.002441  0.225412  2.953257       9.922725    533.308655  243.279114  13.329938  0.407450  371.005341
251 -15.483906 -17.972771  183.558365  0.214024  2.505302      13.853199    763.361511  107.194458  10.847361  1.600516  357.703217
252 -27.174061 -19.827570  182.473282  0.249367  2.234506      10.070807    645.075989  166.723434  12.363571  1.534672  430.815857
253 -23.612123 -17.906614  189.236984  0.219484  1.828188      10.149539    731.940063  126.317162  10.211693  0.706110  378.312866
254 -25.792723 -19.783018  177.648087  0.223056  2.961712      14.085519    627.801025  176.471237  11.064761  1.111410  378.655975
255   4.941835  23.010908  186.082443  0.237058  3.544449      16.755005    572.212402  105.322449  10.344624  1.903556  332.653992
256  12.265809  21.090042  183.289124  0.210882  3.497732      15.106083    556.271240  184.174576  11.656096  0.772861  325.496704
257 -14.304137 -25.901768  184.610046  0.262593  2.884249       9.574814    643.778320  175.511749  11.303111  1.275453  368.477509
258  10.915619  23.489317  186.582840  0.258568  3.136226      11.797567    788.224548  152.726990  11.000449  1.251068  340.852081
259  21.735714  14.077729  190.771973  0.216141  1.662769      12.148003    691.969116  159.627426  12.504694  1.772492  402.745331
260  19.259878  19.627165  187.560425  0.218700  2.800643      12.049336    530.086792  201.568146  11.783047  0.502346  360.135986
261 -19.571728 -19.812468  178.292282  0.236429  2.721236      14.053683    613.216125  152.170715  11.224592  1.606128  375.839569
262 -19.299847 -24.788664  182.407257  0.235578  3.168271      11.284026    921.674561  185.731430   9.367819  1.132458  347.251556
263 -22.524282 -21.151876  193.650604  0.212406  2.314043      10.051749    532.213135  222.385223  11.646111  0.408920  366.259552
264 -22.826691 -22.710527  185.175308  0.202914  3.630516      14.807855    484.581421  238.384735  13.484050  1.041101  388.458893
265  15.541436  11.590259  178.670609  0.206683  2.412396      10.638898    434.732391  156.484909  11.032849  0.920006  388.668976
266  25.457378  23.325294  185.585098  0.267105  2.748964      12.320120    500.049713  206.282394  11.948001  1.781070  438.128784
267 -28.101606 -21.947355  177.232178  0.206141  3.668049      10.760730    761.199585  247.115891  10.914248  1.669066  397.342590
268 -21.315563 -34.325298  180.361954  0.313480  3.461884      14.618183    763.512756  184.047501  13.076023  1.756621  369.467590
269  17.680595  29.489393  181.753098  0.295885  3.411497      14.051665    717.166931  189.388901  13.843592  1.221253  352.164520
270   9.049345   8.648510  179.609573  0.205399  1.646750      14.228285    439.720703  102.297150  10.942184  0.879427  368.303497
271 -22.533070 -17.799215  180.698013  0.240919  2.201342      16.631266    445.016083  109.901100  11.747662  0.873327  419.087769
272  13.804395  20.811899  177.308121  0.269097  2.747270      11.387808    773.115234  163.173508   9.752068  1.942299  369.562439
273  -0.640127   9.117262  190.694519  0.235184  1.571485      14.427979    419.414581   46.198997  13.261893  1.186498  382.076904
274  23.746429  28.923485  189.358719  0.284761  3.034063      11.659842    874.640869  221.086441  11.414236  0.710529  368.772797
275 -19.440254 -28.364754  181.731461  0.255283  3.571935      12.740968    529.529297  140.314117  10.313653  1.471313  377.305176
276  -7.751533 -27.051407  184.204834  0.254534  3.331679      12.026872    729.641357  129.578339  11.962972  1.174893  323.221405
277 -11.422382 -22.957605  190.677277  0.215713  3.040197      17.609612    852.863037  156.868881  13.025726  1.253201  327.912506
278 -19.891546 -28.435581  189.545883  0.248232  3.392430      12.273725    471.091858  243.953842  11.102855  0.636444  389.553436
279 -15.664249 -15.673454  184.974396  0.202232  2.440733      15.271415    453.305237  191.716919  12.130359  1.939354  383.362762
280 -27.319290 -23.065136  185.995209  0.269328  2.176912      15.816779    895.597717  241.468430  12.913685  1.114687  400.847473
281   3.445123  13.713595  191.733597  0.208700  2.531030      13.872893    686.016113  129.611862  12.398073  1.080448  327.731842
282  11.450985  11.653701  183.108505  0.224550  1.888569      10.144838    644.044556   74.770638  12.903942  1.257531  359.567230
283 -26.479839 -20.286295  186.480148  0.212289  2.466779      16.755075    753.554993  245.343582  13.180432  0.615642  349.592346
284 -12.589733 -29.980055  185.387497  0.255314  3.697294      16.990318    466.235931  195.362305  13.500712  1.401523  351.671875
285  21.451855  14.137138  171.257599  0.250826  2.374489       9.262396    591.432739  149.371155  11.338002  1.293213  388.123138
286  11.718101  16.610039  195.948898  0.222448  2.289481      10.257282    410.650726  179.325409  11.504312  1.278372  424.072113
287 -23.274141 -15.519519  176.042572  0.215456  2.518112      13.805976    645.101196  195.435120  13.186208  0.720756  350.413727
288 -17.786339 -13.680455  179.927094  0.201099  2.098911      10.671971    714.362122  164.317490  10.721922  1.573189  370.779663
289 -19.957214 -20.063238  185.443512  0.219362  2.642511      12.548943    578.707886  220.580536   9.419129  1.089339  376.497711
290 -18.844187 -28.568432  178.904495  0.260829  3.825304       9.951996    497.628601  234.867874  10.714396  0.716162  348.828033
291   9.232072  21.308630  189.583252  0.213737  3.536368       8.529767    457.168182  245.548615  12.495049  1.305544  364.470093
292 -17.841555 -31.982533  183.022385  0.294591  3.420710      15.516266    565.037964  219.878036  10.523559  1.642774  360.001923
293  20.471828  23.462120  174.959915  0.258157  3.604290      12.653688    424.222290  211.727203  11.983798  1.940499  392.397247
294 -26.360794 -24.270247  184.258072  0.287021  2.299040      13.859563    551.434814  178.160126  14.206189  0.456868  392.683990
295 -20.537462 -28.516562  177.247696  0.264264  3.572004      16.034689    639.441833  215.669113  11.770991  0.753084  325.756592
296   6.895494  17.513594  189.542389  0.217752  2.795087       9.592550    932.267883  165.878662  12.470395  0.951682  314.498016
297 -27.620895 -19.920929  179.421082  0.244131  2.603834      19.901558    563.271301  157.326447  10.838040  0.992645  389.418549
298  -8.958523 -26.470514  185.008774  0.250343  3.403279      14.725864    553.332581  130.604507  10.505485  1.929174  354.330994
299  12.195812  22.872553  179.003784  0.231846  3.867957       9.746001    487.954681  184.968445  10.169001  0.989727  343.346130
300 -24.710443 -27.328266  182.741364  0.285327  2.862357      13.527473    633.628845  206.268295  12.445921  0.972829  389.238525
301  -1.100149  10.612166  179.307526  0.213698  2.090054      12.053537    694.960754   88.232254  10.533102  1.894970  355.944427
302 -17.203863 -23.200338  183.254944  0.232652  3.011252      14.228252    952.959473  163.438843  12.264724  0.399599  251.887466
303  12.543035  16.164927  190.410110  0.255435  1.908747      13.677926    679.032227  107.677048  13.508841  0.609665  326.289062
304 -13.588036 -25.507338  186.574356  0.297212  2.382512      15.323312    539.181274  109.759811  10.637028  1.786855  388.058563
305 -21.297909 -21.410801  174.654434  0.201028  3.797806      11.848779    925.159302  224.044327  10.844980  0.992039  328.667053
306  19.605530  17.785332  190.792618  0.232086  2.114074      12.885086    449.992493  192.240494  12.909657  1.298232  422.721497
307  -6.212023 -27.294802  181.276932  0.246378  3.578017      12.030530    422.126465   94.275291  11.338652  1.610140  360.566284
308  19.131262  25.751648  181.229080  0.280956  3.148401      11.840810    747.450073  217.948868  10.763456  1.382477  370.391174
309 -22.252609 -29.302267  184.603760  0.279327  3.038114      13.159636    611.312622  169.009995   8.583938  0.338112  328.341034
310  27.747885  10.714227  184.037628  0.228257  1.396760      14.990211    874.560303  121.111366  12.049104  1.092673  401.944489
311 -30.593964 -19.752861  176.091034  0.246673  2.728528      16.641346    514.789795  243.833603  10.799855  1.997348  434.004913
312 -14.076696 -19.681025  184.037704  0.200098  3.126155      16.587791    689.626038  220.290222  13.138082  1.871901  350.386810
313 -33.897270 -14.487317  180.631775  0.239044  1.633846      12.584877    610.674133  217.448853  11.586613  0.771135  449.754608
314  14.128322  11.402777  179.311127  0.214526  2.361091       8.811545    439.238586  209.420502  14.706868  1.359461  392.627716
315 -16.365364 -32.575321  194.261261  0.270734  3.260348      13.567579    573.880737  225.593185  11.177784  1.698285  392.412720
316  16.426712  19.609299  181.799332  0.235038  2.868063      14.944869    971.223511  173.722748  10.277807  0.931345  322.072083
317  25.890039  16.359077  179.459915  0.236274  2.437433      18.007376    486.181458  240.857071  12.434206  1.096011  408.988281
318  20.370552  19.308432  185.976395  0.223778  2.912561      11.541106    579.273010  236.691147  10.884708  1.583369  384.707855
319 -26.019838 -35.515934  186.766342  0.305943  3.296928      18.109989    663.655762  241.902328  10.307247  0.929443  398.000153
320   1.725773  21.271446  184.100952  0.229596  3.308974      15.217623    531.821655  115.217300   9.180915  0.490205  288.000549
321  21.324093  20.581272  182.930939  0.276524  2.350623      11.589993    848.102417  169.925598  11.936016  1.871220  403.207336
322   8.318256  28.359890  190.881195  0.290866  3.128713      11.759688    844.200745  149.429626  10.405214  1.787125  351.145630
323 -14.484834 -20.746788  190.740097  0.202565  3.010053      14.115903    933.259705  187.001785  12.161036  0.795161  310.423065
324   7.257360  20.145222  183.618469  0.211152  3.478366       8.360369    669.910767   57.227867  10.187566  1.661795  346.703918
325  16.116045  22.337040  177.609467  0.282556  2.885597      11.896595    567.248047  167.383545  13.262216  1.240096  365.468536
326 -24.279154 -13.495547  175.999710  0.210971  2.165481      12.703413    707.322021  178.350021  11.255707  0.747850  353.011505
327  -9.947903 -32.566135  192.542358  0.293003  3.276366      16.628101    943.398376  111.177925  11.607390  1.410037  336.173309
328  13.703965  14.024905  181.543915  0.211014  2.472249      14.276729    720.691406  116.070992  11.969605  1.332749  347.999298
329 -17.560003 -14.821594  177.769348  0.200264  2.429713      19.362213    409.821716  106.556183  10.611585  1.228551  381.693939
330 -28.488865 -40.072140  182.666702  0.341290  3.693509      18.305544    853.053223  217.302429  10.033167  1.393739  401.158295
331 -34.690598 -22.294744  178.320038  0.272759  2.485725      14.821623    622.843933  221.714188  11.772714  0.381486  411.130096
332 -28.475977 -15.116726  175.061371  0.212474  2.855329      10.674565    478.987946  197.447540  11.047330  1.707577  428.548828
333 -20.995377 -32.517208  179.376007  0.322016  3.208249      14.591389    571.326660  172.220062  12.360558  1.792804  383.268311
334 -26.633257 -22.824499  189.403610  0.206419  2.698785      12.213791    665.266785  181.943878  11.966305  0.429005  358.939056
335 -26.665134 -23.786222  175.142776  0.262924  3.070135      10.639740    521.988647  242.085754  11.598048  1.035241  410.104980
336 -15.425648 -30.444195  173.044067  0.284117  3.686534      11.532578    569.968689  164.430893  11.234099  1.363202  338.272064
337 -27.648876 -27.628914  180.656281  0.267018  3.154879      17.585424    797.105225  247.078232  12.679153  0.759654  366.113464
338 -10.996212 -18.587658  188.248199  0.249440  2.108646      14.426663    524.388245  109.781197  10.631884  0.640220  344.545898
339   6.890119  26.128143  177.292877  0.248242  3.905132       8.446058    459.431183  100.337753   9.664982  1.021284  331.232391
340 -15.102711 -18.919790  191.065475  0.222143  2.200178      17.583824    980.553528  122.421188  10.798316  0.519038  278.374176
341 -19.153522 -18.818939  189.960464  0.215075  2.191276      12.507123    816.160461  148.828445  10.600001  1.237166  366.049896
342 -24.468241 -13.100755  172.777802  0.209567  2.350899      15.511440    682.910034  181.231064  12.887424  1.810691  390.917419
343 -19.906281 -24.320816  188.068756  0.288766  2.192721      11.180641    464.485565  150.458466  12.631622  0.660802  418.551666
344 -13.664971 -32.066147  191.313644  0.246329  3.935165      10.778290    673.700500  231.311920   9.993629  1.678400  364.922852
345 -17.190578 -33.647919  189.312759  0.299706  3.210220      11.334944    619.117920  126.206017  10.797193  1.884472  393.118530
346 -22.934387 -24.501781  182.229233  0.285048  2.535097      14.551217    815.451477  164.628998  12.452044  1.454103  382.538727
347 -29.083195 -22.130573  177.104172  0.227574  3.336871      11.040279    777.573425  210.061508   9.933426  1.391255  400.940643
348 -19.549227 -20.102741  186.100021  0.204137  2.774623      10.307130    492.627380  122.726410  10.671068  1.227819  392.826294
349 -11.561419 -24.459833  182.635986  0.206333  3.855207      12.010722    607.357300  200.437347  12.239987  1.150306  335.991394
350 -28.646343 -10.803591  177.851486  0.215699  1.643893       8.239848    602.326294  137.213745  11.115059  0.710083  406.556274
351 -10.146532 -33.156357  181.864197  0.282406  3.942318      16.689722    487.771606  127.220451   9.013659  0.964300  313.982544
352 -26.797531 -30.622158  179.617508  0.309566  3.025771      10.967921    783.343079  200.336700  13.128313  1.831558  413.173889
353 -16.199608 -20.812235  183.747726  0.202425  3.215259      13.127125    561.098633   84.596954  11.261078  0.388383  302.987823
354  25.943436  13.320577  179.214172  0.263071  1.923342      10.166517    579.122437  180.408737  11.827759  1.810959  430.355530
355  -5.431939 -26.837969  186.417572  0.222179  3.886304      18.756836    607.622681  129.187164  11.084313  1.063453  303.660248
356   6.427674  16.933743  174.919464  0.204158  3.572932      13.726169    956.601990  169.692886  11.068096  1.275567  311.214478
357  20.796707  26.086056  179.855362  0.284638  3.201416      13.492558    838.033386  226.498779  11.536376  1.604151  370.913910
358 -13.798480 -25.354534  182.176956  0.233820  3.531469      17.756229    497.172791  151.658569  11.707283  1.200091  345.853424
359 -18.705256 -17.829063  181.536102  0.200899  2.809866      13.063379    521.212219  165.987503  10.890683  1.652712  383.312408
360 -36.304836 -21.965790  183.501083  0.279402  2.005453      11.909471    675.672607  248.116440  10.976483  0.280140  413.344055
361 -21.068617 -20.002172  185.635803  0.216782  2.728266      15.676879    776.494995  195.477982   9.379259  0.705692  333.023895
362   2.278681  28.209667  190.010376  0.267699  3.757834      14.960467    542.404602  103.029434   9.368837  1.366625  324.306549
363 -23.579363 -25.345137  175.697708  0.248759  3.542760      14.625793    457.040466  154.933945  12.037966  1.027012  382.418762
364   8.310204  17.073715  184.284103  0.232772  2.515735       8.659576    786.419312   70.102806  10.223040  1.144050  346.173737
365 -32.022285 -22.679760  176.178024  0.235547  3.387300      19.409870    549.692688  223.937485  11.480125  1.841263  424.456848
366 -15.835305 -14.353258  173.854111  0.210568  2.329077      15.222314    678.537109  134.410797  10.617611  1.197442  352.126678
367 -15.390571 -20.156109  189.064438  0.210037  2.881431       9.289414    453.980957  162.647690  10.939651  1.348962  389.596527
368 -17.703392 -34.874813  180.123993  0.293942  3.955227      11.571247    916.882751  171.098206  10.555774  1.674830  341.607971
369  12.671577  14.945883  172.977997  0.254993  2.237980      14.845615    712.721802  128.372711  12.025106  1.702547  367.117981
370  16.383825  28.534836  191.983749  0.281407  3.043567      18.061834    674.448303  240.840240  12.762279  1.992672  382.734039
371  -8.123006 -14.866038  179.571274  0.208810  2.199821      13.739361    949.219421   88.947670  11.215966  1.347953  334.969971
372 -11.541437 -22.746319  186.924149  0.227854  3.036294      17.576843    756.950378  170.556305  10.725855  1.247055  325.899780
373  -6.676247 -22.707470  181.038300  0.206469  3.586498      11.399879    927.050415  133.647568   9.223117  1.854249  337.165070
374  23.605825  13.381907  183.716827  0.230819  1.930948      11.815346    895.153992  239.680679  15.209619  0.911614  366.110596
375 -31.355413 -11.515472  177.232605  0.210784  1.808401      17.704847    485.018402  159.215073  10.960813  0.835306  433.188873
376 -14.175129 -21.910967  188.652878  0.204144  3.465688      15.865874    429.553894  242.892456  11.021820  1.861943  379.822571
377  17.217758  17.127939  184.901535  0.208877  2.948533      16.920412    445.084564  204.781281  11.567616  1.162790  371.690674
378   2.375970  18.027046  177.391083  0.222574  3.187640       9.342740    468.347351  132.803116  10.359365  1.341192  355.534149
379   8.621171  33.250671  177.320480  0.301836  3.932003      11.266554    586.413330  109.343575  10.780991  1.328665  316.236298
380 -12.291550 -28.387089  189.999237  0.301982  2.587433      12.110716    578.191528   90.760872   9.417053  1.692696  393.515289
381 -13.465208 -24.652760  186.756180  0.226791  3.575521      16.525761    412.978699  230.916901  11.698412  0.447824  355.133362
382 -15.823641 -22.009159  181.204361  0.239692  2.890687      12.158372    422.941193  106.944511   9.762044  1.503405  396.408020
383  -5.511259 -21.236433  187.047226  0.258768  2.492458       8.690750    666.346985   62.682907   9.949239  1.660600  358.234406
384 -22.265949 -22.867418  190.355148  0.250843  2.213877      18.459723    496.291626  163.022842  12.049181  0.910020  405.459106
385   3.931791  11.854598  181.657745  0.220929  2.076330      15.463441    406.439514   92.049553  13.908693  0.900723  369.995667
386 -11.880930 -27.422876  179.139343  0.245109  3.925241      12.644253    693.385559  112.820816   7.478393  1.269819  323.813812
387 -21.152069 -22.938004  180.653671  0.231905  3.132090       9.614108    877.465393  137.967255  12.038583  0.752750  329.848816
388  23.386196  27.390356  181.053162  0.288039  3.226629      10.227228    535.751587  223.909561  12.600579  1.413361  411.583252
389 -21.529987 -23.364288  181.827850  0.224071  3.703143      11.191260    441.929932  225.975662  10.932501  1.304899  400.569031
390 -14.319955 -29.656572  184.176804  0.301038  2.971763      14.217939    711.742065   80.078049   9.357121  0.482923  294.099884
391 -16.971981 -29.075077  192.999359  0.275978  2.769565      18.629423    626.064514  163.581497  12.713424  1.190636  369.905792
392  11.804694  22.742542  175.096893  0.256082  3.223062      17.086143    454.206451  133.547546  11.311257  0.288185  299.481781
393 -20.646605 -28.707678  180.456467  0.281828  3.205595      11.759137    637.133240  208.770569  12.885839  0.808571  354.772217
394 -12.819306 -18.711971  184.780334  0.216997  2.626214      12.054511    931.604919  174.634567  12.767542  0.606602  289.985413
395 -21.953259 -26.359003  186.163071  0.264554  2.930155      15.748380    502.987701  175.411148   9.707560  1.794286  407.949738
396 -25.071804 -18.538803  179.838379  0.223639  2.529332      17.257406    926.252136  167.610321  13.761570  0.586527  323.268677
397 -11.604376 -21.242170  187.407883  0.209678  3.346129      12.648746    607.890747  231.403534  11.114855  1.349730  345.533020
398 -20.777004 -19.927473  176.978943  0.290017  2.168250      11.592195    605.964478  108.675110  12.278759  1.676024  397.036072
399  26.629480   8.528754  171.263260  0.202822  2.301871      17.260149    842.286499  227.443176  12.652313  0.514762  317.995544
400  22.784382  13.613041  188.575485  0.217402  1.720995       8.823772    577.189026  183.312759  12.910977  0.993607  401.120941
401 -15.460908 -26.858383  190.573914  0.258202  2.954793      10.366953    745.720520  149.581421  12.484073  1.777316  381.170135
402 -18.925653 -20.442698  175.460175  0.202090  3.448617      15.277207    628.449341  222.569519  11.095331  1.462955  352.746948
403  27.276926   6.085670  180.792755  0.205145  1.318071      10.260556    508.641846  220.990356  13.732528  0.978679  422.553772
404 -18.960787 -20.989288  179.509842  0.266709  2.381159      11.346138    452.760040  120.568420  12.453544  1.860067  425.561401
405 -28.875837 -25.636375  180.785873  0.303006  2.435403      17.091442    802.364502  177.822906  13.323903  1.324253  417.431427
406  18.552740  19.062250  185.715729  0.206693  3.309644      12.306852    417.156891  215.608521  11.423738  1.850522  409.491486
407 -18.569864 -32.663029  182.274933  0.300240  3.404619      10.179826    744.561035  228.560303  11.193505  0.685054  321.459076
408  -9.972143 -21.406960  187.565063  0.206017  3.279069       9.644404    898.616699  245.405975  11.202376  1.854144  347.422424
409  16.996309  24.106758  173.793991  0.245832  3.780578      15.231247    630.208252  170.819901  10.968499  1.401001  335.805206
410  11.140540  29.621853  189.262024  0.346228  2.582367      13.863860    981.980042   92.094208  12.686711  1.473943  361.698181
411  18.428148  22.260637  192.443710  0.251857  2.491753      11.865725    613.352966  199.214828  11.914175  1.193815  394.044861
412 -27.165211 -20.870729  184.094818  0.246253  2.303726      14.357412    546.652283  201.692566  15.094803  0.543139  391.081818
413 -18.337088 -16.198687  174.580109  0.283963  1.810763      12.966295    604.416931   64.312164  10.870680  0.930590  370.078979
414 -30.064262 -35.000614  184.337509  0.327954  3.036046      13.572473    643.743469  219.861679  12.576011  0.999207  437.134125
415  -4.447874 -29.971266  182.151215  0.246368  3.939308      12.785053    715.731567  145.819443  10.022665  1.489009  316.491821
416 -15.396770 -25.366022  195.116562  0.246604  2.750401      11.302594    444.708618  229.935318  13.122201  1.184788  412.072906
417 -15.786634 -17.051695  186.049438  0.225198  2.243088      11.845015    418.416412  180.915115  12.544314  0.881076  440.886108
418  -6.397600 -27.553507  187.711395  0.244027  3.894983      15.700783    426.232849  223.066574  12.666040  1.050096  339.775635
419 -22.124908 -28.219261  195.488129  0.235885  2.828611      10.739263    865.962158  231.898468  12.430665  1.676573  409.447113
420 -19.768858 -19.823662  184.307739  0.221140  2.712076      14.859066    439.716339  188.043610  12.262902  0.539922  391.523621
421 -13.545127 -30.975729  190.967712  0.280329  3.246120       9.909761    424.483551  228.978500  14.657059  1.433403  404.919983
422 -19.059101 -24.360983  187.426895  0.250457  2.673385       8.364714    646.949768  184.202026  11.054644  0.694107  356.392578
423 -11.340653 -41.733807  192.947250  0.337093  3.878118      10.875014    901.605774  190.424850  10.294533  1.131791  328.828827
424 -19.291416 -23.186913  179.536133  0.219032  3.674431      19.524199    467.021027  209.805206   9.198498  0.968956  351.096863
425   8.110470  15.158120  183.437393  0.226554  2.356601      18.338432    532.644043  161.820038  13.835977  0.310787  273.955627
426 -17.006289 -30.921194  181.010574  0.260073  3.825067      11.165988    489.256409  216.304977   9.267114  1.585885  366.398468
427 -14.462220 -30.050783  187.492783  0.260521  3.470352      12.342442    558.455872  177.348175  11.115888  0.430874  306.927277
428 -12.704840 -21.378302  180.171814  0.241981  2.818759      17.822300    648.581116  151.826080  13.168316  0.828566  322.536621
429 -16.616064 -35.103737  192.352768  0.275214  3.850493      15.258417    522.981873  187.699463   9.162787  1.314830  371.057251
430 -20.799597 -26.839903  189.472855  0.246341  3.043332      10.440214    878.047180  202.380417  11.334926  0.435683  301.717560
431 -21.025555 -22.255684  185.733688  0.288567  1.974316      14.109813    631.236328  151.519943  11.985492  1.921522  416.598083
432 -16.991110 -28.701546  187.514954  0.237754  3.541553      17.944138    732.420044  236.168304  11.356017  1.296271  346.265869
433  18.553217  17.826248  191.790634  0.215871  2.372978      13.803790    762.789917  195.217026  11.980896  1.305122  366.564240
434 -21.767693 -18.530500  185.709381  0.264344  1.776121      10.299070    546.698181  151.787003  12.565666  1.504796  422.286224
435 -20.902328 -20.357294  191.220734  0.217375  2.462123      16.194500    890.036072  236.648224  11.761810  1.836301  382.043152
436  21.520966  21.437572  166.412857  0.265287  3.401162       9.593674    735.369690  161.155746  10.231793  1.557843  358.217865
437   8.250681  20.600702  180.300598  0.220361  3.544749      14.044831    736.847351  154.024872  12.344932  0.513737  263.901978
438  -9.887940 -19.015326  182.503601  0.206587  3.121107      16.215286    518.522827  162.339310   9.469277  1.311617  343.341278
439  28.743483  12.649900  174.573563  0.264463  1.969929      16.328436    623.393677  173.267822  10.202258  1.046604  407.127319
440 -29.765942 -15.871511  181.740448  0.224343  2.099057       9.933689    638.785156  220.638626   9.558938  1.165196  421.011353
441 -11.149847 -22.383818  190.515076  0.212630  2.910262      15.822507    885.959045  110.635506  12.275954  1.026278  321.599518
442 -11.901863 -33.646160  199.590302  0.291007  3.072211      16.847395    684.176697  202.338409  11.929708  1.568450  373.785004
443  26.167200   8.785573  185.841080  0.203062  1.355678      15.095068    706.437073  247.075760  13.766925  1.913823  405.094696
444  24.394726  15.482414  172.105286  0.251035  2.613342      10.252939    558.447266  158.583405   9.505875  0.679419  379.243530
445 -20.938581 -25.866339  173.913116  0.253611  3.479472      13.971767    402.699768  213.495438   9.918117  1.713982  416.704041
446   8.900909  16.711653  171.450073  0.203000  3.323776       9.989525    452.202301  160.180237   9.445063  0.801994  347.927399
447 -16.785975 -12.923950  178.480667  0.205637  2.071830      13.156295    459.911377   91.686340   8.930538  0.787152  368.147400
448  22.562654  10.657139  179.628494  0.217816  1.828665      17.171904    857.948242  202.058929  13.908746  1.013146  357.822174
449 -22.404751 -28.668861  192.369400  0.266892  2.698900      11.057945    836.528992  199.949951  10.016235  1.682276  407.792053
450  14.144893  23.317156  187.454254  0.229364  3.545357      18.532541    404.652344  216.909210  11.519860  1.227762  375.401855
451   9.658490  18.379213  183.493454  0.223579  2.992496      10.661665    512.670715   94.850052   9.489555  0.543655  330.193420
452 -24.905098 -29.748302  175.527023  0.285393  3.503250      12.059383    590.540955  213.556747  10.220087  1.256645  375.445923
453 -25.926746 -23.984882  173.921997  0.252489  3.296293      18.368309    673.588135  231.765457  10.975561  1.767111  376.133026
454 -23.527872 -28.589716  177.674606  0.275225  3.447059      15.316562    597.436646  121.936920  10.696473  1.242246  370.793518
455 -14.251721 -24.251516  187.959579  0.315683  2.050671      11.737717    516.908875   89.760742  11.393775  1.870476  405.846436
456  24.350830  27.975910  190.368362  0.287097  2.667649      19.323645    830.158630  239.938538  12.621776  0.768680  376.321442
457 -31.077724 -16.986189  181.055649  0.211213  2.352631      10.805341    819.409302  229.812988  11.682840  0.556591  370.368256
458 -27.196918 -20.418509  181.732742  0.283411  2.001264      17.111862    679.284119  144.418991  13.408392  0.621216  372.596191
459 -16.517185 -26.075645  189.054459  0.220004  3.373929      15.535041    750.477112  222.579636  11.322130  1.432983  357.524902
460  19.084728  26.626856  180.322998  0.277349  3.305148      13.796197    824.902588  181.046173  11.869341  1.470273  361.959656
461 -10.072245 -22.411211  180.230103  0.207206  3.630291      14.232451    525.550964   93.139786  10.982180  0.993139  326.016785
462  19.321960  22.756805  191.626297  0.220944  3.058929      13.922429    532.925354  215.697144   9.551834  1.486356  389.323822
463 -19.343903 -30.600840  187.878784  0.280896  3.038836      10.222967    753.575439  190.214401  11.126805  1.219974  380.497314
464 -26.724958 -24.330038  171.045761  0.277389  3.153354      11.928973    875.114868  202.700348  13.645034  1.342044  375.423920
465 -26.603348 -23.003719  188.409546  0.225578  2.702224      11.716536    683.805603  224.543671  11.772470  1.416917  408.138519
466  32.700718  20.791368  174.008011  0.335642  2.302514      19.103987    630.448303  190.965942  12.769470  0.899167  432.284637
467 -13.067379 -27.247772  191.876923  0.241447  3.223863      10.685581    727.416870  179.279495  12.855795  0.620183  316.833801
468 -16.697889 -24.350334  178.370712  0.262025  2.983797      18.386322    746.759155  119.197502   9.821370  1.855066  355.217529
469  19.271488  26.821655  181.506561  0.256875  3.761410      15.999755    797.515747  229.568939  10.943558  1.706110  354.998230
470  -2.250276 -22.595564  185.498444  0.243221  2.969366      10.478597    530.741455   58.691513  11.222232  0.318143  277.140930
471 -18.197044 -16.254517  184.707855  0.231716  1.931811      10.324044    739.463989  157.785309  13.727680  1.722830  385.862671
472 -16.164185 -25.326990  186.903824  0.207521  3.675895       9.222102    921.481323  232.476334  10.995722  1.749211  358.875397
473   5.338538  21.219561  179.363129  0.288519  2.578911      10.060601    621.224060   73.258209  11.495080  1.460507  356.600250
474 -20.760178 -13.948726  183.605438  0.211121  1.915011      11.165641    725.104614  182.401169  10.745426  1.772687  383.604218
475 -11.622990 -19.009228  180.717545  0.216442  2.882868       8.300747    585.521118  150.672775  10.487084  1.247046  353.582275
476 -22.058922 -14.633573  179.328232  0.200012  2.404951      18.286503    828.737122  203.455429  12.781526  1.085766  344.388245
477  21.280138  21.811895  187.796722  0.224696  3.033797      13.324833    669.500244  221.407562  10.672935  1.087916  372.127960
478 -19.655251 -28.033262  176.933533  0.264097  3.480305      15.791683    532.925110  196.737061  14.514928  1.725702  369.206207
479 -12.026364 -27.077356  183.426651  0.241930  3.604183      18.450186    681.746094  171.535553   9.513462  1.016902  312.865295
480 -26.440699 -26.310083  179.876984  0.293460  2.674383      14.781494    964.902954  219.948166  12.383066  1.109208  388.409424
481   2.678739  22.485352  189.291336  0.232760  3.451658      18.760454    488.115509   94.346542  10.383739  1.017090  324.352753
482 -21.741230 -20.517458  171.883865  0.215425  3.521454      16.039619    515.387817  236.763458  12.328080  0.747294  344.195007
483  13.457366  17.260792  182.637955  0.254377  2.275237      13.359865    417.392517  143.703735  13.005105  1.804133  425.586243
484  19.018560  15.993406  188.691711  0.229544  2.032957      17.838976    906.312866  125.775673  12.812563  1.887982  377.146332
485 -25.334122 -24.476339  182.590256  0.243897  3.089824      13.937159    570.760315  247.003632  12.277254  1.055705  391.259949
486 -22.732212 -19.946791  182.248718  0.220613  2.887817      15.653548    518.599304  209.834122  11.057084  0.290355  321.040344
487  17.133778  19.585674  184.370560  0.243849  2.775599      11.725533    889.152466  221.232422  12.978445  1.645444  368.438599
488 -23.393906 -22.934174  193.246140  0.232137  2.197865       8.874208    953.103577  188.367905   9.923574  1.328083  406.964020
489 -26.238794 -24.869270  178.586609  0.240870  3.266550       9.644885    561.118835  219.633057  11.574774  0.390499  353.087708
490   5.114274  14.541808  174.549850  0.224281  2.394881      15.734221    518.157104   83.780075  11.197032  0.900856  342.807068
491 -22.862459 -19.586941  178.134567  0.212607  2.959047      15.249348    868.986633  225.718109  13.139265  0.538419  298.820709
492  15.318183  15.861424  188.190506  0.200297  2.790309      13.212309    976.869141  226.501724  10.701888  1.751773  353.784607
493  24.346394  12.154340  175.306946  0.232150  2.161587      11.850294    669.927917  158.915390  11.299409  1.226297  394.833710
494  13.171119  17.862055  183.020798  0.207899  3.367594      11.490886    531.320007  212.489166  13.254043  0.947547  346.584045
495   8.866227  24.361534  176.174103  0.278053  3.108676      13.356734    774.344360   72.786964  10.614797  1.349752  332.866730
496  -9.107543 -19.421206  177.688614  0.200564  3.441791       8.846663    812.288574  171.552139  11.425121  1.918647  348.758301
497  12.401218   9.302088  173.607361  0.203426  1.947926      16.030613    654.030090  149.059402  11.706565  0.536195  299.105408
498 -16.229080 -28.649620  180.937210  0.280734  3.121573      18.838722    482.910522  112.272797  11.392643  1.756619  368.405701
499 -28.113569 -19.358950  169.701523  0.234790  3.263073      15.092259    481.127228  165.173996  10.701303  1.676950  410.481598
500  13.888520  24.905693  178.291458  0.254290  3.493284      12.907874    915.242920  166.300858  11.258302  1.180850  324.870514
501 -18.714491 -21.092871  190.411545  0.217644  2.514353      17.410440    541.112976  119.200241  11.681127  0.675559  351.313263
502 -17.972115 -34.033516  187.041901  0.331812  2.898991      13.436377    899.054199  147.276718  10.797514  0.866535  348.952057
503 -27.474083 -15.390343  181.739914  0.257488  1.619937      18.662292    468.623688  103.588928  10.733849  1.492559  437.157501
504 -10.923283 -23.778118  190.694489  0.250805  2.704806      14.561843    497.879395  143.597214   9.712503  0.743445  352.918091
505  -5.309832 -29.894091  197.686066  0.237966  3.911939       9.822438    710.546875  228.127991  10.526192  1.114516  321.380493
506  16.972984  26.527040  185.183090  0.293237  2.929183      14.693603    535.221680  217.474213  10.749295  1.092538  378.315369
507 -22.184958 -19.158360  176.232346  0.204873  3.404858      18.973852    512.119446  220.883789   9.862031  0.581360  336.899109
508 -13.835122 -19.852486  185.011002  0.200965  3.009773       9.052555    467.084656  212.904037  12.400628  1.102362  372.355835
509 -11.826130 -22.436359  185.025192  0.200828  3.725151      14.338348    851.188904  214.168289  10.479519  1.574898  336.330994
510  25.439501  19.867470  172.849854  0.267216  2.957366      19.928448    554.473389  226.570557  12.342194  1.248168  382.077362
511  -1.797677 -24.094984  185.976334  0.217079  3.677547       9.659698    480.621246  110.203018  11.640289  0.423337  303.421448