           lon        lat         inc      D1AU     delta  launch radius  launch speed    t factor       B1AU     gamma         vsw
0   -21.374807 -20.982023  177.241699  0.214046  3.421591       8.768949    426.258942  197.968460  11.597909  1.611328  413.412964
1   -24.296507 -14.105057  178.029587  0.229169  1.956102       9.888022    686.193909  137.127991  12.655432  1.567958  404.066742
2   -24.667704 -32.292007  182.035385  0.286726  3.510279      13.865580    664.814819  200.674469  10.378417  0.986740  374.752716
3    12.371849  21.870522  185.437225  0.235608  3.046462      11.839980    695.408447  125.938950   9.352674  0.912987  333.630676
4   -15.826859 -14.612892  182.283356  0.206411  2.415443      15.376008    406.613190  170.565277  11.430994  1.309937  407.016632
5   -29.659218 -28.465286  188.763306  0.304359  2.287133       8.639060    906.002563  243.449188  13.945260  0.910317  431.211395
6   -14.763075 -28.192015  187.595779  0.256357  3.369035       8.328894    762.997498  168.466400  11.006990  1.314195  351.824310
7   -25.781797 -26.151514  183.623428  0.293390  2.512089      14.036958    816.731140  138.789413   9.700384  1.533057  413.805359
8   -23.504929 -20.534536  182.283173  0.314825  1.742749      16.504330    735.429321   73.301537  11.081001  1.724386  420.127991
9   -22.086767 -19.565266  180.315201  0.204938  3.124908      17.578676    438.765411  188.135880  12.294417  0.744996  377.341309
10   19.046501  14.959478  190.755188  0.210039  2.127397       9.857384    647.043945  155.181244  11.940634  1.106459  371.870056
11  -21.841276 -25.233496  190.525208  0.230696  3.005211      15.607563    508.977051  190.187805  10.616411  1.130355  397.581421
12   21.717623  19.046196  185.390335  0.240378  2.539546       9.673699    964.742493  182.425461  10.729111  0.628410  333.934387
13  -19.835125 -42.707039  188.706604  0.347228  3.723314      15.682817    848.357178  225.082138  11.329308  1.689784  379.848419
14  -32.075935 -17.693293  181.392059  0.222444  2.222075      12.599095    983.456299  202.269302  13.324613  0.661045  378.146881
15  -17.571354 -25.209557  179.898102  0.233136  3.560426      12.369082    882.313660  175.785583  10.750748  0.591253  291.469482
16  -23.445726 -27.505970  183.380035  0.260637  3.135952      14.439041    839.780457  233.142166  11.517289  0.538476  322.703094
17    7.672433  28.169832  186.367096  0.274284  3.586694      16.942486    520.873901  148.953125  10.667483  1.112138  324.796478
18   26.588089  26.540726  181.265381  0.324351  2.627283      14.446085    691.614441  161.072540  12.991156  1.209954  419.702728
19   23.267006  14.867187  184.316193  0.234900  1.978645      17.227850    614.105286  136.353607  12.541390  1.879038  405.022583
20  -12.484558 -24.022720  190.613480  0.219496  3.235519      17.908834    875.075439  202.074783  11.820352  0.610714  278.244812
21  -11.959557 -14.894001  184.052963  0.201808  2.336046      10.090359    513.496887  125.077568  11.301241  1.081952  359.078156
22  -25.313591 -18.779623  181.012604  0.230820  2.378511      16.407787    622.660645  203.439774  12.849173  1.942590  406.342773
23  -17.053984 -29.501888  188.316177  0.294479  2.874174      12.011491    606.806274  184.113632  11.940454  1.236234  378.756134
24  -30.403938 -23.009134  188.672546  0.267452  1.959432      12.920200    696.850952  211.398926  10.568696  0.406546  388.995209
25  -11.504345 -33.672703  183.371124  0.285801  3.866817      10.375955    700.642822  140.759918   9.544826  1.747826  340.102081
26  -16.796791 -19.358776  178.631653  0.210556  3.041969      16.038525    449.635742  183.286423  11.414739  1.425264  378.754456
27   18.389080  19.547806  178.526489  0.207719  3.673516      12.960641    981.696960  215.652908  11.914161  1.480740  339.957428
28   15.010741  20.085196  183.130783  0.258793  2.545523      14.071585    697.760498  153.685547  12.127396  1.466421  369.250641
29  -23.142134 -27.655602  183.796249  0.225231  3.799038      14.194840    566.274475  208.545563  10.904517  1.339123  377.852173
30  -17.876333 -31.105118  180.865295  0.258756  3.978810      11.336771    684.477173  233.178131  11.947996  0.949554  332.411041
31   16.516970  19.437223  185.002655  0.201642  3.276983      14.541013    434.764343  225.514236  11.764955  0.842421  370.903412
32  -11.667990 -18.502447  188.417175  0.260985  1.904365       9.855051    455.048920   95.431160  11.507919  0.445001  387.431396
33  -16.695280 -36.185913  187.788788  0.296757  3.803672      14.441327    979.897827  237.219849  11.391004  1.421549  340.423157
34  -15.831435 -22.936584  178.802567  0.200249  3.779969      14.692218    842.769714  167.955978  10.626270  1.387790  328.516266
35   28.486652   8.565755  180.890457  0.234561  1.281777       9.059387    571.926819  125.951080  12.362456  0.213107  368.400452
36  -16.094133 -21.855486  181.591141  0.228528  3.076256      18.071632    737.456360  144.437210  10.890728  1.159379  337.182404
37  -12.041555 -15.998594  175.395844  0.246103  2.108209      16.010168    885.316223   54.189209   9.977030  1.029517  329.563324
38  -15.198450 -23.161036  178.389221  0.235720  3.259372       8.391359    618.404541  139.896118   9.438213  1.018371  346.660828
39  -11.281730 -19.269562  182.746078  0.203294  2.928576      11.183100    899.916931  110.635437   9.717881  1.678186  349.911865
40   21.341042  16.376034  185.525406  0.227532  2.241448      13.719817    499.054474  199.832138   9.913496  0.496100  378.974640
41  -23.957506 -30.495356  184.405090  0.298785  2.983102       8.986978    738.679138  191.824905  11.975045  1.106904  393.590637
42  -19.614695 -23.040939  183.712463  0.241240  2.844105       8.650240    507.177826  171.464935  10.959238  1.608696  408.434998
43  -12.836758 -20.790525  188.849319  0.205784  3.108149      15.617188    927.308838  133.532318   8.693682  0.919667  312.136932
44   20.548641  29.000658  179.277420  0.287117  3.562552      17.893259    627.535278  220.001785  12.662620  1.969340  366.142487
45  -22.869225 -28.867184  184.743530  0.294650  2.852102      15.461524    671.052063  147.673111  11.038099  1.540709  393.837402
46  -30.812962 -16.695051  173.828598  0.239593  2.582296      11.140507    879.499817  227.944580  13.144783  1.426551  406.230042
47  -19.047316 -28.781099  178.920135  0.256958  3.624670      12.117731    817.382996  152.427948  11.374493  1.035805  333.549377
48  -17.192081 -31.197226  184.001434  0.251125  3.990703      13.119664    755.214355  238.206039   8.848025  1.056791  330.705566
49  -27.445084 -16.797270  180.233627  0.227858  2.249975      11.137212    571.953796  183.496796  13.591351  0.440663  379.665833
50  -32.453182 -10.046308  168.128616  0.236536  2.113590      12.007092    703.184204  183.288651  12.987191  0.852223  409.956024
51   10.320680  21.702787  185.892242  0.224885  3.392310      18.063330    886.971497  161.237350  10.406959  1.003468  304.793030
52  -14.959434 -20.791311  182.082870  0.221471  3.073201       9.815447    464.178711  172.782593  10.924272  1.902667  380.531982
53   -7.987135 -27.086159  192.175461  0.236896  3.581828      13.024297    486.467621  209.721390  10.797094  1.024143  346.804352
54  -14.853678 -23.453487  182.966690  0.227010  3.266949      18.851019    993.122253  180.974716  11.408813  1.438546  331.825012
55  -16.723845 -35.758659  192.524872  0.273647  3.879241      19.162804    826.351196  247.689865   9.613295  1.247857  344.631073
56  -31.755770 -18.890720  184.664597  0.257984  1.793649      11.162114    876.459656  171.160202  12.594532  1.469007  448.779816
57   21.311607  27.340002  181.748260  0.258882  3.689099      12.595052    707.552307  216.245895   9.748479  1.611474  377.263580
58   22.423714  15.485558  182.743088  0.209749  2.497039      19.731438    600.611084  232.769989  13.222772  0.578193  342.174164
59  -17.498377 -20.541597  181.533691  0.234955  2.770828      11.721646    481.994476  210.323380  13.115576  1.320201  379.315704
60   -8.913574 -33.222290  188.725845  0.277028  3.863148       9.658444    690.015747  157.596176  10.387058  0.885908  312.873688
61  -16.135323 -21.569176  177.606796  0.206693  3.618930      17.953760    655.700012  214.208679  12.246030  1.693428  345.895721
62  -26.018188 -28.958429  178.696701  0.321083  2.736422      14.167030    773.443787  201.049194  13.300286  1.862882  416.546082
63  -29.372349 -26.135181  177.977448  0.296457  2.842700      14.633834    511.689636  136.220291  11.950990  0.708113  421.580597
64   17.944290  20.782818  181.324219  0.255118  2.751435      15.308491    611.772644  183.854538  13.236348  1.550411  373.775848
65   -5.911180 -23.368818  188.500580  0.201282  3.965499      12.665906    460.830170  163.088745   9.932948  0.722847  320.729492
66  -27.074205 -31.981806  185.871613  0.281478  3.290327      15.330240    681.435852  240.719940  11.628448  1.144990  404.686005
67  -28.344055 -28.204119  180.083267  0.293138  3.007922       8.905708    980.498596  220.777130  11.540522  1.976263  425.086426
68   -5.348734 -26.695242  190.843887  0.250933  3.304416      17.909075    474.428894  100.232559  11.146166  0.531946  310.793152
69  -10.266390 -26.670126  190.256104  0.240759  3.473690       8.426813    423.252594  168.456207  10.253747  1.719535  382.125549
70   13.855509  19.765997  178.866837  0.217517  3.607262       8.901551    452.694885  185.871933  11.985202  1.901500  379.042328
71  -26.293344 -16.081182  189.937393  0.204177  1.674378      11.508696    620.944214  187.186798  11.591583  1.009452  396.992889
72   16.160063  22.679663  184.069412  0.263118  2.801241      16.850510    685.020081  190.290329  13.013161  1.855244  372.323486
73    9.984030  19.611338  195.786957  0.231831  2.544773      15.250345    436.047058  148.868988  12.014432  1.511257  390.586639
74  -16.810612 -21.765160  178.531296  0.232520  3.030071       8.754061    513.011658  187.394409   9.684673  1.444418  381.401428
75  -18.192673 -27.411180  188.946503  0.236995  3.371611      16.907368    749.234253  117.730095  10.702442  0.487057  292.815918
76  -28.314295 -19.842855  173.560913  0.215407  3.412620      11.098949    446.338470  235.102264  11.539163  0.946884  447.045990
77    6.816742  13.714882  185.061935  0.212002  2.484622      15.567244    413.843140  155.652832  11.419404  0.733072  353.750275
78  -24.635042 -23.062263  178.641617  0.238950  3.211754      19.605936    670.631104  210.248611  11.383369  1.455570  373.717072
79  -16.528887 -28.953554  186.253845  0.253419  3.487209      11.633486    626.630676  220.218048  12.801227  1.402856  367.519318
80  -17.555779 -20.158571  177.083984  0.202923  3.577936      13.013079    440.645508  185.188110  10.854885  0.704223  353.364594
81  -25.130873 -15.643688  189.673157  0.236607  1.352519      18.315010    457.143066  153.972855  13.350516  1.125270  433.060150
82  -28.035616 -34.596272  180.085495  0.328024  3.261693      17.276834    845.916809  180.791168   9.998011  1.396078  395.281342
83  -22.113626 -19.813250  183.546707  0.202280  2.917171      11.488955    924.923767  242.922134  12.339856  1.829662  379.928192
84   21.232988  21.269510  175.802658  0.257495  3.073688      19.441996    763.723022  161.511765  12.047790  0.643824  309.149292
85  -21.656712 -24.884480  179.412079  0.257384  3.107143      11.767199    918.445862  155.704346  11.472892  1.078768  350.344330
86  -21.834694 -22.414963  183.531769  0.237955  2.820126      14.021212    679.739441  213.334152  11.881991  0.693367  342.132080
87    0.444079  14.472860  179.082321  0.211896  2.532980      14.492754    467.488068   48.589752   9.264966  1.667123  355.588745
88   19.004925  20.094555  194.819199  0.224028  2.500499      10.486518    642.736816  244.352097  13.439622  0.731278  362.898773
89  -18.904028 -26.466993  189.988235  0.236485  3.126997      11.071116    820.293030  137.954605  10.386230  0.842165  348.986725
90  -29.869768 -16.888294  175.372940  0.214051  2.874475       8.603860    705.670227  229.419128  11.533859  1.143674  403.187805
91   -3.692051 -24.600952  188.065048  0.246968  3.174885      10.738297    472.090027  102.080338   9.371981  0.788959  344.225342
92  -24.802982 -29.485292  175.722366  0.273569  3.701234      18.897114    536.141296  198.524277  12.739862  1.593827  370.819824
93  -24.112204 -16.511036  185.501770  0.204722  2.180646       9.144813    701.217834  218.172775  11.222486  1.497827  403.058960
94  -22.852240 -13.476868  178.573273  0.218156  2.096822      14.012998    961.483398  127.481194  12.507112  1.839959  380.138153
95  -19.854235 -15.115870  182.222427  0.246073  1.758999      10.847622    841.288147   63.647751  11.844573  1.666005  388.161774
96   28.227455   7.842434  176.357590  0.216055  1.680927      17.497908    752.933899  207.288071  14.328115  0.787889  372.967377
97  -31.172546 -12.018243  181.158142  0.249988  1.265788      13.032075    760.379517  161.472870  13.475342  1.484181  437.810303
98  -31.927938 -11.453215  181.190979  0.220478  1.325887      12.580668    974.273682  138.938675  12.335320  0.853956  403.309143
99  -22.173822 -36.050732  174.133865  0.332614  3.733863      14.577407    428.560120  158.321869   9.185211  0.371942  342.950317
100  27.229109  10.934488  185.813248  0.229744  1.341005      11.219998    620.050232  193.658798  14.184064  1.729321  437.104828
101 -20.861824 -29.975473  186.056702  0.295055  2.930866      13.314535    908.719360  220.601028  10.876454  1.831517  384.843323
102  16.691668  11.946422  179.501266  0.232326  1.964015      10.073305    634.507385  159.743469  11.686802  1.425373  379.349213
103 -23.087549 -19.791693  176.474548  0.249454  2.714260      19.494719    505.481598  116.099281  11.147395  1.986647  387.196045
104 -26.189196 -24.584057  177.710617  0.271192  2.957242      10.019759    924.725342  182.073776  11.278469  1.134422  376.577606
105 -22.063202 -30.371071  177.828217  0.286298  3.432889       8.606732    860.671753  179.442932  11.606505  1.934627  380.748901
106   4.399108  19.169569  180.358276  0.207698  3.856684      11.323429    737.748230  191.490524   9.726955  1.389246  324.413879
107 -21.664543 -22.551355  184.607376  0.220732  2.993501      18.218641    443.869232  192.419205  10.517340  0.249553  364.029388
108 -19.387680 -15.563816  177.348938  0.201836  2.597457      10.412444    810.041931  164.234009  11.809546  1.327868  361.647949
109 -20.838551 -19.395365  177.285172  0.227651  2.925435      19.513556    558.734009  174.271118  13.271082  1.593747  369.296692
110 -30.950386 -23.476866  172.637863  0.277765  2.986557      17.543818    591.984802  241.317902  10.683390  0.871372  398.512329
111 -27.693115 -21.298607  180.757065  0.257983  2.491303      17.299273    526.928589  246.724487  11.773818  1.590552  425.960938
112 -21.250294 -24.617771  181.315155  0.276663  2.663704      16.300236    775.606445  141.102295  10.431421  0.401011  293.817047
113 -12.346127 -26.556967  182.687759  0.231041  3.636359      13.930916    662.587952  176.827881  10.553832  1.930595  349.561127
114 -31.521534 -12.362710  179.634705  0.202349  2.066633      12.169714    855.596680  220.023880  12.975116  1.486128  414.639679
115 -25.305042 -33.738770  180.007324  0.305182  3.538869      17.472475    715.630493  238.966187  12.040428  1.189973  367.004517
116 -25.683226 -16.894011  183.114441  0.208157  2.232507      11.471162    907.775574  173.167648  11.334688  1.614715  403.091888
117 -16.604467 -28.130764  177.694946  0.241266  3.961547      17.720436    574.087463  125.025017   8.879101  1.835449  345.960693
118  21.213070  28.908136  175.869019  0.306568  3.384945      13.799022    891.020569  238.231445  12.121806  1.062459  341.740540
119 -25.283817 -27.506762  183.093948  0.267507  2.997324      11.073075    539.069519  210.421768  11.093565  0.834121  403.826813
120 -17.323315 -36.193283  191.460266  0.291998  3.629812      16.367313    821.573303  184.047653  11.400466  1.166600  346.951477
121 -12.924811 -27.732847  202.471039  0.237661  2.831362      10.060459    939.195129  249.056808  11.157606  0.750548  329.147552
122   4.945576  23.082188  180.549561  0.278907  2.879549      12.175988    538.781555   82.146103   9.419538  1.579777  353.534668
123  -5.063117 -23.619236  188.588120  0.243276  3.024695      10.891792    496.684387   87.799034  11.325648  1.262527  349.596985
124 -24.669121 -21.604424  179.513367  0.240531  2.883778      10.568788    508.685394  185.895035  11.698949  0.203307  340.735504
125 -16.909760 -19.773890  186.468430  0.214355  2.704564      15.743553    792.564697  162.217850  12.117819  0.809358  327.108612
126 -22.231974 -16.170477  186.597443  0.201159  2.199452      17.291677    442.126404  207.827103   9.882733  1.121938  408.170441
127 -14.894086 -36.054031  185.420502  0.309259  3.758701      10.289366    940.641846  185.438477   9.762102  1.536225  342.461456
128 -22.946857 -12.644613  176.109634  0.204335  2.085734      11.378434    629.678711  182.948212  12.263371  1.282676  387.152557
129 -14.998053 -25.148592  192.440277  0.225823  3.093051      10.696114    501.656433  201.852448  12.252193  1.750288  390.137146
130 -26.158178 -21.549992  185.467621  0.201678  2.933605      19.059103    851.326477  195.587875  10.937016  1.754126  387.608368
131  13.870761  21.847244  180.295837  0.237084  3.210275      16.990705    802.811890  225.420563  12.156676  1.482028  336.003540
132  25.443113  28.124846  183.616348  0.306402  2.928290      16.630892    630.384399  228.158981  13.465048  1.828300  417.783691
133 -13.302465 -29.722086  187.110794  0.250245  3.753065      17.694626    765.150024  218.932098  10.495007  1.437542  332.474792
134 -16.122692 -17.677841  192.866379  0.204322  2.278358      12.727981    637.770264  176.601089  10.917873  1.345043  365.533691
135 -30.905506 -26.771244  181.237213  0.270728  2.961854      10.630118    852.294495  236.265656  11.799252  0.556605  372.931488
136  23.467821  12.279599  181.517334  0.215174  2.116441      14.829130    868.836426  188.885559  12.895655  1.545895  379.320129
137 -14.945161 -26.053440  179.092163  0.265705  3.104216      11.641411    524.098938  120.695282  12.773613  1.786741  370.585724
138   5.848651  22.136158  190.111176  0.204256  3.841692      16.672928    430.426758  218.615479  12.367970  0.770268  334.474335
139  26.458479  28.739241  186.168549  0.296321  2.944040      11.141507    531.638733  230.140915  11.605041  1.538968  448.447845
140 -15.858536 -16.154076  177.837173  0.204196  2.680578      16.543644    636.279541  131.875519  11.826606  1.347738  350.705505
141  22.907246  15.593708  187.977905  0.222687  1.963257      13.131788    580.241089  186.893097  12.544372  0.972880  399.552185
142 -15.409483 -20.836657  181.303513  0.235147  2.800685      15.361913    435.213654  128.800903   9.734772  1.956912  388.857910
143 -28.694876 -20.850018  177.294495  0.270239  2.485449      18.905037    459.947235  201.635025  13.606433  0.381626  415.455383
144 -26.462692 -27.030397  183.995239  0.256497  2.995575      17.561239    578.856201  230.701431  10.943721  1.216217  406.155396
145  23.135605  22.968395  180.128815  0.262030  3.027099      15.082485    889.672668  185.027328  13.390865  1.056809  362.623199
146  21.961349  19.277086  191.449387  0.274800  1.800643      14.476905    504.314117  126.572968  12.546236  0.669855  421.400360
147 -26.592270 -25.598070  181.047729  0.249865  3.143724      15.833047    693.842468  236.089737  10.820121  1.362103  391.646454
148  -9.418347 -22.248373  179.061539  0.204993  3.942246      17.852438    780.122986  133.174377   9.367102  1.229172  307.868042
149 -30.946638 -25.427170  179.797256  0.257252  3.101506       9.003634    712.790039  244.399429  10.887557  0.588684  382.465363
150  22.781019  22.416302  182.966873  0.317480  2.251032      13.271124    765.231201  154.142883  13.603361  1.375103  403.026306
151 -21.156206 -24.482635  183.136261  0.228128  3.454832      10.773860    757.759094  249.930878  10.172211  1.480416  374.565552
152 -17.111151 -23.742916  175.119385  0.230752  3.529784      13.153852    709.912903  212.359009  10.070035  0.884531  323.154114
153 -11.378091 -28.196960  186.593903  0.234112  3.780381      14.616964    488.780029  243.059296  11.412189  1.791723  351.229889
154 -14.877248 -25.685722  181.282867  0.232596  3.562468       8.934330    874.876526  142.313675   9.637349  0.527948  276.808044
155  13.814512  15.796013  174.928894  0.211599  2.949399      11.987091    625.582825  144.920380  11.504889  1.500996  358.707642
156 -20.974705 -24.852591  184.412750  0.235167  3.172800      15.349492    986.047974  241.883362  10.046381  1.804127  364.699829
157 -29.024809 -26.457069  175.502167  0.282555  3.167099      17.141504    476.923889  205.835754  10.743750  0.720601  400.790863
158  17.904629  25.598179  190.335938  0.259361  2.941844       8.466772    724.623840  241.122711  12.610685  1.582287  392.183838
159 -11.937840 -28.421482  181.476807  0.235740  3.947661       9.448758    422.417328  143.284744   9.693454  0.566329  349.470612
160 -22.055252 -22.590239  175.120544  0.274762  2.731276      10.940220    512.838867  127.240547  11.152923  1.146028  394.534485
161 -25.922157 -28.610132  180.129471  0.299460  2.977329      13.266588    455.121735  174.014359  10.014358  1.881627  446.823761
162  20.494703  19.588999  184.762573  0.282554  2.208331      13.040998    718.888489  172.462387  12.154670  1.807755  403.351593
163  11.708090  17.041849  175.446838  0.200324  3.574914      10.509214    459.389252  241.277954  10.265226  1.140108  357.413544
164 -16.571131 -22.917847  175.758118  0.243810  3.097466      18.628313    895.152466  176.730865  12.461202  1.592809  339.079407
165 -16.478737 -25.658012  183.029434  0.237984  3.359484      14.466558    607.593811  155.356400  11.153670  1.369576  355.491852
166  13.207929  17.317720  184.816666  0.244239  2.306553      11.593605    733.624390   89.602303  10.692342  0.567175  315.927307
167 -22.665102 -26.920309  177.036499  0.255028  3.525329      18.248219    484.026703  184.468811  11.522026  0.420846  337.737549
168 -18.693350 -25.478437  186.103287  0.283709  2.472994      13.941711    945.499146  148.364563  13.438126  0.466670  297.208832
169  23.087866  22.156931  192.778534  0.267513  2.200003       8.675603    498.907318  220.006897  12.201441  0.702070  438.282379
170  26.254786   9.001580  182.643127  0.202005  1.560405      17.147655    612.241516  141.387634  10.994404  0.833601  382.154541
171  12.521700  19.970669  191.974899  0.255964  2.422865       9.488433    979.137817  120.916924  10.295239  1.771358  372.199677
172 -13.865727 -30.142117  189.313538  0.279729  3.187330      10.284988    883.997742  148.267578  10.222960  1.155125  343.606537
173 -13.721829 -29.182970  190.487183  0.249685  3.438669      12.819967    537.339294  226.266510  11.854887  0.688046  339.989441
174 -15.766605 -18.445967  193.039612  0.218673  2.175566      10.931456    467.933228  214.737274  11.651848  1.066166  389.096802
175 -16.701771 -24.915604  187.385056  0.220742  3.531120      12.827760    729.316528  218.410172  10.337421  0.922425  332.399597
176  21.807934  21.120239  188.989548  0.275748  2.201271      18.947313    921.451416  210.209915  12.702127  1.666014  392.893555
177 -25.277687 -15.606197  173.671722  0.209344  2.808379      10.460557    950.662476  243.865814  12.256161  1.642376  386.135101
178 -20.035160 -22.058498  186.497772  0.204033  3.466547      13.566106    501.897430  240.261673  11.264236  1.869773  387.738068
179 -12.929609 -22.794571  190.866699  0.229123  2.990006      13.942029    926.385986  192.302155  11.062622  1.694470  352.464478
180 -32.251698 -20.568935  185.586197  0.240056  2.243987      10.803090    982.309265  225.379364  10.562758  1.509123  437.179321
181 -14.719678 -23.321178  185.289413  0.200192  3.820119      12.016178    410.361847  180.916611  10.694354  0.380986  369.318329
182 -20.981447 -27.340574  190.194427  0.277576  2.552345      17.967808    710.201721  119.050240  10.241000  0.612831  343.576263
183 -21.936871 -25.615433  172.568024  0.238695  3.842255      14.431076    459.066803  248.737381  13.006748  0.860102  361.945282
184 -19.431919 -20.316095  177.455917  0.202280  3.449177      13.510150    541.808289  197.264587  11.951787  0.607941  337.060638
185 -21.358425 -21.823805  177.221298  0.214194  3.497593      15.792968    560.853699  240.140533  11.386117  1.637531  373.492706
186 -11.927326 -26.213219  181.803131  0.246351  3.654460      10.962025    506.427002  185.965729  10.522931  1.053052  343.917328
187  23.572836  10.052073  178.011154  0.267659  1.402588      17.801743    723.728577  126.060501  12.612379  1.942349  412.162262
188  -9.380137 -24.332975  191.543671  0.204875  3.580333      19.390205    883.281250  239.988144  11.792848  0.576558  259.675995
189  10.235265  24.645168  189.650452  0.226314  3.618513      15.854466    506.503723  195.318893   9.913459  1.499955  349.666901
190 -11.891294 -30.796721  192.625549  0.266359  3.379277      12.998854    739.394775  214.625656  11.496196  0.572452  297.931488
191  13.370298  19.867771  177.859589  0.227366  3.324501      14.750620    825.424255  182.115051  10.914865  0.986233  313.225403
192 -26.596447 -32.075481  183.246918  0.343260  2.651244       8.015827    700.937317  163.508820  12.614128  1.694423  440.768860
193 -24.310907 -21.477627  179.846573  0.255925  2.624355      13.434492    575.191345  156.803207  12.137640  1.068105  389.234009
194 -18.221933 -24.756269  191.315216  0.229391  3.034096      17.275467    446.366272  214.958008  11.097538  0.738064  385.181122
195 -15.567057 -26.110518  185.625107  0.227304  3.604702      16.024248    951.527710  246.050629  10.915767  0.842900  303.523956
196 -15.587145 -23.923475  184.659180  0.245367  2.932419      13.620487    972.263062  150.714951  10.783186  1.088671  331.211182
197 -20.140587 -27.671452  188.016083  0.234329  3.424648      13.572241    424.634979  221.929123  10.492315  1.404602  422.649994
198 -17.381565 -26.610979  174.975708  0.243634  3.898309      14.471263    426.747986  208.551178  11.833512  1.546976  363.329254
199   9.406351  19.034487  177.393784  0.227653  3.162215       9.247991    846.400208   98.536880  10.699991  1.441001  337.668915
200 -23.332600 -22.756723  183.709381  0.240048  2.771209      18.811487    486.660004  206.852966  12.620555  1.148780  394.914490
201 -25.855749 -18.744804  175.959335  0.222424  2.847164      18.763422    824.090881  196.381653  12.495392  1.244048  369.444122
202 -10.387467 -25.490217  181.947571  0.220683  3.873922      10.400702    908.482910  177.018387  12.174260  1.115977  316.921204
203 -18.869461 -27.051525  185.463989  0.241243  3.289166      13.753108    551.162598  167.582840  11.946872  0.803367  355.522095
204 -26.988127 -29.077333  180.924362  0.256146  3.585728      12.665867    624.788940  242.182678  12.669150  1.072230  394.793365
205 -28.384010 -22.923105  186.617706  0.251035  2.286285      12.463106    654.227966  218.388153  10.697331  0.890416  416.903900
206 -20.681557 -29.052273  190.634659  0.317509  2.326618      14.695589    681.865356  147.839554  13.450632  1.184026  403.716064
207  11.626844  14.836802  187.442444  0.221127  2.179521      17.202351    446.039154  147.932907  13.880881  0.397416  339.002136
208 -13.315215 -28.576784  193.793900  0.213221  3.999824       9.148750    407.965179  222.302216  10.639172  1.979636  417.546173
209 -19.499506 -12.652811  180.386597  0.203724  1.844583      13.688684    571.719543  106.226997  12.440297  0.980474  368.929718
210 -15.174150 -30.091700  186.115494  0.244629  3.928327      17.664410    614.362244  204.757523  10.500438  1.042500  321.667023
211  27.618006  13.321594  178.469757  0.257985  1.872291      15.175425    981.536438  172.274994  14.323326  1.283330  404.906067
212  19.204498  17.446884  187.050537  0.203755  2.879925      16.221252    707.069824  184.404572  11.444331  0.715223  326.000854
213 -11.699704 -26.976374  184.059845  0.258596  3.470495       8.396132    440.181458  182.917191  11.308193  1.119059  371.194733
214 -22.361847 -15.382372  170.822021  0.213987  2.785447      12.914783    460.920654  158.967712  12.195446  0.845096  386.990601
215   6.695291  11.551231  182.787170  0.210272  2.119104      15.823030    471.093262   99.920052  11.252862  1.853683  370.407349
216 -16.790659 -26.797604  180.681046  0.237152  3.806849       8.416673    617.822388  186.051422  10.654240  1.603770  363.494995
217 -18.059036 -23.854744  183.230545  0.259327  2.674134       9.136424    579.020752  149.661972  12.348809  1.612783  395.030731
218 -20.730244 -31.986540  189.066864  0.267882  3.482633      18.937590    828.574524  209.218628  11.363877  1.684642  373.123322
219  22.485691  23.278919  186.507645  0.253942  2.810819      17.074493    902.278748  197.908752  10.984414  0.678614  332.862366
220 -23.437576 -16.528748  177.523026  0.245188  2.189833      11.330560    513.900818  152.842178  11.053229  0.518628  381.161194
221  19.109528  19.546381  184.841370  0.238144  2.719304      15.282843    442.488708  103.027008  11.661029  1.459186  408.309509
222  15.642662  16.797068  187.270660  0.238907  2.240204      15.824481    870.332153  178.706940  12.820744  1.006379  341.638855
223   7.230986  11.670783  179.610886  0.230201  1.915259      10.909213    509.354950   48.810898  12.719554  1.101598  363.747528
224  25.441805  13.554161  188.477493  0.216689  1.801053      16.411333    610.577576  237.436203  14.971425  1.994710  410.646301
225  -9.090660 -27.323172  192.652313  0.256504  3.143096      12.836746    822.137878  160.931778  11.848126  1.864781  350.349579
226 -19.262154 -28.995863  187.573181  0.259395  3.154235      12.108542    657.499817  227.599899  11.360060  1.613130  384.096497
227 -18.652960 -22.466059  184.603165  0.237330  2.854318       9.995054    472.235046  213.037628  13.538995  1.853529  399.323303
228  25.105034  23.256540  174.297607  0.294574  2.966831      16.162413    451.100037  178.623337  11.167045  0.525074  398.981018
229 -21.475147 -20.724874  187.839752  0.232985  2.460191      12.612787    587.446106  214.832077  12.133982  1.362769  391.096344
230 -12.817898 -29.024567  185.960739  0.243902  3.721375      17.338575    428.509705  213.797440   9.598063  0.327414  312.439789
231  -9.950829 -22.321085  186.786545  0.219246  3.216622      15.926677    582.293213  150.455933  11.815453  1.768153  353.851440
232  24.706221  10.033044  178.622238  0.208090  2.183359      15.442323    698.072815  235.939529  12.860738  1.131046  372.683746
233 -14.931599 -23.991720  175.900436  0.309896  2.472065      13.103384    770.703857   66.515541  11.590292  1.598483  365.514709
234  24.368629  15.479680  183.034241  0.270305  1.766172       9.055893    894.754089  147.769180  12.795959  1.203353  406.071075
235 -27.354759  -9.568680  169.628067  0.230113  1.890357      18.164419    944.086060  156.547348  10.988573  1.310597  379.624664
236 -14.692560 -18.402267  188.023804  0.212971  2.632419       8.578731    609.330688  145.678619  11.210671  1.903874  378.285370
237 -18.910559 -28.687157  185.607330  0.283334  3.040699      17.040396    454.406372  176.195526  13.200784  1.587002  390.919983
238 -16.204214 -19.470821  182.288208  0.201035  3.093453      17.766006    945.709290  181.688828  11.332076  1.863371  343.609283
239 -20.668758 -27.130095  195.376923  0.298878  1.998860      12.526672    638.963562  114.702019  11.699121  0.984624  411.888428
240 -23.358513 -29.510147  192.447067  0.247029  3.115411      10.232814    563.183533  241.780930  10.346758  0.236532  338.438141
241 -23.018812 -13.157908  180.444473  0.228023  1.797426      18.123423    478.845673  118.918739  10.953964  1.299582  399.980682
242 -23.510386 -26.528727  178.270309  0.230351  3.756919      15.564713    857.081360  241.166016  11.484437  1.671896  361.743958
243  26.862574  13.536470  180.665543  0.242232  1.949969      15.938535    651.450378  175.936951  13.196313  0.322483  332.803650
244 -12.896602 -20.247200  181.138290  0.203429  3.291624      15.215207    587.350037  182.723236  11.914615  1.838742  356.672852
245 -12.578802 -23.423656  185.661331  0.230153  3.166618       9.337945    923.645752   89.087288  11.028748  0.752042  310.749939
246 -22.082859 -24.210302  174.033844  0.232475  3.748874       8.853228    568.737549  216.198898  12.557499  1.081868  367.100189
247 -23.142986 -32.780479  174.700104  0.302495  3.770070      14.602241    798.816772  193.943771  10.173245  1.776603  353.702454
248 -26.788378 -16.170639  184.924576  0.207454  2.031531       9.270191    867.374451  223.562378  12.992652  1.604983  405.927368
249   2.480924  13.950217  191.065414  0.218524  2.546684      13.225827    447.113953  138.191513  10.169486  1.884100  369.680450
250  19.813307  17.294317  188.459717  0.215864  2.463579      18.687613    904.931091  216.129974  13.558932  1.668585  362.606018
251  18.500980  14.610963  186.339493  0.226107  2.135355      18.310173    462.514038  140.829315  10.841113  1.735228  392.062958
252  20.881613   9.707745  189.875748  0.218166  1.095292      14.511564    439.297882  107.770050  13.153100  1.687277  430.487305
253 -23.323061 -23.275476  181.923584  0.299336  2.251704       8.774770    898.464294  114.225388   9.949357  1.576662  404.622559
254 -23.345514 -26.168934  178.001221  0.244053  3.543892      18.467422    462.337097  231.808640  11.056316  0.802350  367.853668
255 -22.994232 -18.827337  172.717377  0.241598  2.708977      11.967833    463.415222  175.876434  12.426134  0.512459  383.679321
256 -31.122452 -16.911974  177.764877  0.232658  2.305707      16.614712    658.838684  230.792404  13.459001  1.398038  422.037872
257 -17.054186 -20.963860  182.854828  0.241894  2.578714      15.793502    466.187866   54.390831   9.016524  1.586828  384.954620
258 -27.972832 -20.351194  187.221954  0.217782  2.473225      15.231961    507.166321  214.331879  11.859610  1.667174  434.671478
259 -20.304201 -22.761686  190.967453  0.242760  2.413769      16.198647    789.298523  227.397614  13.396637  0.778868  347.368408
260  23.647295  14.102441  175.341324  0.268941  2.007461      18.093536    534.959778  134.308578  13.120950  0.841861  390.054871
261 -20.120346 -18.191916  182.763275  0.214007  2.572464      14.136690    890.610840  221.839005  12.238779  1.509726  366.019714
262  18.720875  14.459326  179.523071  0.229849  2.275236      13.192266    873.480042  163.568100  12.396122  1.924396  375.516418
263 -20.030689 -26.999163  183.595825  0.264356  3.151814      12.771347    872.451538  145.133102  11.060678  1.350005  358.929169
264 -25.471037 -28.877756  172.822571  0.266602  3.870936       8.988710    447.878204  233.183533  10.955577  0.850254  386.280548
265 -14.026762 -21.211969  190.645081  0.214857  2.911041      11.234905    625.018677  238.007904  10.724279  0.486236  314.104156
266 -13.272233 -25.614611  183.823517  0.207825  3.952910      18.666553    778.512878  209.762802   9.980252  1.141705  315.257446
267  -7.894179 -32.287800  205.700928  0.252680  3.437216      19.481926    806.145630  210.822937  11.239161  1.719039  349.336761
268 -29.273909 -23.958515  181.848236  0.243289  2.941035       9.687627    793.086853  227.041550  10.173140  0.730906  381.019928
269 -10.797003 -26.597466  188.955399  0.242193  3.387662      11.604258    613.449951  155.345978  10.262260  1.124029  346.272705
270  16.651115  27.628923  182.061111  0.264656  3.766740      16.681112    570.872192  225.216446  11.489606  0.889921  331.288605
271  13.320429  16.005033  176.809860  0.213706  2.830117      18.254585    587.500427  179.126724  11.978310  1.385008  345.329254
272 -16.727251 -20.343140  179.206497  0.214754  3.055545       9.793339    809.876709  193.800842  10.885483  1.053244  342.803711
273  -6.707081 -24.025368  185.667847  0.214509  3.661668      11.577957    517.313416  195.193848  10.315352  1.803915  346.079956
274 -21.106056 -25.915316  184.179367  0.219006  3.628445      10.566811    423.551605  249.003387   9.432078  0.609074  433.040466
275  -9.649799 -32.168919  181.685608  0.280977  3.735667      12.791615    703.707275  135.485291   9.694659  1.106493  308.775421
276 -14.331766 -23.330637  187.304276  0.205535  3.782831      10.138275    534.933655  238.023788  12.014801  1.016707  351.826050
277 -17.405800 -17.672127  185.297119  0.202112  2.904452      13.615312    447.775879  204.020157  11.492885  0.249731  337.786316
278 -21.046423 -15.227300  175.137283  0.206182  2.606877      16.837511    457.031128  175.187515  11.881896  1.752750  394.768860
279 -23.110645 -25.745287  175.759659  0.264398  3.202111      10.725659    654.014343  162.695801  10.677239  0.464294  323.414246
280  28.527250  23.786694  181.073242  0.272459  2.886888      16.349005    540.185181  233.019882  10.171672  0.598619  399.836853
281 -20.624533 -23.042049  180.758575  0.212124  3.544390      16.722584    415.404541  219.804367  10.563127  0.684013  390.297485
282  22.593985  11.926216  185.388840  0.227092  1.594776       8.973122    781.784058  201.915924  14.816426  1.441245  401.567657
283 -26.262957 -23.224648  179.645966  0.247059  3.066712       9.475895    900.642761  207.376587  11.158570  1.135310  376.952759
284 -22.065639 -23.682053  181.678757  0.216685  3.426363      17.471966    686.103210  159.126877   9.532516  0.844354  339.451569
285 -15.079307 -20.266249  180.193619  0.219271  2.983652      18.369579    651.249512  177.986679   9.791315  1.517921  341.228424
286 -20.366796 -19.097216  176.986298  0.270517  2.215796      16.947174    583.967163  120.309074  12.688560  1.673751  383.356354
287 -13.072518 -17.742180  185.953308  0.204232  2.647628      14.925881    533.722961  112.642914  11.509096  0.611858  323.172180
288 -13.044252 -24.674631  187.891373  0.209663  3.494823      16.625538    564.276917  167.066895  10.894586  0.897641  328.902863
289 -11.531669 -23.806753  187.434799  0.214394  3.344198      10.877623    964.558289  158.876205  10.565735  1.410567  336.900116
290  26.010729  14.566368  178.245697  0.249765  2.131300      19.876322    461.057587  151.779968  11.935149  1.412029  427.751373
291 -19.538599 -27.982191  172.332352  0.265203  3.644584      11.425617    746.105103  156.193588  11.501337  0.596357  296.781525
292 -21.205082 -31.942648  175.051956  0.283930  3.919199      14.639843    486.438232  211.331497  12.264590  1.329542  359.237885
293 -24.574537 -24.162468  188.795135  0.201821  3.136070      12.049311    806.802002  235.798553  12.017106  1.751114  401.655945
294  21.399994  10.485059  181.344849  0.209997  1.803471      14.605416    556.504822  177.194153  13.574019  1.242004  382.565521
295 -19.127327 -28.359804  185.203842  0.261564  3.129736      12.965631    712.446655  126.193726  11.954630  1.081632  360.299866
296   3.613292  23.521040  180.813400  0.230211  3.991639      17.688208    543.518982  116.471649  11.736425  0.961827  302.279022
297  27.050722  24.871264  177.102112  0.316624  2.719342      18.754908    778.119812  149.490707  10.712132  0.576275  348.152954
298  24.948120  20.619978  173.000900  0.242273  3.388831      15.296054    547.309631  219.239441  11.680224  1.054634  367.771790
299  16.554741  10.448126  182.822937  0.214636  1.792174      15.470016    519.545288  137.431839  11.618227  0.755787  354.910553
300 -12.791270 -37.348835  185.065765  0.330675  3.617494      13.897902    419.510284  184.178909   9.425904  1.039793  353.526459
301 -14.189038 -22.829782  181.512375  0.202828  3.628006      17.167616    923.505554  178.751556  12.060908  0.993636  306.148254
302 -16.665155 -18.962088  185.849457  0.213078  2.483668      13.342351    856.395325  107.517288  10.296471  0.863690  328.688263
303 -15.500183 -29.061352  178.576141  0.260648  3.795356       8.763675    455.760223  150.677689  11.484355  0.662522  343.531738
304  28.183168  18.674080  185.127289  0.245321  2.252884       9.787967    806.417603  228.605469  12.417415  1.578475  426.649872
305  16.273319  22.712006  178.877655  0.245520  3.298760       8.921733    549.174744  234.934204  11.623829  1.069401  360.581604
306 -26.240808 -19.413576  182.794861  0.220788  2.460713       8.901987    794.464783  205.509018  11.780602  0.976109  390.546021
307 -30.084011 -21.036892  187.829025  0.246210  1.942437      14.468673    720.376404  187.795242  11.826604  0.747645  404.192383
308  15.580717  12.671898  184.642593  0.213158  2.107497       9.817603    970.102173  160.041718  12.483373  1.684164  364.153961
309 -23.078630 -24.590231  178.664886  0.257698  3.131878      16.737743    663.382080  209.943665  12.197554  1.062507  360.051727
310 -27.976385 -23.339254  178.755585  0.228714  3.343477      17.349998    790.202942  232.671204  10.673162  1.867447  396.907379
311 -21.772959 -20.155533  181.044434  0.252513  2.339981       9.306981    548.972107  112.002350  11.276913  1.408732  409.775116
312 -27.696413 -23.858572  193.490250  0.244249  1.974417      13.997925    708.202148  210.055344  11.220119  0.901875  416.336853
313 -10.800374 -20.980467  188.547165  0.201590  3.142890       9.845039    678.847656  153.925293  10.858845  1.012352  334.413025
314  18.449409  19.763626  174.655182  0.278974  2.649236      16.656336    426.897888  150.822571  11.666126  1.463183  401.106537
315  10.417184  17.413145  182.633194  0.219931  2.804359      10.031859    520.131592  164.140686  11.557135  1.533397  372.006256
316  -1.180879 -32.224609  190.617538  0.283560  3.746843      15.626097    485.824066  103.668915  10.260783  1.134578  317.590820
317   7.639861  17.314974  186.038773  0.202384  3.088030      10.630970    404.059570  152.911697  10.539494  1.136691  386.261078
318  24.941372  14.231133  180.102234  0.244231  2.154685      19.509607    440.344604  200.074066  13.937312  0.220370  430.670288
319 -21.642406 -24.353704  175.151291  0.229453  3.837281      14.365428    581.379395  203.456451  10.685534  0.744420  331.201660
320 -22.431280 -21.345360  187.859894  0.215872  2.684517      11.097795    590.951111  196.862228  12.633099  1.263627  396.725616
321 -25.065041 -23.984823  188.422836  0.274125  2.189568      12.137380    613.790161  160.899139  14.001336  1.858952  431.606079
322  10.128922  19.132820  190.047363  0.220579  2.923956      15.678641    585.303833  159.794174  12.077420  0.515895  306.261993
323 -11.145838 -27.954491  185.493408  0.251515  3.760943       8.577888    425.102417  190.798691   9.140329  0.451935  349.905640
324 -30.387001 -13.274542  181.614212  0.203073  1.879087      12.932937    766.239441  236.193527  12.259818  1.758185  422.057007
325 -14.072706 -27.112856  190.742020  0.218446  3.554477      16.499393    579.371643  238.653015  10.262422  0.931282  339.097473
326 -16.214012 -25.047956  198.240952  0.250098  2.389623      18.990313    420.390381  163.363007  11.719439  0.382193  431.177155
327  12.949699  17.085295  180.787125  0.230536  2.720807      16.199928    702.887573  112.469513  10.320183  1.699713  353.097137
328 -21.536283 -32.941399  196.636978  0.280309  2.918424      15.197990    713.472595  248.714233  10.331870  1.043692  400.576691
329 -21.597273 -28.925936  183.363129  0.239794  3.713228       9.998656    766.969299  249.358719  11.358694  1.552438  378.487213
330 -14.422464 -19.257380  191.646255  0.221714  2.359741       8.261682    597.770691  151.697769  12.632891  1.081511  365.537231
331  11.019600  16.211502  177.072525  0.204104  3.110720      14.761223    733.617798  225.757385  12.245329  1.726250  346.187195
332 -20.430737 -18.772371  186.316223  0.210999  2.607726      14.260006    457.604614  244.893478  10.366751  0.699422  384.320435
333 -13.113609 -24.245100  186.248535  0.228048  3.382226      18.235693    677.306091  207.218994  12.440639  1.325132  335.628296
334  20.344046  20.846275  180.683685  0.272547  2.541487      19.811636    429.547943  183.976898  12.413927  1.194308  409.524811
335 -21.614592 -17.727146  185.914536  0.232369  2.049284      17.090719    931.621704  182.582001  11.484439  1.544040  373.270111
336  20.874182  14.085856  183.764374  0.214332  2.263839      19.770475    690.817993  196.979477  13.245522  0.770585  340.118195
337   3.947636  20.975985  175.128479  0.229310  3.520157      13.296654    515.476074  123.871040   9.138543  0.813583  317.126678
338 -13.982156 -26.306995  188.872711  0.219836  3.599760      10.901477    871.230469  222.801865  10.886199  0.905043  321.437164
339 -15.116529 -19.394667  177.223602  0.226892  2.781821      18.304083    421.876923  170.026596  10.789334  0.302769  336.967346
340 -24.734554 -15.347571  175.578644  0.257534  1.920378      14.751938    457.741974   93.022850   9.754765  1.191596  436.894073
341 -20.132076 -26.227234  186.882431  0.240377  3.152188       8.477821    804.860229  224.254196  13.630146  1.712843  390.920807
342 -12.976434 -39.394474  183.031754  0.324873  3.998894      14.618383    602.931030  140.299789   9.639641  1.514229  325.861298
343  -8.651679 -21.698269  183.352951  0.231868  3.165879      12.547391    632.096680  122.612000  10.228915  1.958337  354.415222
344 -25.211800 -22.385462  185.504257  0.279050  2.095235      16.937937    739.875427  166.023041  12.162621  0.529240  350.120331
345 -16.544931 -29.543413  185.829453  0.240939  3.983493      14.179062    539.558533  228.042068  11.308819  1.485816  361.795898
346  18.228956  17.549309  180.337997  0.232870  2.699683      18.878805    746.336914  155.910049  10.147212  1.382121  354.962280
347   3.528347  17.596931  186.112671  0.251207  2.519621      13.163308    418.445251   79.870094  10.637017  0.767292  373.472900
348   8.498340  25.661505  186.351135  0.243342  3.841153      13.046232    926.993042  240.528381  11.822263  1.036529  302.498932
349 -22.425142 -15.790615  179.991119  0.206491  2.331857      10.793547    899.815918  143.521439  13.795729  1.419349  377.153961
350 -26.936790 -24.377670  179.207077  0.228220  3.755144      17.838343    695.912048  249.898041  11.058000  1.035388  363.751038
351  15.699438  22.772053  179.877289  0.267984  3.059777      13.855639    868.555481  163.368912  10.666425  1.689823  353.920380
352 -16.317478 -35.492905  187.877579  0.292479  3.748019      11.558558    673.444641  233.610168  12.075193  1.418134  358.283508
353 -20.770941 -28.723162  178.476089  0.261937  3.646061      15.149646    490.584351  190.285355  10.548925  1.778988  372.077148
354 -13.195729 -26.129416  186.133255  0.219962  3.760510      10.426394    494.822540  185.724670   9.829915  1.701564  369.349915
355 -30.340782 -13.521143  175.584991  0.285627  1.555220      11.520535    762.315674  153.493866  14.329344  1.561528  446.512604
356  19.946115  16.877821  180.874329  0.243065  2.394132      11.116519    694.845764  151.577347  12.207745  1.196451  379.088043
357 -25.066526 -24.785936  178.124680  0.252122  3.253252      18.675903    656.836182  189.631088   9.620387  1.156892  370.142609
358  13.783899  15.800671  178.943802  0.225458  2.607943       9.243309    516.218323  123.192589  12.060104  1.132024  373.312836
359  14.268804  24.982172  189.414871  0.245380  3.378302      12.855829    584.415649  178.876419  11.812076  1.507402  368.428741
360 -25.781057 -28.483797  181.559647  0.301537  2.851909       9.289649    812.367188  238.319351  11.545094  1.954035  419.556610
361 -11.794277 -23.769817  183.779648  0.248980  2.962868      10.397611    987.443848  126.614922  11.798736  1.083751  323.151337
362  15.733502  18.865339  187.526886  0.212416  3.022025      13.473420    520.715942  224.599991  11.336946  1.924162  373.887146
363 -29.337177 -31.561459  176.513290  0.325652  3.150273       9.239699    658.482666  214.933090  12.606001  0.821208  400.755188
364 -26.261190 -20.737932  178.538559  0.216760  3.278352      10.489364    468.742798  247.004776  11.046585  1.350900  420.043427
365 -24.804205 -22.083021  173.531708  0.232796  3.335721       9.020421    701.824646  189.959183  12.323575  0.719411  350.276581
366 -20.368025 -22.073864  189.692154  0.226708  2.490145      15.177866    862.230103  165.314850  11.829934  1.370829  376.091858
367  27.598621  21.523441  180.785507  0.315980  2.207206      14.755018    614.385620  151.588669  13.084980  0.815460  417.024384
368 -11.832121 -22.719168  182.249878  0.210981  3.666442      17.819736    988.485413  249.332352  11.488745  1.668684  322.784576
369 -10.087730 -26.055786  178.038116  0.247461  3.585159      10.115170    641.170349  120.048012  10.105119  0.907691  320.294098
370 -19.243368 -25.875813  180.420273  0.244147  3.548522      19.317068    863.739746  162.810974  10.689867  1.294115  333.646606
371  30.227089  13.820409  191.254944  0.201703  1.411572      13.863255    935.775146  212.220901  11.462035  0.357994  315.918945
372  -8.029500 -17.821192  184.213120  0.204434  2.869972      17.430597    559.579529   84.670860  10.804681  1.896369  351.793274
373 -19.396845 -19.572241  173.781479  0.209508  3.695918      17.354147    413.301331  228.522888  11.295204  0.717629  366.033691
374 -20.993504 -19.058893  178.776627  0.216682  2.965623       9.637443    966.877258  204.099060  11.073815  1.240689  354.913849
375   4.076077  17.953669  184.395401  0.212899  3.423426      17.003109    412.618469  157.467041   9.005828  0.787746  338.270233
376 -17.542336 -20.942251  182.019653  0.203009  3.258294      15.283651    413.412231  184.669571  11.746186  1.131790  394.672028
377 -22.404287 -20.258799  187.668762  0.225749  2.399242       9.621864    892.412109  176.031677  11.461049  1.436809  390.363373
378  20.518358  17.956964  171.223099  0.229616  3.297894      13.961111    801.855225  234.071167  11.540514  1.295824  346.596252
379 -21.586285 -17.786358  186.470032  0.200530  2.590334      15.512797    566.043091  205.194717  11.082386  1.345293  383.757721
380 -25.259157 -28.734514  182.411102  0.265406  3.353702      10.336599    756.156860  197.319809  11.463369  0.841182  367.568604
381  20.035793  10.626295  180.118851  0.223684  1.755756       9.125611    446.749542  127.628059  11.663884  1.699324  445.818756
382  -9.496419 -19.718801  187.306931  0.202988  3.272995       9.065596    457.381195  157.531860  10.277892  1.041758  361.165192
383 -26.451414 -19.958223  181.277802  0.238387  2.538056      19.397911    596.372070  173.026703  11.049894  0.696960  365.929657
384 -13.228032 -25.868862  190.572525  0.269450  2.676242      18.177187    936.017456  210.757309  11.957585  1.341313  343.913330
385 -27.520922 -18.799028  178.982269  0.231364  2.672279      15.202180    585.509460  180.896759  12.161412  1.840166  411.831848
386 -20.574526 -22.997908  179.286148  0.218826  3.490934      14.205485    981.536316  221.854568  10.060887  1.806526  358.431671
387 -24.635416 -23.666689  184.448700  0.270560  2.411452      10.285068    591.855591  168.385803  11.958732  1.499574  428.475677
388 -25.245697 -24.561308  178.895309  0.248632  3.195386       9.455802    879.866577  209.499130  13.169693  1.553077  383.031952
389 -27.631763 -27.904287  180.755219  0.250652  3.422660      17.130198    489.461792  197.373657  10.782963  0.943339  405.816650
390  19.705173  15.459520  185.803482  0.200278  2.526430      17.633614    733.968140  244.249496  12.064067  1.537787  364.973267
391 -12.177336 -21.584471  185.320938  0.218022  3.223915      10.262682    684.331360  117.603882  12.195661  1.074775  339.972351
392 -16.911436 -25.883900  183.532776  0.233256  3.478365      10.349663    408.532532  211.657852  10.888024  1.523412  426.890472
393  12.994199  20.777693  179.338516  0.220640  3.380282      17.492834    671.743652  157.485367  11.176804  1.648112  340.855011
394 -22.578800 -23.637579  190.969208  0.218217  2.756376      10.087866    892.599976  197.813568  11.574025  1.521535  388.377686
395 -20.568003 -13.407858  190.206085  0.222906  1.277789      16.882313    432.111267  115.699730  13.500603  0.347469  427.161316
396 -15.040709 -25.387381  191.046158  0.228087  3.247540      11.315996    734.621582  249.798019  11.043685  0.822702  330.282806
397  13.392885  29.667467  186.301056  0.283284  3.548155      17.978231    431.758575  238.264664  10.985368  1.272845  364.999084
398 -21.827980 -21.903164  178.740616  0.239907  2.922749      11.201427    819.947571  216.373764  11.042965  1.566239  370.933960
399 -29.353977 -24.480181  176.035583  0.285221  2.760683       9.009681    889.836365  189.178162  13.554582  1.892218  422.213623
400   2.179455  14.175341  186.382187  0.211677  2.576407      15.186923    874.021423   81.743622  10.208998  1.485161  331.575775
401 -24.089664 -16.652798  168.835785  0.202301  3.515152      15.737234    585.974304  213.911148  10.684904  0.561795  324.077148
402 -19.962070 -26.158916  185.414322  0.236653  3.328142      16.517176    467.391876  235.308395  13.060482  0.421866  348.372467
403 -21.629028 -22.063969  181.635162  0.210492  3.247184      12.610898    718.989868  169.846497  10.294907  1.214265  367.755005
404 -13.493285 -27.383463  187.121231  0.242874  3.428500       9.787724    796.486084  127.005600  10.377099  0.700937  308.141113
405 -34.012627 -17.850649  176.928467  0.255138  2.255307      13.393570    767.355713  216.909027  12.659186  1.323938  442.847748
406 -22.569214 -19.297901  186.219711  0.222921  2.269357       9.718105    827.881287  175.714600   9.929014  1.904888  401.893280
407 -24.383932 -23.351412  186.951828  0.224523  2.766929      16.998686    839.975403  230.772705  11.050357  1.387825  379.217896
408 -17.348146 -24.842197  189.285904  0.222588  3.314042      11.697036    489.398926  149.399796   9.791048  1.527696  383.619995
409  26.665195  12.883207  179.892441  0.293010  1.474487      17.474991    533.570557  164.069580  14.541366  1.155186  445.129700
410 -32.060951 -27.461052  172.919678  0.302999  3.140512      18.629162    681.619446  181.989151  10.721456  1.918357  421.663391
411 -11.342508 -25.705879  180.898346  0.243611  3.259839      12.285737    999.366821   94.867638  10.828645  0.524520  262.174377
412 -23.142649 -21.002234  194.720123  0.211649  2.205781       8.084118    530.750122  228.201080  13.822837  1.507767  420.620209
413  19.504522  15.359303  182.615448  0.252338  2.068658      18.962214    881.052063  200.138412  13.623837  1.713248  373.918091
414  22.822201  10.238977  181.672760  0.208975  1.745461       8.177673    857.584167  166.088089  11.570560  1.810001  399.843079
415  12.093223  13.656698  188.690216  0.200011  2.264497      17.798613    671.590271  152.722122  11.203013  1.476455  344.392700
416 -27.282595 -21.396351  185.772568  0.257238  2.126940       8.978945    801.193604  169.383835  11.302620  1.304638  415.704346
417 -17.325378 -23.656626  181.369705  0.220690  3.598600       9.485405    777.895325  212.935364  10.138465  1.447693  354.251617
418 -17.515409 -17.125341  174.344208  0.205421  3.091751      11.669280    736.209045  199.091797  11.903610  1.721091  362.229858
419 -17.755337 -16.864960  182.954636  0.210886  2.443494      12.985162    637.657898  154.170273  11.963143  1.160342  364.421295
420 -12.085472 -18.855171  187.743301  0.202821  2.971078      16.211967    403.267700  134.851395  12.312593  1.367559  387.969757
421 -17.816612 -21.918964  181.674225  0.225022  3.132137       8.359977    421.012695  198.222565  12.314963  1.151435  427.978394
422 -23.128601 -19.205370  176.945770  0.208656  3.138854      16.667374    475.026672  235.263489  11.852076  1.541817  394.524506
423 -14.448616 -25.884483  189.114944  0.251293  2.850430      17.695856    664.260254  179.060806  11.052544  0.808193  330.912445
424 -20.379181 -18.551298  180.590836  0.220006  2.575489      19.234932    419.835846  112.461327  10.460231  0.742344  403.855469
425 -16.173920 -28.898029  181.565033  0.295171  2.936357       9.393888    633.463989  114.057755  11.297213  1.093265  364.583344
426 -13.493229 -30.938173  188.710831  0.242712  3.828874       9.676553    827.411987  227.803040  11.364992  1.655655  353.801697
427  26.469908  21.953777  188.992340  0.272885  2.175506      11.323972    672.238159  205.884705  13.551105  1.876178  439.673126
428  24.899933   8.163373  182.208557  0.218351  1.365670      12.285268    682.091064  222.783356  13.387062  1.911770  410.720123
429 -13.539001 -24.040806  190.875504  0.206301  3.570953      11.602345    780.423218  219.973160  10.739070  1.213555  339.363281
430 -25.495878 -22.225075  185.151474  0.245506  2.400028      17.205294    622.228333  181.259201  10.933309  0.857675  389.079651
431 -13.204841 -34.129585  184.674973  0.289912  3.778681      11.673777    405.279785  189.787552   9.942729  0.613823  371.500946
432 -20.360401 -27.350019  182.930283  0.282922  2.942347       8.423897    721.815918  148.837845  10.013223  1.452928  380.696075
433  26.712788   9.718782  176.759720  0.238813  1.725626       8.764289    718.784607  133.328186  11.483660  1.172930  408.267242
434 -24.589235 -18.245716  176.532608  0.209035  3.196394       8.557382    608.635986  188.952530  11.021505  1.837899  397.946655
435 -19.400249 -19.322557  188.168961  0.200497  2.571680      13.346195    504.789703  188.677094  10.484704  1.127914  382.050629
436   6.768360  20.581751  183.690994  0.211987  3.508639      15.317690    766.760071  178.334793  11.310306  0.805799  292.529297
437  28.208342  13.547098  177.900803  0.270632  1.887225      16.276409    526.183594  160.052551  12.179066  1.390227  431.888611
438 -15.761777 -23.920166  188.575089  0.230829  2.966441      13.577080    411.605469  178.049500   9.195889  0.477837  415.492676
439 -14.733908 -26.893742  175.990219  0.242383  3.719274      17.173962    663.935242  147.336624  11.437427  0.906573  313.509796
440  23.393393  14.164515  180.381668  0.242918  2.059447      10.327492    510.100372  154.886948  11.632989  0.975157  414.976227
441  32.129528  10.471194  183.272568  0.225837  1.435507      12.658794    618.204224  182.745041  12.538567  0.202212  343.944275
442 -15.200076 -31.099272  196.314590  0.267858  3.192263      16.732922    425.466919  193.350266  10.881045  0.561798  399.666351
443 -16.618689 -24.993141  184.932129  0.240255  3.368387      15.014240    590.652771  224.491638  11.799522  1.440200  359.328400
444 -15.091053 -23.181759  186.448730  0.216250  3.473572      10.683618    713.894409  215.353729   9.033247  1.610586  360.712250
445 -21.921457 -28.807568  192.008804  0.236480  3.296055      12.050318    732.534119  190.772797  10.246289  1.115796  385.872986
446  21.788328  20.500929  182.849472  0.256976  2.656941      12.957739    831.063171  214.514435  10.709901  0.820982  349.293152
447  24.580172  16.740948  187.516464  0.250275  1.890737       9.005057    563.296265  162.618164  12.500160  1.329976  434.307190
448 -17.225351 -21.091705  180.691010  0.221075  3.026364      10.102468    417.820984  200.174393  10.347256  1.517670  408.196136
449  16.847198  20.320902  178.514389  0.244200  3.122360      15.188210    825.431274  129.029572  11.623425  1.944370  358.515778
450 -29.805908 -22.979189  182.869446  0.241423  2.644238      12.621315    736.644714  210.644058  13.290736  0.973885  408.941528
451 -23.383129 -23.812544  186.013885  0.244462  2.636257      17.090151    488.415070  174.374084  12.092929  0.863858  399.713287
452 -17.707102 -26.400238  184.211563  0.241197  3.300939      13.063258    690.909058  201.756744  11.802716  1.049327  351.372833
453 -11.729975 -21.989714  180.092850  0.245119  2.834080      10.738347    895.476929  128.130569  11.289200  1.278480  339.062836
454 -15.478158 -14.944802  179.308792  0.202670  2.468781      10.922202    849.079895  144.126770  11.690697  1.797384  355.773071
455 -19.747808 -19.469074  185.726776  0.219403  2.498652      10.585448    484.290588  162.696304  10.828644  1.541761  399.919983
456 -26.861887 -21.167526  173.377075  0.260217  2.861358      17.586357    581.741577  225.191925  12.740676  0.268438  309.278381
457 -24.074823 -20.514086  179.375565  0.233121  2.835150      17.129858    515.535767  190.630402  12.854356  0.829179  371.992981
458  14.211848  22.354900  184.292206  0.247046  3.328769      16.976776    407.532349  157.140182  12.020931  0.933227  376.857483
459  18.483027  13.944175  171.103119  0.218494  2.816844       9.281439    784.231323  207.271957  11.749246  1.577260  365.758026
460 -25.886068 -22.390903  192.296860  0.235351  2.154586      16.871120    680.654175  240.729706  11.209335  1.761032  417.785461
461 -27.643257 -29.980478  187.694916  0.265284  3.013472      18.427822    676.015503  226.048950  10.365786  1.640347  420.459961
462 -15.186869 -14.433554  179.994202  0.203959  2.322046      12.348254    886.378906  137.059235  11.153293  1.238673  342.147461
463 -17.209791 -29.773605  179.627747  0.305702  3.036372      14.933462    421.044495   97.858475  11.675508  1.893070  405.443726
464  13.858553  11.537258  187.320801  0.202570  2.062376      14.320529    649.470154  119.162086   9.759036  1.273746  353.183167
465  11.788009  21.312239  186.713104  0.221894  3.443574      15.350267    406.776306  228.775085  10.609719  1.430269  366.554077
466  21.630589  18.882883  176.344406  0.285748  2.364671      16.635094    537.434082  148.032593  11.871294  0.408907  344.922516
467 -33.278179 -13.955833  183.702438  0.202396  1.827245      17.784073    794.800293  246.465866  10.743367  1.578772  422.864014
468 -23.217335 -24.186638  187.321091  0.257841  2.573264      13.105971    602.300415  166.225403  12.292182  0.809398  388.331757
469   8.140756  28.568502  189.044357  0.265950  3.761544      12.105291    572.419556  153.004272   9.447666  0.791415  313.172760
470  18.787575  16.907902  180.803528  0.208761  3.097796       9.258010    733.009888  190.822586  10.644130  1.439730  365.210114
471   6.625820  20.557163  179.536011  0.232176  3.153535      14.772932    519.096619  114.324249  11.465144  1.679698  348.593597
472 -14.775960 -22.430298  181.889511  0.235920  3.040668       9.006797    631.303589  189.718903  12.205589  1.823515  370.809326
473 -20.305864 -21.279585  185.453842  0.227918  2.726033       9.330044    621.737122  127.690285  10.706690  1.428938  390.441895
474  17.263775  19.757393  195.610001  0.244535  2.163173       8.743552    462.871246  161.423828  12.574739  1.547910  423.979736
475 -11.570808 -24.256737  187.466644  0.231019  3.140244       8.126846    771.290222   97.616470   9.058530  1.681830  356.172791
476 -25.840986 -27.782286  184.747726  0.265645  3.038826      14.155990    800.211426  230.829697  10.514377  0.442713  325.804291
477 -24.245892 -25.259596  178.491028  0.249085  3.261746      15.865642    472.668793  218.607880  11.696786  1.376017  399.890533
478 -26.975220 -23.228146  188.345856  0.271840  1.992653      12.279098    656.641724  194.488831  13.399551  1.346008  435.657379
479  26.189039  17.167091  179.340530  0.228506  2.671890      12.220824    721.868286  237.727142  13.014903  0.437384  330.680908
480 -22.326317 -19.939760  173.783844  0.234108  2.951889      14.277678    734.565430  168.130890  11.722732  1.459412  366.408478
481 -19.176558 -23.191404  182.708328  0.212238  3.988140       9.985539    449.059265  233.613159  10.165434  0.708326  373.514343
482  18.263367  10.106214  176.727127  0.207100  2.091979      18.645296    437.757111  133.496063  10.549427  0.517989  370.544983
483  32.179073  11.597357  177.153061  0.252907  1.871065      15.789701    525.092041  201.437347  13.841608  1.048640  449.471649
484 -20.605844 -29.582813  176.460587  0.270148  3.625224      19.852905    494.949707  166.290649   9.427401  0.243284  279.064606
485   6.090508  19.552155  192.202545  0.202450  3.350594      12.376565    832.150146  161.750320  11.086950  1.003183  311.558838
486 -13.633176 -19.217239  183.697586  0.203441  3.188728      14.288904    740.131592  163.657578  11.752201  1.901829  355.008636
487  17.109625  16.974485  188.061844  0.220834  2.469811      15.032462    535.258240  169.519196  11.976662  1.266643  374.882812
488 -18.658897 -28.433325  189.381241  0.249716  3.167037      19.501768    774.788757  214.944977  11.453518  1.170171  351.347870
489 -11.327947 -22.242739  186.231674  0.230789  2.774358      14.829348    877.534058  146.634186  11.127756  1.233992  333.879272
490 -15.836677 -26.778887  191.137146  0.268658  2.715372      14.611944    485.591858  177.044601  13.033552  0.651766  367.086517
491 -26.365519 -30.810951  176.712204  0.290411  3.482707      15.383809    833.768311  225.778717  11.760540  0.766766  344.676971
492 -31.575583 -15.799779  180.476822  0.221170  2.030111      17.759600    592.264343  199.906952  12.176045  0.598967  402.562073
493  17.112310  12.402380  183.054733  0.203924  2.198454      14.580997    684.505432  148.609955  13.309049  0.977848  347.834869
494 -20.379938 -23.370476  179.632782  0.286592  2.497432      13.113231    598.010315  161.635651  10.219568  0.399599  327.159546
495 -27.598810 -12.566260  181.958862  0.200380  1.872041       9.336370    632.305115  156.308884  11.077377  1.678510  414.180115
496 -17.462473 -24.865440  189.300842  0.216115  3.518524       8.554636    632.853210  222.196075  13.118273  0.762287  346.964478
497 -16.348938 -30.039415  178.975220  0.278982  3.478742      15.473507    879.033569  118.895119  11.379702  1.543367  339.733459
498 -13.529260 -20.396698  189.049698  0.226415  2.750420      12.085085    481.793304  118.690346  11.657965  1.600364  381.982056
499 -20.380945 -16.699314  177.787018  0.207298  2.687993       8.133844    502.777588  198.190857  12.751039  0.220523  320.053711
500 -20.725277 -14.596172  185.214661  0.221549  1.736584       9.104285    983.230591  127.321220  12.630760  0.679714  331.953735
501  20.424105  16.458889  182.955551  0.253160  2.176461      12.766607    930.484558  160.063858  14.046617  1.621944  382.692322
502 -15.927109 -32.248283  182.747650  0.314830  3.131352       9.914571    767.709106   96.710327  10.568704  1.385038  360.934265
503  15.437456  14.158135  175.719421  0.258513  2.008457      13.668072    577.368958  126.212555  12.371720  0.764899  356.232758
504 -20.820370 -28.356279  181.433777  0.240790  3.904724      13.699227    548.838745  244.010971  10.665204  1.724443  376.231750
505 -27.410671 -20.850348  182.934998  0.227126  2.623124       8.499190    630.662231  213.807861  10.842475  1.794646  427.564667
506 -20.564032 -23.692528  188.442581  0.200699  3.242880      18.905817    695.074951  179.052612  10.092357  0.923026  342.094543
507 -19.303385 -30.605408  179.554123  0.274474  3.804143      11.894639    403.459198  204.240662   9.464152  1.066115  398.823608
508 -26.537176 -29.631096  184.461792  0.247557  3.445308      18.615049    798.247681  238.527451  12.113860  1.751513  395.767212
509  22.150810  14.664082  188.097305  0.205087  2.161865      14.642524    700.252625  171.501770  12.748603  0.949329  366.897217
510 -15.701369 -30.671005  177.194183  0.287160  3.476862       8.577002    653.655334  121.380814  11.950060  1.989066  366.179138
511 -26.098509 -14.464198  186.607849  0.204465  1.780722      13.099188    663.322937  166.789932  11.096233  1.993852  412.275452