            lon        lat         inc      D1AU     delta  launch radius  launch speed    t factor       B1AU     gamma         vsw
0    115.714439  13.151698  116.629227  0.349259  3.666698       6.497219   1834.546143 -178.374527   6.428324  3.455763   87.164436
1    121.310738  14.720559  142.756271  0.341119  2.336918       7.517933    974.992554  -87.554649   7.537487  3.199035  206.497086
2    115.016670   8.713220  141.134918  0.301929  1.827032      10.161847    818.078125 -193.243210   7.687310  3.691056   52.008915
3    123.671822  11.308691  122.259811  0.312609  1.218007       8.777198    773.377686 -160.644394  12.109298  3.338016   77.314468
4    115.390442   6.038109  142.199997  0.320609  2.506996       8.239202    881.723694 -185.630829   9.742068  2.567009  100.179207
5    111.397957  -1.861846  145.791290  0.315152  2.564660       8.225750    746.746887 -186.415649   9.247684  2.072616   75.782455
6    117.473244  10.252095  139.972031  0.334364  2.273408       5.736791   1764.943481 -177.424057   7.664919  3.164262  155.185104
7    125.053162  10.851759  130.384003  0.281042  2.341623       9.170276    864.558838 -233.350662  11.462834  3.988564   90.170387
8    113.216446  14.769179  134.184326  0.338134  2.322558       8.583694   1285.454102 -217.304321   8.653945  3.943899  100.083740
9    128.198181 -22.140408  153.169479  0.312590  2.809202       6.477943   1638.481445 -182.382751   7.793540  3.895370   86.044510
10   108.053085   3.677243  146.241806  0.319852  1.972566       6.521578   1504.719360 -192.518127   7.169225  3.125529  102.931709
11   113.779663  28.183561  141.810043  0.283176  3.278494       7.520568   1250.945801 -116.916115   7.029632  2.200028  119.541237
12   112.640442  14.794024  130.699890  0.345617  1.836618       6.314039   1482.911621 -118.970596   8.024317  3.652738  152.834610
13   122.543350  -8.400139  153.879425  0.309540  2.702497       8.258403   1237.290161 -193.886734   9.991712  3.853002  122.913727
14   110.282875  19.115988  144.479721  0.316786  1.004729      10.305336    736.479492 -167.891373   7.163665  2.118290  107.048523
15   121.494690  22.452051  108.294960  0.337706  2.946635       8.495745   1489.683105 -179.333755   8.072218  3.544514  100.613205
16   120.607773   4.297717  126.478493  0.334098  2.385934       7.265483   1604.961304 -179.365906  10.507365  3.997329  107.465569
17   116.759705  16.908226  127.060600  0.345218  1.382110       5.372042   1889.927612  -79.388435   9.146556  3.313750  123.383636
18   117.337959  18.224623  125.029900  0.331613  3.402592       5.474839   1734.831055 -201.950195   8.452607  2.616382  116.940475
19   110.464539  18.648235  135.446426  0.300430  1.570161       8.648513   1242.907959 -146.294769   8.310399  2.786246   91.606789
20   111.658737  17.058434  134.894104  0.296643  2.354271       7.321106   1395.840332 -107.467239   5.484621  2.962067  132.479721
21   126.040222  20.172047  120.610329  0.302305  3.597721       8.182883   1281.645630 -205.568542   5.800823  3.162451   61.569309
22   123.237480   5.106804  127.942970  0.326670  1.191554       8.115528   1256.650879 -114.826530  10.364878  3.460158   53.620415
23   126.882759 -20.955456  133.511398  0.347576  2.946101       7.093340   1487.344849 -226.317093  10.507442  3.666043  102.164070
24   114.335503  11.854369  141.442856  0.346414  1.078848       6.281722   1441.419067  -99.789352   7.877664  3.999026  208.594757
25   119.710930  23.110163  125.141914  0.305491  1.871733       9.740023   1065.525635 -220.474228   8.857100  3.575258  108.520164
26   109.732986   7.532591  130.432648  0.331892  3.585360       6.528162   1893.484375 -146.782745  10.266826  3.125290  103.131256
27   119.385612  16.312366  136.267853  0.284719  2.116817       9.728490    800.159241 -213.435104   8.758791  3.725992  115.939354
28   121.308121  10.874094  128.539978  0.345804  1.542636       8.077873   1550.733032  -92.025368   6.775281  3.941931   84.745155
29   118.719917  -1.257447  132.293701  0.318121  2.913829       8.149219    873.527039 -231.771332   9.784610  3.363718   91.247696
30   124.756828   8.125867  140.951126  0.300636  2.160431       6.707501   1657.786621 -181.267471   8.609349  3.093810   87.934196
31   121.540680  -1.722703  136.292587  0.338648  1.989767       6.963121   1458.303955 -234.579605  11.864518  3.396705  113.224266
32   102.974701  27.530546  127.027084  0.302235  3.222329      10.389671    807.550110  -87.323914   6.003109  2.933654  150.442963
33   116.279526   4.189127  137.161392  0.327468  2.485058       7.244705   1413.566650 -150.939728   8.570386  3.365309  107.930954
34   119.874550  -4.576678  157.791672  0.343273  2.174666       6.090401   1839.164307 -152.303070   8.635251  2.609575   66.584618
35   130.064178  -0.995187  121.673935  0.348964  1.266859       9.159078    783.884644  -82.541000   7.311277  3.968362  132.170151
36   118.170662  15.516020  135.070923  0.281510  1.947837       9.747622    806.617126 -186.382507   8.753124  2.732752   55.611172
37   113.573112   9.052830  141.343094  0.330075  2.330959       6.161978   1147.324829  -53.403076   8.111641  2.026191  114.720703
38   115.436317  24.402596  129.186035  0.320845  1.282097       7.938414   1697.745605 -125.798904   9.479381  3.649177  107.482620
39   122.531555  16.648008  114.364357  0.334532  1.322366       7.922383   1255.480347 -118.547684   7.060233  3.879144  105.580330
40   105.127342  18.232872  148.024536  0.313243  1.238973      10.503208    750.676453 -193.113541   8.924660  2.362434  120.940125
41   117.553696   0.504868  131.188019  0.326245  2.209632       6.857352   1831.767456 -143.016693  10.236707  3.813833   79.371384
42   116.390160  29.132753  119.812515  0.316432  2.112820       7.319232   1895.532959 -223.939163  10.304677  3.722653  110.777054
43   105.336258  18.921543  137.165283  0.330326  1.850514       8.544019   1802.486450  -74.577965   5.259114  3.863318   87.856888
44   118.129387  -2.514685  127.391876  0.345465  2.680279       6.651248   1815.892700 -116.338234   7.736591  3.808124   90.247169
45   115.457779  24.558926  142.777313  0.312411  2.151361       8.897534   1255.707520 -119.426781   8.147463  3.330747  133.651611
46   117.534302  17.120607  128.301270  0.340944  1.108645       7.728569   1534.627808 -180.477661   9.890824  3.325679  114.886322
47   121.459053   7.932642  109.144363  0.330294  3.005927       6.490179   1236.924438 -167.780655   7.581984  2.601204   67.817596
48   113.993813  -8.884444  134.723526  0.343315  2.726253       7.708806    771.888306 -176.523682   7.994638  2.469946   67.197388
49   124.834122   4.773652  135.967972  0.334635  1.046555       7.773777   1061.774780  -84.300728  10.912696  3.406741   66.767876
50   114.139557   8.976095  132.203064  0.314155  1.864150       7.169081   1144.385498 -151.757324   7.838840  2.627093   76.247818
51   124.146614  21.094349  128.434967  0.329650  3.394510       5.086061   1505.880737 -169.401077   8.649464  2.537041  131.920486
52   109.246445  20.154190  123.309280  0.323796  3.159571       9.194881   1355.754639 -179.859482   6.377978  3.313907   55.591583
53   120.697929   4.968410  130.911133  0.334827  3.207430       6.628617   1376.963745 -227.401443   6.949311  2.650461   81.776199
54   132.598389 -22.109249  138.241226  0.347191  3.333108       7.400871   1414.384521 -216.688614   9.897639  2.635260   69.751740
55   123.219933  -0.469355  123.783463  0.324763  1.644554       7.673215   1373.164795 -141.654480   9.815064  3.792147   54.386562
56   115.347397 -12.017506  142.205246  0.342158  2.601105       6.709695   1203.171021 -222.895355  10.020590  3.345411  108.257309
57   115.389244  24.346174  133.627106  0.313059  2.339035      10.254760   1107.802734 -221.017548   6.473906  3.721668   83.150032
58   118.951958  -6.353243  132.786331  0.341394  2.675605       5.496439   1345.831665 -122.279770  10.455411  2.719818   72.969650
59   113.660172   7.381186  121.439484  0.315848  3.043664       8.568618    816.079041 -133.263489   8.493582  3.469467   81.139458
60   122.404480   8.402708  117.554733  0.337363  3.239763       5.222179   1900.672241 -131.944305   9.582169  3.539439   95.487282
61   116.273773   5.341113  155.789398  0.324161  1.243829       6.241044   1991.772339  -89.965286   9.083587  3.477541  149.332504
62   122.702812   0.936443  111.461700  0.336640  3.283238       7.277100   1544.472290 -195.427277   8.903582  3.812138   66.149788
63   113.963943  16.647755  124.299072  0.339229  2.254005       9.786115    748.645447 -117.388260   8.066842  3.385344  160.008881
64   118.813301  23.494587  135.007309  0.232872  3.055236       8.380865    952.785278 -213.373901   6.786924  2.864605  105.417839
65   106.154770  29.367941  130.133286  0.283190  2.414926       8.824363   1162.310059 -194.146469   7.686152  3.046033  149.134079
66   120.859428  15.113838  130.096741  0.329318  3.997978       7.846877    928.831543 -242.874756   8.780361  1.786837   86.217621
67   118.350060   2.419467  122.740791  0.338957  2.605996       7.744350   1149.468140 -120.467812   9.336527  3.619694   83.786713
68   126.599670  -8.013783  115.302643  0.314499  1.718247       7.606524   1114.262207 -220.234924  12.228362  3.011230   52.181526
69   123.762573   6.798639  137.469589  0.345724  2.151061       6.600840    990.071167 -179.321716   8.164554  3.001315  134.045883
70   125.056862   4.829146  124.635658  0.347626  1.161334       9.253792    711.964783 -121.102852  10.021078  3.866781  131.188965
71   127.229912 -23.473799  159.796738  0.349629  2.411677       6.087557   1381.968506  -63.154919   5.564917  2.878392   86.773071
72   114.285217   7.452085  136.570450  0.343805  3.301620       6.781766   1475.447754 -128.654922   9.033720  2.995900   62.352024
73   114.876785  22.243803  128.201431  0.296486  1.998400       5.496157   1843.195435  -92.905273   7.927436  3.245701  137.302048
74   121.784073   2.555377  123.667168  0.340741  2.997995       5.905632   1696.825439 -201.109039   6.871656  3.145078   77.265419
75   127.260300  -8.111536  122.143936  0.346859  1.650518       7.887947    987.327942 -157.494812   9.990561  3.058396   59.162659
76   121.668961   2.948694  130.210205  0.334745  2.995978       7.541479   1499.834595 -143.202148   8.830429  3.780960  131.442047
77   120.102272  -2.644680  141.444214  0.334369  2.631963       6.998712   1111.460327 -107.513092   8.626739  2.978559  131.330170
78   130.493378  -7.156812  125.376297  0.310795  2.776889       8.893198    895.682800 -217.663132   8.166558  3.293265   57.836983
79   118.535271  21.454460  129.556366  0.308046  1.590064       9.262247    758.645508 -118.225494   8.757492  2.153713   57.075176
80   130.595490 -14.838654  130.392899  0.303141  2.144434       9.529293    771.963196 -181.124847  12.893995  3.278291   53.962589
81   114.961540  19.304821  134.233917  0.329874  1.184748       7.572053   1197.672729 -172.085663   8.101261  2.252422   81.131454
82   120.483734   8.401608  128.372467  0.267956  2.978768       6.829356   1576.743408 -245.839066   9.881396  3.503189   56.068573
83   109.730392  -5.854556  125.930099  0.348405  2.859922       7.721671   1320.316162 -146.087830   7.847279  3.587413   64.882637
84   116.994873  -4.015148  128.423386  0.345853  2.786937       7.746617   1681.555054 -140.109436   8.963113  3.963189   59.796444
85   114.790047  17.568871  131.977509  0.242084  3.094899       8.305273   1264.612671 -214.897461   6.254619  3.475018   63.441780
86   114.592445 -11.174474  123.815125  0.325197  2.957064       8.269269   1169.370605 -175.394669  11.149666  3.926241   55.216873
87   111.075790   3.896892  132.566238  0.341621  3.233626       6.687428   1469.818237 -171.320694   6.642705  3.986793  150.270447
88   124.474625  19.915718  122.143890  0.293773  1.573323       7.989511   1498.132935 -136.097885   7.794786  3.837445   92.333900
89   120.048439   1.451455  131.934433  0.346183  2.165856       6.647840   1498.205811 -119.930931   8.399877  2.779290   76.107552
90   126.366455 -13.150354  114.871483  0.325091  2.118360       8.346965   1077.974731 -153.137772  10.554167  3.736193   69.073181
91   126.706245   6.330012  134.921661  0.278652  1.508123       8.077941    868.130066 -167.908661   9.926462  3.142158   57.737034
92   117.224617   1.899388  134.610519  0.329608  3.034617       5.578348   1809.519287 -178.672958   8.661792  3.717361  133.880753
93   121.983559  -5.389610  145.077408  0.335198  2.229287       7.002140   1495.968506 -218.468857  11.326052  3.070736   82.966019
94   114.145233  22.314850  107.639420  0.295392  2.962941       8.078160   1465.074097 -200.351212   8.579924  3.666708   52.703781
95   120.762756  14.027336  119.538246  0.325341  1.263276       8.251591   1127.746826 -140.748215  10.454280  3.300600   70.239815
96   125.310425  -7.112338   98.258232  0.344336  1.458240       6.917575   1130.406982 -210.878387  18.317568  3.893990  108.851089
97   121.574699 -11.787690  140.088272  0.333442  2.184180       8.389776   1004.838684 -182.513504   8.990677  3.764900   63.203648
98   122.209930  -3.357939  116.334045  0.349410  2.941965       7.488971   1515.970459 -224.407547   9.995917  3.823612   77.951241
99   125.117195 -16.370308  125.884415  0.339760  2.832721       6.882767   1676.296387 -167.199585  10.476611  3.498146   53.290310
100  120.690918   1.450231  126.819489  0.332633  2.581940       8.178442    945.407166 -142.249542   8.849367  3.303973  108.347618
101  109.559227  16.491196  135.257065  0.316929  3.101902       8.646175    918.409546 -157.560486   7.137000  2.883758  134.251831
102  118.228134   0.580978  135.085861  0.309877  2.672132       8.501214   1019.855408 -167.561584   7.496001  3.754984   72.692474
103  117.198624   0.449252  126.945236  0.320926  3.925153       6.251913   1640.780884 -239.590591  10.593108  3.364190   75.123825
104  114.382141  -8.924489  126.136879  0.314018  3.059804       6.785437   1250.367310 -153.175476   5.117652  3.443673   72.616272
105  116.051910  -4.103673  139.570282  0.311576  3.003222       7.576022    873.925110 -200.874268   7.563338  2.526312   72.189377
106  107.753113  26.762667  134.289261  0.327395  1.649122       8.443840   1972.584839 -201.977539   9.129596  3.184336   85.523628
107  118.534309   5.298656  129.058228  0.321815  2.269687       6.338136   1957.499634 -128.149628   8.351324  3.896002   76.157150
108  123.845192  17.026102  119.086258  0.329329  2.069351       6.118455   1288.291382 -202.924438   9.360661  2.632716   69.985802
109  121.806076   3.896861  142.073013  0.344726  1.944309       7.648036   1284.630493 -225.194824  10.143719  3.105545   78.414619
110  118.386345   7.851429  128.762955  0.316745  2.221903       7.118020   1371.132812 -164.425735   9.349758  3.870139  133.368912
111  100.317535  14.457151  127.500710  0.348272  3.904945       5.901893   1619.220337 -192.597763   5.268762  2.979750  149.314667
112  120.885361  -9.708642  135.315735  0.303466  3.365914       6.930332   1442.259155 -132.057617   7.899679  3.790564   67.383209
113  108.499725   3.437315  125.684586  0.337259  3.562119       7.236133   1225.979858  -85.474884   6.261001  3.442410  104.920723
114  106.155083 -17.321156  148.302612  0.323630  3.290818       7.752614    980.240479 -178.508820   6.437371  3.152830   79.511238
115  118.737198  12.505852  124.736496  0.317076  3.038538       6.681723   1448.092773 -142.236008   6.660517  3.862076  115.534714
116  129.884293   2.781111  124.390045  0.304229  2.166640       8.209456   1104.168701 -130.475937  10.721436  3.771110   61.512848
117  119.205811   3.691085  142.217773  0.307409  2.589363       5.508328   1305.353516 -249.205872  10.027922  2.049325   78.615196
118  128.297058  19.062305  120.353371  0.323513  2.320484       8.393403    827.488525 -158.303589  10.714171  2.707805   93.403503
119  112.453033  -7.511447  147.308762  0.347420  3.618845       5.624778   1751.294800 -229.981979   8.824140  3.871499  112.829369
120  121.450630  -3.375385  115.916420  0.337410  1.834989       8.634063   1146.816650 -206.940857  11.571710  3.849555   58.381496
121  121.490860  -3.908651  120.570717  0.349669  3.011462       6.936667   1249.694824 -146.192932   9.696485  3.478783   98.787598
122  116.440376   2.920445  152.061630  0.330278  2.211849       7.342932    897.380859 -135.375931   7.738225  2.111642  139.340363
123  110.915833  -7.238307  142.287766  0.346607  3.382522       8.117651   1177.054688  -75.922386   6.532645  3.792423  132.963547
124  109.900215  16.850149  131.956726  0.315653  2.418198       5.170877   1993.932373 -198.874191   7.203568  2.453148  108.343185
125  112.581985  23.821335  130.282898  0.346946  1.361250       7.065497   1623.851196 -153.968796   7.207694  3.533946  151.065598
126  123.336739 -20.667374  149.728607  0.322921  2.782410       7.427609   1470.934570 -137.305511   9.647310  3.793310   70.649109
127  125.103386  27.620716  121.787148  0.316712  1.683500       6.235286   1657.526367  -95.334602   5.942617  2.859435  126.637810
128  112.656555  -5.936267  144.599487  0.342540  2.428087       7.256185   1509.860107 -166.911713   7.944733  3.447362  111.911072
129  130.376892  15.492277  111.347572  0.259526  2.438243       8.200707   1103.060425 -169.678970   9.230564  3.736423   76.791573
130  115.550896  16.014845  140.177917  0.303051  1.809610       6.927378   1104.928589 -155.704025   5.925395  3.762908  190.022034
131  130.059387  -8.473330  133.626266  0.286018  3.496906      10.044337    710.932922 -142.042999   8.822842  3.291763   59.138390
132  118.054955  -2.471003  139.934082  0.310344  2.530758       5.831570   1184.737915 -207.948334   9.128121  2.523979   68.712608
133  124.501671   6.384577  128.110031  0.338999  1.430430       5.166897   1918.943115 -124.139824  12.627185  2.956103   59.824074
134  120.594101   4.657941  131.926651  0.292260  2.021237       7.424279   1210.449951 -241.300964  11.786705  3.334932   85.036140
135  123.156441  -9.832368  125.249954  0.329751  2.205001       8.319448   1157.962158 -156.935852   7.816342  3.901013   67.960655
136  115.071724   8.430052  138.380051  0.336633  1.614593       5.624558   1446.275269 -109.559944   8.756125  2.903944  135.719971
137  124.353760   6.381285  121.029633  0.344178  1.978724       7.823507    832.271179 -104.124016  10.788725  2.934879  122.266563
138  118.955872  10.349678  118.976578  0.349902  2.318023       5.338917   1627.024170 -144.803070  10.556534  3.053760  102.297791
139  128.086105  24.882318  117.330688  0.317806  3.393121       7.507555    965.241089 -181.882141   9.682612  3.236767  156.736603
140  127.171577   2.375427  113.931572  0.273457  1.737588       7.914629   1124.424805 -169.319656  11.051725  3.711508   59.594452
141  109.914398  25.959761  136.817108  0.329164  1.430453       8.689201   1531.060669 -165.496994   8.001784  3.534100  149.107712
142  118.906380  14.304500  129.933304  0.325299  2.585104       9.455053    930.107056 -108.621170   8.406155  3.358919  102.139671
143  123.898415   4.152865  138.217697  0.317069  2.783218       6.019392   1503.183960 -249.692902  11.801931  3.997838  150.585480
144  118.911789   6.437916  136.261505  0.339931  2.222534       7.418869   1441.277954 -184.469177   6.837640  3.122462   64.620842
145  117.403404  15.354642  114.196541  0.347894  3.200900       6.481932   1689.062744 -221.366928   7.219919  3.285393   87.363167
146  123.132896  14.832859  121.158234  0.343856  1.599038       7.620303   1974.957764 -189.791000   9.002945  3.752137   75.301384
147  114.756729  25.044857  109.632362  0.321260  3.677543       7.807586   1185.417847 -249.964706   6.331554  3.416285  148.645157
148  115.616547 -10.441199  146.146042  0.335854  3.557606       7.270724   1172.823486 -167.791458   7.846879  3.350250   68.619064
149  110.728287   3.173865  139.797546  0.343666  2.287636       7.384140   1589.005371 -196.688507   9.978070  3.098830   58.367462
150  123.821899 -12.837875  128.313904  0.343485  3.981895       6.115363   1469.677246 -137.651138   8.379646  3.227507   62.667179
151  109.739182   9.541244  143.101700  0.310553  1.835528       8.553843    867.997742 -222.278152  10.748281  2.353260   93.175011
152  107.363022  19.068571  145.982040  0.333551  2.286206       5.648465   1167.730957 -118.870750   6.533165  3.560184  311.343719
153  124.860222 -11.589092  132.735413  0.349922  2.479752       8.350564   1370.494019 -241.834549   9.836780  3.951675   82.189964
154  122.744072  24.057249  121.533669  0.291986  2.942538      10.515992    729.929749 -176.094376   8.740880  2.535336   87.860939
155  115.965706  13.316551  138.902130  0.318043  1.503204       7.698432   1668.282959 -246.594559   9.472658  3.388655  103.632591
156  121.493507  -9.688955  137.727478  0.336438  1.845065       5.407490   1966.559570 -180.635300  11.481734  2.826785   54.568481
157  116.248360  -1.719835  125.605583  0.344157  2.396623       6.545473   1185.180420 -160.929611   9.606141  3.511816  111.751976
158  118.443436  -3.334865  132.658707  0.333237  2.529191       6.880129   1356.715576 -153.131226   8.354442  2.962642   64.678581
159  119.602501   1.094926  128.413467  0.319568  1.928689       7.265379    876.076355  -72.443848   8.575085  3.250826  121.506439
160  129.779114  -8.267217  133.463074  0.335003  2.763949       7.569557    937.050659 -217.043930   9.667317  3.319078   97.520531
161  123.162117 -13.328159  131.716827  0.309277  2.563862       7.242490   1630.132324 -227.330612  11.207360  3.941935   65.056969
162  128.727707  12.363915  104.371857  0.338364  1.715782       6.714374   1460.813110 -202.591339  11.708538  3.431373   64.995010
163  116.941605   0.914216  135.030533  0.323397  3.378833       5.901719   1853.322510 -240.988861  10.144924  3.649061   58.633392
164  101.685242   4.506001  146.628891  0.338357  2.447103       6.877593   1025.944946 -192.273773   8.223974  1.625360   63.389076
165  109.505455  11.035179  105.169502  0.345957  3.823784       8.765267    815.150452 -149.561508   5.519537  3.811715   80.340454
166  124.878654  27.984440  112.055885  0.308177  1.308630      11.261482    955.353027 -152.659409   8.248871  3.411231   50.824661
167  115.867989 -16.919727  139.641449  0.339455  2.266575       8.341780   1102.455322  -99.685440   9.002566  3.722883   66.167252
168  121.244652   7.469670  132.343689  0.306600  1.361074       8.397289   1059.470825 -203.469040  11.984015  3.207466   70.591934
169  114.601074  10.421927  127.718811  0.303044  2.560238       7.383380   1715.392700 -194.675720   9.800807  3.351645   53.065605
170   98.239037   3.789590  142.098724  0.302031  3.884870       9.024736    826.377502 -237.335419   7.588452  2.970110  138.175522
171  114.911186   2.128191  113.332642  0.340889  2.809090       6.869254   1541.419434 -218.236389  10.730475  3.794515   54.215069
172  125.384888  -4.331907  111.050514  0.346119  1.611625       8.103822   1204.749023 -144.192383   9.342112  3.402870   73.478958
173  136.341125 -19.236397  138.046951  0.342078  2.041493       9.004519   1028.374634 -227.630478  13.803763  2.807718   53.532852
174  124.546318  22.580910  114.304123  0.310607  2.410752       7.282806   1435.666138 -236.937485   8.206259  2.390601   57.757339
175  121.377052  -2.701306  154.610291  0.347668  2.062051       5.986145   1943.144531 -155.655197   8.459892  3.272183  113.735588
176  125.539307  13.829735  125.026947  0.304420  1.658191       8.468426   1209.989136 -158.805130   7.897755  2.756174   59.884846
177  122.762474   6.132358  106.218018  0.348097  1.927434       6.473330   1403.510986 -190.780853  11.965281  3.872656   92.835999
178  109.294029  -0.988751  139.462204  0.342515  3.601886       9.500245    712.836426 -206.003220   5.605224  2.423912  121.165627
179  127.984955 -19.325401  136.792175  0.345064  2.323403       8.338461    929.492249 -167.703598   8.134964  2.929376   75.464668
180  117.115677  22.918678  131.585938  0.318604  1.712149       7.792644   1722.780029 -180.266098  11.183100  3.478653  125.616211
181  127.571152 -10.363873  102.367500  0.322495  1.963453       9.183447    750.947327 -201.315598  14.384525  3.624335   50.059391
182  121.007515  -8.399055  126.940399  0.341626  3.570681       7.469987   1537.481934 -214.658981   7.821017  3.665103   78.114311
183  102.274132  14.678244  138.672180  0.333624  3.507876       7.593814   1234.113281 -142.202057   7.459464  2.832299  154.604324
184  126.547493  -8.932968  147.089523  0.300302  2.032329       5.963008   1349.060547 -145.233398   8.867176  2.634207   55.150280
185  119.984459   7.207156  128.096207  0.334110  3.628462       6.621032   1396.507935 -197.806305   6.471537  3.634113  114.741081
186  121.349030   3.981566  132.750351  0.321122  1.670262       8.431406    923.373352 -127.393707   9.743525  3.219905   87.930031
187  124.177757   9.851388  131.491074  0.284704  2.014032       8.135015   1716.155762 -204.780762   8.934572  3.908767   52.339634
188  119.515396   4.673356  133.806915  0.320023  3.356805       7.796553   1417.708374 -194.733475   7.649316  3.955774  141.018707
189  109.752670  17.146349  129.434235  0.311309  2.236187       8.852638   1022.853394 -144.320190   8.779086  3.696554  112.988838
190  112.273300  21.764376  136.342941  0.291908  2.017884       9.481369    966.672058 -249.003998   9.117527  3.495446  112.097916
191  123.364815  20.680361  128.553452  0.306328  2.381299       9.492399    827.741516 -127.462311   7.269926  2.942783  119.217697
192  127.707497  -3.389090  131.066269  0.320469  1.722498       6.854874   1192.731445 -147.308350   9.370989  3.542495  104.593109
193  120.192627  -6.353956  135.825256  0.340317  2.512886       7.911197   1495.745850 -176.251831   7.547170  3.933151   66.392838
194  121.661369  14.487350  129.826614  0.321104  2.002575       9.164753    905.590942 -136.508118   7.587663  3.329038   81.906303
195  106.906181  11.975039  127.385147  0.337306  3.178607       7.039809   1147.859375 -188.288361   5.984817  2.396974  131.026581
196  121.469971  -5.576850  118.306740  0.348257  2.455573       8.170505    944.314209 -195.839554  10.080315  3.672513   85.032471
197  115.981285  13.977501  143.758255  0.287418  1.028317       7.895111   1326.102783 -101.223732   8.694975  3.602228   87.063759
198  115.522064  -1.399593  132.810196  0.334952  2.335887       8.490621    811.880615 -148.936462   9.775782  3.305051   78.700470
199  111.689438   9.833165  148.565186  0.284083  1.096897       7.820899   1413.223022 -114.159554   9.040776  2.625950   69.991127
200  112.302544  23.764111  136.636963  0.329348  1.455502       5.782568   1606.504395 -219.769913   9.590165  1.933640   55.760345
201  104.878792  12.796475  143.759460  0.306241  2.636330       5.643836   1327.612183 -197.565369   8.076143  2.324912  187.701965
202  111.543472  12.904256  137.045013  0.323943  1.775099       5.499382   1623.221558 -157.899765   6.896119  1.952280   54.255527
203  126.370476  -0.461623  129.302536  0.335563  1.614873       9.163815    745.877502 -138.036148   9.949975  3.942398   89.262642
204  108.130035  10.204511  133.151489  0.323325  2.865138       6.917340   1075.153076 -173.446045   7.081228  2.681872  127.769836
205  123.953629  -8.441634  134.489395  0.312789  3.892145       5.484481   1776.344482 -245.121323   8.925109  3.209336   56.388161
206  118.603676   5.553674  122.348701  0.322322  3.361992       7.584805   1165.466797 -207.769501   9.431911  2.839760   86.506531
207  134.563110  22.163086  122.086021  0.264579  2.816153       8.771132    700.956970 -191.777725   9.986317  2.663942   63.243221
208  125.326881  -1.389189  127.342041  0.323346  1.964952       5.583683   1864.913940 -182.712646   9.011374  3.454570   62.164322
209  112.858429  20.171085  132.821777  0.334566  1.575225       7.955201   1192.593628  -65.861969   7.765143  2.174051   53.310654
210  119.560066  25.394148  133.653336  0.308074  3.628279       8.858693    831.033875 -171.412827   7.045480  2.570774  137.121689
211  111.698608  -9.119285  153.836380  0.329235  2.649282       5.615841   1362.814209 -138.179337   8.688445  3.654910  188.702545
212  120.372864 -16.024240  135.277817  0.346067  3.284145       5.592185   1400.076416 -128.883240   7.810467  2.907037   94.911072
213  119.126839  11.614169  133.449829  0.252826  2.956095       8.778537   1098.784302 -222.666046   8.895208  3.825502   66.886436
214  111.140442  20.686085  135.035477  0.343022  1.511614       7.970371   1368.974487 -140.325424   6.981161  3.287664   99.659492
215  110.012848  20.307581  114.025238  0.344503  3.481493       9.777843    949.115479 -186.171997   6.247288  3.456340  110.552872
216  127.037552  -1.342912  125.146477  0.302924  2.103200       7.230689   1533.536011 -139.663376   6.823310  3.433250   67.888504
217  122.857010  -0.865972   80.054771  0.349831  1.310897       9.203659    845.954895 -126.477554  11.973232  3.498810   58.669312
218  103.303894  18.139076  127.327217  0.260277  3.641893       6.763350   1498.983398 -164.120728   6.125561  2.445129   53.314083
219  116.768379  10.146355  137.993958  0.313521  3.148031       8.522604   1234.235229 -188.021713   7.161362  3.951853  119.159813
220  122.245407   7.582932  133.873169  0.346948  2.130749       6.668320   1504.992065 -132.034515   8.140087  3.453579  129.187592
221  115.417183  -6.539907  129.662140  0.320751  3.172462       7.052621   1367.911255  -94.835403   8.347073  3.616150   66.484787
222  123.688820  18.368662  126.388161  0.348733  1.360536       7.450175   1814.667847  -68.763336   8.473474  3.335073   80.763832
223  117.856514  -5.704895  140.988129  0.347031  2.842217       6.766037   1324.092041 -199.265518   8.378807  3.657619  129.215256
224  121.828712  -1.730164  137.836151  0.335504  1.185179       5.817508   1846.518311 -114.516113  10.236383  3.172849   62.737419
225  108.268860  14.872993  140.196503  0.324304  1.631086       6.396313   1203.935059 -224.515594   6.938612  2.214817  109.553871
226  124.531265  10.717444  133.971649  0.347572  3.615810       7.911729    829.020752 -200.445892   9.234018  3.320637  101.670586
227  113.233238  17.550121  140.698273  0.311811  1.251840       5.284154   1549.643188 -111.155945   9.533157  2.755362  146.680573
228  122.861572  -6.729508  134.649475  0.323250  2.179113       8.090078   1418.860474 -167.110519  13.221958  3.729689   61.329758
229  110.499435  -4.837837  139.225357  0.311623  3.477225       8.541533    715.760132 -192.228455   6.785476  3.046381  118.422585
230  117.659454   0.922250  133.595337  0.300489  2.075707       8.501194   1360.206177 -183.968338  11.201356  3.806605   53.712170
231  114.525940   4.799665  127.439240  0.296457  2.583888       6.136399   1815.799316 -219.088638   7.862568  3.199213   61.521988
232  131.646301  20.586329  107.114944  0.325199  2.485227       5.753818   1502.437256 -103.548546   6.690513  3.001191  116.409348
233  117.799950  24.336239  119.480743  0.322537  2.501032       8.412661   1037.082153 -158.040878   5.368247  2.147142   76.775360
234  118.617493   0.400403  148.560104  0.334016  2.218524       7.898446    925.610229 -167.687180   8.780251  3.191220  161.508911
235  110.554695  17.203722  123.258842  0.329947  2.613209       8.088427   1002.295654 -188.961884   6.645603  3.212134  116.040993
236  128.259293   2.350798  136.540939  0.341349  1.319957       8.125914    887.723083 -126.171234  10.804571  3.370854  124.480782
237  121.786049   6.521819  118.886482  0.332697  2.004117       7.999186   1540.051636 -146.812317  10.781659  3.700347   69.190125
238  116.283226   7.034420  129.092468  0.341948  2.297421       6.251240   1401.539551 -210.140930  11.273223  2.288965   73.494995
239  107.859634  18.573528  132.898438  0.323857  2.000401       8.485569   1938.380859 -147.176758   7.121331  3.766187   76.421883
240  104.645615  18.038086  149.565308  0.296045  1.129048       9.666910   1450.117554 -227.995285   8.787530  3.657096  112.991226
241  101.126083   6.963843  140.106598  0.291710  2.625024       8.356313   1615.659424 -133.803268   7.188188  3.321301   80.311798
242  116.586311  12.333759  126.408852  0.338778  1.503308       8.444366   1045.343140  -80.479073   9.461196  3.865735  131.533096
243  122.433266  13.334035   99.713463  0.339701  2.287981       6.446811   1773.297485 -248.666382  10.191275  3.865094   73.350945
244  119.472763  16.964211  128.887024  0.265174  2.259986       8.624372   1108.332764 -216.265182   8.395505  3.894645   95.317566
245  128.004547  -6.476756  131.662857  0.346409  3.950485       6.053420   1050.307007 -145.249954   5.582834  2.646701  108.155945
246  125.635040  14.469885  131.951035  0.342311  3.483988       7.391891    822.625122 -220.450287   8.237651  2.165997  139.057037
247  116.449493   4.054965  117.770767  0.324751  2.837240       7.737923   1695.809326 -180.138565   7.736974  3.945714   50.539505
248  131.461563  -7.408628  120.978714  0.345066  2.764623       6.269395   1794.081909 -239.817551  10.285459  3.668828   90.490379
249  123.462425   4.903212  126.884621  0.324656  3.727053       5.867867   1741.661499 -216.809082   8.500008  3.020386   74.811668
250  117.444084  17.958860  124.819878  0.311953  2.744076       7.272212    786.983032 -239.903732  10.160645  1.408735   66.936111
251  120.802490  19.713415  122.243965  0.320470  1.312125      10.029445    985.233765 -175.677811   9.753158  3.517292   53.011166
252  120.565910  -7.228920  124.195068  0.338263  1.988641       7.553222   1345.562866  -86.147400   6.849197  3.405850   58.922249
253  119.540192  18.787834  125.741837  0.333571  3.049982       7.334137   1356.192017 -218.286194   7.983480  3.119507  120.780800
254  112.283554   5.316004  121.736145  0.346848  2.803705       8.162492    966.809937  -81.448051   7.324532  3.666529  145.362106
255  126.752029  28.027981  113.031776  0.308263  3.057348       9.782955   1004.973267 -228.566986   8.378693  3.383693   52.587650
256  117.223320  -7.661373   99.855103  0.350000  1.647585       8.454092   1039.719360 -155.223114  10.418215  3.869884   51.920689
257  115.547546  29.958096  122.593391  0.311856  2.009449       7.890486   1579.171387 -227.290451   9.005888  3.508570  137.921204
258  116.123062  15.167572  131.263596  0.344054  2.425858       8.739568   1138.689819 -154.226944   9.281872  3.848199  147.332840
259  114.076721  21.831631  127.269295  0.328446  1.571444       7.105063   1627.694702 -209.828247   7.594505  2.890032  100.611862
260  118.403587   5.805558  119.858650  0.279941  2.064071       7.837280   1255.009766 -113.190086   8.308783  3.937960   70.640327
261  118.297386   3.748650  137.424500  0.296187  2.459373       7.810795   1124.003418 -159.389313   8.196248  3.650220   88.465126
262  126.557182  -4.370790  117.397537  0.323460  1.848373       7.258129   1531.119507 -155.795700  12.638381  3.867563   53.671101
263  119.290123   5.288129  143.727036  0.296337  1.238498       7.737716   1912.157959 -181.272751  14.177726  3.985072   64.000900
264  121.404190  -8.870492  124.387924  0.335666  2.706536       9.228693    844.101257 -197.653809  11.890686  3.067395   54.163826
265  115.926544   8.999653  119.657829  0.249732  2.706047       7.419029   1375.634033 -222.428833   7.290403  3.977942   53.748966
266  117.623833  19.397993  130.635574  0.309261  1.191726       9.706498    724.058899 -153.214890  10.099403  2.333050   74.828918
267  112.093933  19.788557  135.196396  0.307237  1.413846       5.215603   1988.932983 -163.920319   7.004513  2.398552   79.808273
268  128.720734  11.605402  109.852516  0.314500  1.822500       7.117617   1520.258789 -137.144470   6.791436  3.727530   71.244820
269  118.598740  27.753893  126.534286  0.335651  1.655858       7.350720   1600.766846 -143.721725   7.282587  3.633048  172.165298
270  116.942482  -8.833000  111.214447  0.332515  3.151049       6.378278   1804.237793 -219.905823  10.267440  3.955732   52.275124
271  112.994652   4.956155  132.425537  0.338884  2.230571       8.835963    946.742371 -233.700089  12.233311  2.909706   95.055550
272  117.585236   1.658442  121.716522  0.325310  2.106783       5.322160   1560.502075 -167.651688   9.452710  2.832299   56.010048
273  127.103531  -3.992298  134.012451  0.335057  2.365803       7.077355   1512.527344 -208.364227   9.103784  3.360553   64.650299
274  122.329361  13.592184  126.824379  0.275122  2.922947       6.143478   1195.085327 -206.298706   6.421914  2.596956   89.067513
275  122.496719  25.689339  117.701836  0.314678  1.895196       8.301651   1367.896851 -156.480789   8.650935  3.106622   79.951820
276  122.424004  -5.783780  126.804459  0.349245  3.484554       5.555482   1684.575684 -177.888519  10.343445  3.807414  124.621414
277  108.738747  12.421334  147.508011  0.316802  1.344160       6.122775   1330.860474 -243.006943   8.579573  2.069868   81.905907
278  119.965492  14.847236  126.090714  0.297289  3.262954       6.140060   1841.854492 -249.287247   7.278634  3.353603   71.160973
279  123.050995 -15.899107  132.352310  0.340093  3.494543       5.679589   1948.457886 -206.126221   9.575997  3.775930   59.151825
280  110.782776  26.706400  137.369827  0.299047  1.387585      10.321108   1273.487549 -201.384995   8.131778  2.892384   88.071976
281  105.900711  18.743465  138.851959  0.347039  1.459075       7.450683   1995.362427 -165.193649   8.044351  3.149511  136.111435
282  108.396568   9.291238  121.152702  0.302402  3.792540       6.344432   1662.661377 -175.603516   7.294858  3.404756   73.036469
283  102.510124  -7.491999  136.551193  0.311498  3.288251       8.216367   1320.526489 -219.879318   6.591938  3.909881   52.039608
284  130.576920  15.263364  128.757080  0.324427  1.303093       7.550902   1459.483765 -113.735237   7.236114  3.568564  116.420540
285  119.644142  15.799240  114.616966  0.339652  1.895120       5.930034   1513.463501 -213.546143   8.835896  2.792481   67.070396
286  116.819000  20.228544  120.488022  0.283376  2.835065       9.166436   1161.261108 -170.475708   8.511710  3.565217   55.748718
287  121.548973  -5.757989  111.804306  0.349214  1.642501       9.546478    793.564209 -162.166473  10.184617  3.732172   73.163559
288  122.821335   5.105593  132.440933  0.338599  2.738716       6.443458    984.988647 -154.198044   9.055426  2.086938   95.292824
289  112.318832   4.436107  135.906906  0.333384  3.269137       5.299792   1692.661499 -211.328064   8.904491  3.013061  102.086700
290  120.736450   5.893533  123.700027  0.319346  3.114363       6.482143   1262.325684 -122.493248   8.975712  2.756178   55.167641
291  113.802483   4.055408  140.118027  0.305861  2.201530       8.603465    726.717651 -172.877640   9.483653  3.957269  134.797394
292  113.871407  15.744411  136.423141  0.304265  1.737718       6.489113   1647.413940  -94.293922   6.523516  3.416751  102.496597
293  104.823227  14.888697  137.805054  0.320604  3.254053       7.776690   1661.660156 -230.976608   9.194592  3.410115   77.962036
294  116.926765   9.080875  144.929382  0.253259  2.643276       8.396702   1063.800415 -193.451019   8.563630  3.955544  101.538750
295  127.999023 -17.687384  134.461182  0.322135  2.669473       6.955775   1840.056274 -200.896652   9.896564  3.350153   50.071724
296  127.740089  -2.002387  132.941010  0.294949  1.605108       8.596414   1124.189453  -94.978668   7.207978  3.548969   58.199177
297  120.052452 -17.909077  136.911972  0.327057  3.152812       9.110019    950.052063 -220.218079  12.065228  3.813440   69.766678
298  120.277588 -10.246076   98.351631  0.346889  2.473747       8.678518    763.430115 -196.465195  10.667420  3.881203   78.305885
299  124.291267  -8.201949  106.361366  0.348263  1.804274       9.143002    854.529968 -167.032394  12.379312  3.626904   93.806122
300  123.601631  20.541523  113.131134  0.313523  2.325951       7.562401   1256.821289 -183.987930   9.530345  3.407924  100.894325
301  118.452393  25.158617  114.192062  0.267987  2.879344       8.049351   1255.393188 -226.152893   5.738227  3.137634   70.168762
302  126.958572   7.445460  123.526978  0.322256  2.410882       6.056817   1653.962402 -159.623413  10.056987  3.172018   77.760475
303  104.111237  29.348583  139.128693  0.313580  1.982918       9.948124   1091.287598 -182.072479   6.255167  3.568829  264.428375
304  110.539299   0.277522  141.470047  0.312696  2.426927       8.538416    876.056274 -193.735657   7.687168  3.919525   97.357010
305  122.232414   7.431067  115.810295  0.277092  2.813125       7.484881   1387.166626 -161.661987   8.355411  3.619428   55.474361
306  113.514725   0.916545  127.487419  0.349680  3.673762       9.729467    752.629211 -245.607574   8.877993  3.837380  154.919876
307  111.876175  26.347576  127.481750  0.298876  2.166971       7.444145   1696.417603 -245.084167   7.552836  3.183699   95.296104
308  126.089195  26.126875  108.513519  0.346234  3.588513       8.090952   1234.484619 -243.913055   9.507216  3.475275  147.110474
309  115.808327   8.331914  144.782532  0.301360  1.240245       8.745537    774.376282 -149.040649   9.212617  2.667976   61.625732
310  112.450607  11.802488  115.722038  0.326068  3.464859       9.674932    803.594177  -75.625572   6.387070  3.133953   70.033546
311  113.846169   1.874602  134.940948  0.335248  3.153211       6.681200   1633.920288 -228.260330   6.074758  3.102954   60.686192
312  128.268951 -10.394471  104.151909  0.341945  1.198049       6.812320   1053.271118 -164.155563  14.229106  2.709755   63.635983
313  116.640411 -12.427718  159.069092  0.348688  2.484440       8.264822    753.003967 -212.227875  11.869140  2.639553   95.528786
314  116.853485  11.380705  120.980339  0.337141  1.947418       9.427386   1157.561279 -197.503403   9.528505  3.748993   57.068043
315  110.291908  -1.765352  124.036446  0.342031  3.807559       5.695435   1581.349487 -156.979584   6.893753  3.176901   62.141441
316  108.594887  18.262609  142.030624  0.339378  1.144419       8.794701   1081.086914 -172.709015   8.534543  3.843816  233.710556
317  133.359573  -4.224859  139.038162  0.317491  2.382637       5.487459   1914.279663 -178.422012   7.514207  3.702710  130.859970
318  124.662125  29.698097  131.633148  0.299293  2.918503       7.904194   1024.756470 -109.166504   6.648224  2.581531  140.623718
319  118.705475 -14.297433  121.588020  0.338716  2.646130       6.260470   1744.146729 -126.048637   7.172735  3.399546   62.048012
320  118.864861  14.286658  129.768585  0.301427  2.351942       7.765038   1195.020630 -136.782516   7.877494  3.058509  115.398315
321  124.484016  13.488130  130.986526  0.349574  2.074751       6.842454   1098.972046 -103.472481   7.021684  2.131779   72.135719
322  128.469635  22.879122  122.864235  0.254629  3.173480       9.367626    771.731079 -218.061188   6.712545  3.276705   79.037895
323  111.099144  -0.958883  153.054047  0.294319  2.743754       7.560109   1390.230469 -143.268234   8.090445  3.369728   88.879372
324  123.881233  13.283715  134.813599  0.279794  2.347424       9.809477    792.652283 -219.449142   8.782217  3.976320  105.264320
325  116.737587   1.340802  147.779083  0.349262  3.456047       6.085899   1633.298584 -212.261246   8.342218  3.381298  157.069992
326  123.225800  -0.831107  138.831451  0.341371  1.273845       6.342842   1274.040283 -150.482666  10.360492  3.265590  130.627808
327  124.809532   1.062371  119.824715  0.322037  1.968379       7.661439   1020.871826  -80.161942   8.743432  3.250375   69.586304
328  117.386742  26.364027  118.509506  0.274805  2.041862       8.725907   1200.159912 -168.771286   8.043712  2.734550   66.470619
329  120.076813   6.960743  132.248688  0.318266  2.426287       8.419533   1094.526611 -184.158936   8.590207  2.814286   71.786919
330  114.532593  -7.744595  115.447495  0.340736  3.315342       8.206520    767.938904  -89.889397   7.031030  2.988314   74.664734
331  118.186623  15.721494  127.333267  0.266329  2.867976       7.110097   1667.584106 -165.108582   6.259435  3.529639   77.985535
332  107.396446  23.464256  142.184525  0.328871  1.112860       8.343765   1055.213379 -175.676758   8.635454  2.051743  154.981705
333  131.115356 -17.500433   99.475990  0.349192  1.282365       7.332710   1213.253662 -241.748184  15.713813  3.473360   71.827919
334  125.964470   2.988147  119.687080  0.346697  1.770131       5.898745   1315.913086 -237.544724  12.461929  2.846591   79.807442
335  117.342979 -13.996086  148.764420  0.299641  3.493956       7.892312    867.592834 -182.136719   8.127396  3.500185   81.930267
336  116.187363  -1.251246  142.998215  0.342173  2.478154       6.028653   1992.975098 -143.488663   7.211936  3.833319   79.312645
337  124.001083   6.382810  140.310013  0.330160  2.125595       8.410503   1054.023682 -129.797897  10.211185  3.415658  118.205368
338  110.781799  19.983521  140.048141  0.300748  1.303168       7.456015   1275.599243 -242.006714  10.685767  2.866771  155.209595
339  121.371368  -1.538161  141.724716  0.324573  1.788319       7.153473    977.884033 -212.592575  10.974578  3.173306  108.084747
340  120.398621   3.572456  127.302956  0.333089  2.236843       9.456741    935.473083 -246.997833  10.715949  3.834028   79.758972
341  112.455582  -7.071033  156.373627  0.316619  2.864955       6.825108   1079.463013 -119.889458   7.080564  3.315698  138.795410
342  126.968300  10.771761  120.784355  0.299315  1.633233       8.546454   1257.811279 -147.911301   8.683901  3.718877   72.987503
343  109.011292  16.804991  144.560242  0.295675  1.839593       8.147324   1145.412964 -164.396011   7.041915  2.202298   86.303734
344  124.684578  -5.985011  132.822098  0.340631  3.650006       5.630235   1230.555420 -248.477631  10.945073  2.668651   93.656128
345  122.063530  -6.330902  134.440842  0.341441  3.304137       6.114054   1236.505005 -212.669647   8.911104  3.576125  129.187683
346  113.189354   9.939892  135.072128  0.314692  3.269384       9.632111    869.881104 -178.875793   7.849523  3.488435  109.077339
347  113.299934  11.469851  131.427505  0.329282  2.247898       8.104017   1025.758301 -188.600616   7.104627  2.730478   56.172470
348  112.144447  17.934599  137.794037  0.243577  1.416632       7.197226   1264.402344 -174.169861   9.000072  2.766505   78.501266
349  116.031418  20.600286  116.826401  0.297849  3.223590       8.467496    955.996826 -218.581894   6.634856  3.547804  107.943893
350  127.807137 -10.102164  138.064713  0.317329  2.505218       7.497833   1622.324707 -182.826691   8.842681  3.894925   66.970757
351  118.736824  14.284595  140.132446  0.330146  2.080682       6.808864   1705.949585 -171.542007   7.837207  3.555458  126.188507
352  124.138382  12.203339  112.651337  0.333830  2.546023       8.103906    947.517273 -181.697449  12.109563  3.468639   96.906303
353  115.257530  21.311880  128.257828  0.307247  2.094883       6.863529   1595.813965 -233.394318   6.480396  2.641108  104.435730
354  112.997864  22.252441  137.536972  0.293047  1.793079      10.146193    806.439941 -207.630157   7.446167  3.655682  136.888306
355  110.710335 -12.375161  143.114594  0.337329  2.745828       7.845455    887.990234 -111.976997   6.771530  2.783223   66.614822
356  118.612656  22.120043  122.898544  0.338668  1.854206       5.292685   1898.819946 -150.397781   9.708806  2.914003  120.122192
357  129.381882  15.519049  115.086525  0.289659  1.541300       7.534582   1297.792480 -118.127045   8.512516  3.407755   58.254486
358  124.898636  12.112579  125.885498  0.307153  2.876860       7.913147   1112.570923 -196.937271   8.512980  3.420783   73.640106
359  130.001511  -8.915472  118.697548  0.312737  1.792195       9.086896    745.689148 -167.813904  14.059420  3.229503   51.218006
360  102.936806  19.467815  147.685745  0.308804  1.257629       7.109231   1408.779297 -237.701736  10.354292  1.726218   75.247025
361  117.087563  -2.882620  142.946045  0.329208  3.849839       8.869456    967.441833 -232.438553   9.404786  3.434530  119.101807
362  122.675858  -1.018208  129.003433  0.320041  3.702674       5.601942   1657.731567 -174.249634   8.458330  3.505282   95.114182
363  116.271561   8.237482  138.617157  0.317821  1.598819       7.807675   1137.354370 -196.687683   8.568339  2.259000   58.720612
364  122.708817   1.143016  138.212830  0.330983  1.036666       6.684257   1788.316040 -132.613983   8.043880  3.077655   51.723465
365  121.513039   0.512033  125.309486  0.321280  2.116365       6.193172   1349.776733 -214.607300  11.819168  3.300393   71.463791
366  106.449554   8.901556  157.457596  0.342175  1.377318       7.733548   1030.567261 -205.939499   8.281332  3.171571  151.989807
367  115.017914  29.543262  132.239090  0.241354  1.747269      10.007856   1228.769531 -205.169708   9.928004  3.946032  114.379730
368  126.814293 -14.777829  138.131439  0.338763  2.756733       6.117554   1221.108887 -219.409805   7.898028  2.719980   54.971619
369  122.671364  23.330364  121.412819  0.334592  1.477625       7.982252   1261.802490  -69.341347   9.415202  2.643947   98.134483
370  118.667534   6.275718  120.356987  0.330336  3.118435       7.110156   1250.639160 -148.335327   7.285196  2.826544   77.282402
371  116.482185 -15.359360  144.032532  0.327227  2.827045       7.620300    832.901489 -179.863724   8.583872  3.386472   95.705132
372  117.014359   1.489955  134.542252  0.344450  1.598496       6.913054   1474.683350 -174.134888   8.290363  3.794554  106.256592
373  123.660767  15.778691  126.221603  0.344518  3.572118       6.203372   1435.510742 -117.794090   7.355838  3.867993  163.899979
374  117.338837  15.687570  133.374557  0.339187  1.459563       8.165226   1351.680786 -187.586456  10.546346  3.843280  150.114319
375  113.040657  23.275988  127.247612  0.331641  1.308185       9.375297    837.922913 -153.269913   9.463198  2.890639  138.993317
376  118.974777   5.135487  136.792145  0.315467  1.428851       9.619343    951.854919 -150.897125  12.328255  3.716770   63.528744
377  117.969330  14.284894  118.253654  0.313954  3.406318       5.960073   1823.898560 -170.347717   7.630201  3.532253  100.044418
378  110.392570 -11.394555  142.352524  0.327661  2.880836       7.322129   1456.529785  -90.804588   7.066883  3.413241   59.695255
379  122.159508  -5.387150  129.025589  0.303461  3.205882       5.941326   1774.094238 -245.102081   8.789536  3.563313   61.372368
380  121.259300  19.279987  132.608490  0.329274  3.534276       6.481964   1129.719238 -135.950516   5.217824  2.715098  188.637894
381  121.793198  28.750807  128.136719  0.348075  2.243104       9.650578   1140.963013 -126.280693   7.729462  3.696875  131.247269
382  125.944160   0.923631  128.964600  0.319246  1.202411       6.320532   1364.874146  -89.376823  10.660348  3.244693   50.310539
383  126.517807   4.428895  122.988503  0.339398  2.999821       7.959206   1019.911865 -225.276169   9.985260  3.895480   80.090103
384  121.239349  -0.465196  144.913589  0.341369  1.549552       7.819002   1179.402100 -177.868423   9.575996  3.917478   89.606987
385  115.739197  20.603291  123.133896  0.314885  2.082393       9.474645    727.513428  -82.405891   5.434531  2.336515   94.000046
386  121.724365  15.564412  127.064575  0.285106  2.511401       8.130605    903.524536 -197.145294   8.757233  3.140700   85.708565
387  122.394165 -12.564680  126.987221  0.338265  2.301764       8.809134   1100.948364 -204.405746  10.343265  3.761082   78.380455
388  121.040031   8.544830  133.010574  0.341661  2.652938       7.363654    770.311829 -132.146042   9.942554  3.512598  201.583237
389  121.048851  15.906047  119.588982  0.310539  1.736618       7.866277   1366.196899 -224.655502  12.203447  3.677588   52.030174
390  120.691605  21.194794  132.315857  0.326229  1.960905       5.473175   1957.761597 -159.673141   8.858532  2.993637  150.090530
391  111.594978  -1.786129  132.015640  0.315063  3.134227       6.091944   1461.213867 -128.103973   8.524259  3.167325   68.771950
392  118.880348  -9.164533  131.491196  0.326640  2.223046       6.637554   1539.453491 -113.916878   9.358607  3.617424   74.362976
393  113.119095  12.404647  139.723282  0.305256  2.245451       8.155664   1181.344116 -153.891663   8.731895  3.399883   88.725929
394  126.176239  28.154657  114.306168  0.297495  2.558131       8.339297   1681.503418 -239.898682   8.829762  3.943187   69.811554
395  118.254997  14.641290  134.198441  0.294663  2.048864       7.173901   1747.168945 -146.356293   8.197323  3.318568   77.644958
396  118.865021  -5.978230  132.864548  0.343743  2.984441       8.636336    892.367554 -135.940201   8.588228  3.003213   62.127220
397  111.576515  -2.472994  149.568695  0.338269  2.264086       7.904604   1174.109131 -190.144547   7.856020  3.865983  166.295563
398  124.625038   3.380392  142.568451  0.347145  3.551401       6.090313   1152.149292 -247.228806   9.743670  3.178605  170.041046
399  103.684959  21.967140  144.711044  0.325021  1.194662       8.326975   1401.773682 -245.781509   8.808612  2.564270  140.620911
400  112.342705  10.464288  120.378967  0.323535  3.314607       8.965111    860.903320 -177.295425   5.763239  3.131726   54.921696
401  121.327293   6.947618  127.273331  0.313829  2.463547       5.817064   1751.284058 -182.477310   8.714928  3.893464  101.900513
402  126.368973  20.346947  109.943542  0.329950  1.588769       5.730781   1665.223022  -86.309059   7.099949  2.946899   86.892700
403  119.688232   7.712266  130.283813  0.349876  1.610868       7.059906   1541.386230 -120.686470   9.645516  3.419425   61.597885
404  123.086647  17.024229  134.723267  0.320709  1.120359       7.740606   1725.436646 -113.065926   8.041920  3.672200  101.783447
405  117.358681   2.094524  153.071671  0.333078  2.299744       6.989034   1570.527222 -187.777451   7.279912  3.203714  103.414932
406  119.265381   3.685315  139.538834  0.305210  1.594601       9.129835    734.142334 -151.992828  10.412064  2.827271   92.438606
407  118.399574   6.184833  155.960220  0.320983  3.148487       6.250723   1566.941162 -230.343582   9.802083  2.870372  114.877083
408  114.201355  28.763464  130.783768  0.349007  1.521761       6.390138   1278.504028 -135.595245   8.112931  2.099650  148.541504
409  122.630371  14.532058  111.016937  0.333663  2.894513       8.087982   1570.321899 -193.108566   9.084438  3.885939  103.158508
410  113.571823  -9.653896  140.776749  0.342098  3.071754       7.105572   1546.872437 -137.234467   6.602823  3.716483  100.162575
411  120.598808   7.341163  134.128494  0.328375  1.342978       7.869340   1054.150513 -246.379395  10.363611  3.490698  136.164658
412  119.067886  19.126831  133.900146  0.271546  1.956807       8.254013   1843.467407 -189.159866   8.261613  3.960145   72.966209
413  106.862778  -2.907338  154.119720  0.316904  1.990185       6.303135   1921.089355 -163.461945  10.038698  3.411210  107.958641
414  126.292526  -4.932511  130.260147  0.319441  2.195925       9.207510    918.314331 -140.597473   9.374893  3.896616   99.796844
415  109.030647  -0.614006  148.578842  0.314906  2.716993       7.726810   1493.866943 -220.602509   9.428408  3.715974   88.859322
416  122.082809  21.678059  114.213905  0.338044  2.741797       7.628245   1063.552002 -147.692917   8.459573  3.022096  164.464890
417  117.728523  -5.281564  141.870056  0.307007  2.271314       8.241878    983.261719 -175.702408   7.821630  3.110377   63.904388
418  118.482018   1.816075  122.738441  0.345631  2.242078       6.392817   1278.430176 -209.862427  11.211981  3.711929  141.316727
419  120.283539  -4.316692  116.593407  0.340898  2.944451       6.872169   1135.598755 -114.437012   8.543328  3.344814   85.455650
420  125.654022  -6.987680  122.237045  0.346825  2.180463       6.460133   1402.421143  -84.081772   9.409144  3.964882  113.392639
421  112.369110  17.114857  137.965973  0.305977  1.452559       7.846149   1810.179199 -213.565414   7.682012  3.604357   93.272247
422  126.140907  16.843029  129.933746  0.320946  2.861160       6.659429   1502.560547 -175.407486   8.254562  3.443573   81.875015
423  125.559471  -1.345134  160.373734  0.299393  1.479990       6.611692   1635.271973 -133.487656   9.286234  3.667585   52.395905
424  114.151932  27.159092  137.686417  0.332517  1.775902       9.542563   1367.936768 -161.775146   7.519616  3.914838  134.991943
425  114.722099   8.244264  127.341965  0.314122  2.743417       7.549909   1577.494995 -224.324051   9.445755  3.049248   72.777130
426  116.209061   8.961635  132.102966  0.310959  3.649944       5.755321   1552.945068 -141.318787   7.254077  3.314924  124.911621
427  117.924683  15.864230  129.952118  0.275103  1.764173       8.968894    731.321045 -113.208435   7.445081  3.593795  131.076340
428  113.934738  -2.721726  146.077164  0.348992  3.074958       6.920102   1335.671509 -150.001404   7.441622  3.481079  158.323914
429  127.101311   3.727497  128.561417  0.343412  2.670783       6.068365   1055.946411 -246.970108   9.300558  3.209816  159.726913
430  112.524742  10.700849  142.732803  0.279696  1.820194       5.551267   1575.844971 -248.641861   5.075567  3.342685  131.163742
431  132.363098  19.473331  120.676262  0.311889  3.015488       6.134570   1770.317749 -249.446671   7.307073  3.315433   81.633888
432  121.277054   8.761857  134.537643  0.331558  3.850417       8.598335    957.965210 -219.413467   8.422472  2.630491   85.653984
433  114.085831  16.764458  135.704025  0.302122  1.183658       5.822927   1274.886963  -80.336098   8.549839  1.824688   64.326843
434  123.786934  -7.047755  144.831711  0.348611  1.573827       8.339519   1025.429321 -174.721252  12.319718  3.645732   93.583542
435  116.251511   7.518120  151.769257  0.288589  1.466074      10.058434    724.099060 -234.966339   7.865867  3.720125   83.574509
436  120.015862  12.189578  128.897034  0.314011  1.197358       7.565217   1192.878906  -84.394699   8.604493  2.516369   57.684029
437  107.007339   8.046022  127.565796  0.327483  2.654342       6.448159   1818.887573 -115.473167   5.353480  3.413653   68.592712
438  128.257645  -0.343618  144.762558  0.339472  2.295167       8.177460   1100.405518  -73.542038   7.912213  3.385495   66.069542
439  125.987885  17.504812  123.232796  0.315737  2.427765       6.901869   1044.196045 -149.475632   9.075889  2.275272   87.571861
440  124.530457  12.288387  107.844376  0.303847  1.903051       8.458520   1198.108521 -136.336548   7.111533  3.930684   55.033932
441  107.404663   9.199233  134.574097  0.313165  2.692266       8.852221   1233.119141 -215.866730   7.210261  3.884965  118.157402
442  119.162102   5.535906  138.618561  0.297132  3.018576       8.665548    716.714966 -172.700760   7.170418  3.095253  126.740395
443  112.702278  19.131134  140.147736  0.346327  1.294614       8.121224   1660.352783 -129.712631   8.600537  3.258073   53.091145
444  120.158363   7.464074  144.989243  0.302423  1.513480       7.019116   1575.229126 -138.932449  10.073325  3.311859  109.427696
445  110.928146  15.801264  131.976898  0.305555  2.397301       7.198386   1518.383545 -245.634079   6.675489  3.703093  129.113907
446  113.010765  13.136063  144.587036  0.319023  1.345116       9.627175   1069.713013 -241.899460   8.003969  3.465173   71.267174
447  122.507698  22.624887  116.046860  0.334094  1.244754       6.422470   1504.639038 -104.046608   7.343379  2.761434  121.481300
448  117.640488   5.130360  130.115921  0.293867  2.764624       7.852703   1026.197876 -132.301010  10.112908  3.751941   95.852798
449  118.635902  27.819149  128.945816  0.326167  2.582509       6.468542   1542.473877 -160.824921   8.784416  3.478304  212.175491
450  111.675140  16.652224  128.123093  0.332139  2.189320       5.209939   1960.132446 -231.700470   7.204936  3.245568  119.699409
451  120.298386  -7.190233  120.319618  0.312290  2.567521       8.371880    800.141968 -181.952026   9.396693  3.721621   80.465378
452  119.910522  10.821891  137.357849  0.329576  1.580421       6.057488   1826.807251 -179.789261  10.570826  3.774643   72.678894
453  125.949379  -9.961926  117.054482  0.348460  1.588736       5.070022   1827.641846 -150.881836  12.324695  2.842618   71.695526
454  113.551094  -3.080359  150.751236  0.337853  2.702276       5.478741   1808.147095 -200.870911   7.481301  3.485590  116.590439
455  105.713081  27.566402  141.115662  0.319636  1.433228       9.506362   1699.679688 -237.335205   7.334128  3.601457  162.172714
456  127.663193   4.272879  136.727859  0.339006  1.222284       6.765341   1121.355469  -82.420761   9.451024  3.357913  118.115234
457  132.742783  -5.001647  134.286240  0.331765  1.149085       7.478943   1597.903198 -142.572235  10.595317  3.705974   51.383915
458  128.362366  14.955007  120.032684  0.295335  3.373178       8.222226    878.693726 -103.263176   8.549342  3.038753   77.932121
459  112.974976  11.077899  139.718063  0.314101  1.781680       7.577871   1578.566650 -127.754776   8.345088  3.908880  133.915054
460  105.873505  14.006894  145.559875  0.326401  1.714517       7.022327   1032.102661 -169.009033   9.233658  1.563465   55.955601
461  109.538269  15.910259  135.041306  0.349462  2.305006       8.228251   1035.520264 -143.780533   8.541051  3.191629  166.364578
462  119.542526   1.399967  144.211517  0.334049  1.853555       5.544841   1666.951416  -96.337547   8.580265  3.777542  144.011932
463  117.545410  23.476393  128.079330  0.291063  2.025489       9.840184    734.890198 -237.448959   9.448955  2.840161  137.729034
464  133.340988  -4.740581  146.114243  0.346749  1.455366       8.996300    854.043884 -128.535706  12.907866  2.689999   62.039822
465  118.583618  14.338190  130.816559  0.305312  3.760320       8.511358    856.681580 -188.060577   7.103747  3.157243   92.915306
466  110.532051  -7.098780  145.038544  0.349769  3.078828       5.537235   1392.095825 -175.246216   8.795782  3.091301  119.415230
467  122.851204  11.787840  130.430389  0.252395  2.516269       5.843377   1673.622437 -142.124237   9.105495  2.975921   50.466503
468  112.565269  22.654543  122.538719  0.313232  2.326855       9.053604   1426.157104 -247.946960   7.422611  3.147344   73.374733
469  101.866814  -1.763298  138.549530  0.317003  2.969583       8.538054    903.678833 -204.823990   7.281882  3.869097  134.276093
470  112.738396  10.935315  127.048637  0.312760  2.243211       8.258002   1209.153076 -153.455200   7.536451  3.017637   60.380081
471  123.694191   5.735904  114.428123  0.328872  1.377892       6.530129   1163.419922 -135.615860   9.748845  2.795942   57.996395
472  122.456551  -2.814375  148.457718  0.308018  1.617169       9.584344    743.866211 -212.139908  12.905170  2.861569   62.038559
473  124.835846   8.883027  144.235657  0.324360  1.409605       6.968379   1383.343872  -47.071526  10.108222  2.777850   57.914001
474  123.119102  11.934116  121.755936  0.309146  1.903014       9.413125    817.144043 -160.304077   9.748043  3.825301   50.173569
475  118.461540   1.456099  128.018951  0.323042  3.694456       7.949403    758.034546 -137.345505   7.753384  2.950168  110.190483
476  110.947021   7.657032  130.625656  0.323955  3.148956       9.111094    906.528625 -223.464279   8.722828  2.737950   65.568520
477  128.821747  -3.840598  145.554642  0.330635  1.340353       8.861028   1026.528198 -175.453979  10.062197  3.468915   74.143478
478  132.523727 -16.210253  141.031006  0.323909  2.705812       7.000278   1735.064331 -152.684860   9.087420  3.948246  107.554153
479  119.736794   4.660487  129.331741  0.340367  2.571970       7.565024   1322.018188 -220.797455   9.203771  2.973319   66.588730
480  116.000015   6.702919  134.133041  0.321725  1.992679       8.519288    976.770142 -189.900986   8.892866  2.411705   63.542297
481  119.614090 -17.399601  144.207535  0.331121  2.824598       6.735035   1392.993774 -191.490814   6.955769  3.371598   83.404427
482  112.952942  16.364546  135.832611  0.309577  1.746074       7.475181   1394.343140 -142.943863   7.931252  3.368145  138.913208
483  125.442932 -18.370386  144.430969  0.349997  2.478339       5.244296   1797.372925 -184.747910  11.527182  2.947803   70.531265
484  115.434387  16.170189  119.803047  0.333193  2.961148       7.083203   1484.363892 -217.009247   8.644806  3.515403   71.776016
485  121.039261 -10.932472  128.291428  0.343168  3.887615       7.259527   1812.787109 -233.816589   8.431938  3.890713   58.847973
486  115.981598   4.111290  135.842316  0.336128  2.172373       7.699883   1174.155396 -133.994308   9.102474  2.519758   95.272163
487  120.060356  18.796909  117.734886  0.318477  2.106013       7.551025   1247.787964 -218.868439  10.335556  3.021243  110.422203
488  124.699905   7.332894  121.126945  0.310591  1.451718       6.681321   1402.590576 -151.640274  10.191030  3.518078   77.217369
489  119.745613  14.031636  124.966370  0.305412  1.664129       9.350698   1044.478638 -165.056061   9.617444  3.988572   99.283951
490  118.712906   0.275168  140.860840  0.341899  1.777586       6.429678   1838.264282 -232.688904  11.009914  3.149224   89.204468
491  108.978867  24.623613  132.145508  0.346228  2.551079       7.133046   1279.725708 -116.855507   5.829662  2.316467  120.288048
492  127.287888   8.368867  124.794472  0.272094  2.011061       8.718554    704.017151 -136.982819   8.139903  3.383473   90.829292
493  113.341919  12.081100  123.369690  0.338672  3.363272       6.263231   1399.843994 -214.094513   8.185261  2.063441   60.228043
494  117.230545  10.708167  137.745605  0.349772  1.999631       7.772023   1175.498169 -207.292984   8.329456  3.059327  134.161697
495  116.917145  -2.953726  157.324448  0.282443  1.975334       7.883470    875.881775 -236.755005   8.788096  2.143871   56.608696
496  112.043877  20.493582  138.784500  0.346573  2.226515       8.405376   1181.660889 -221.986633   8.123342  3.994745  176.449524
497  114.882797  14.499588  127.539085  0.281242  1.835332       7.623288   1727.671997 -146.660904   7.607053  3.633754   84.017754
498  119.376289  12.285261  111.024094  0.327352  2.760751       7.798523   1207.132446 -232.244568   7.080706  3.025001   69.471939
499  102.527161  13.448936  130.504044  0.345177  2.863106       7.020663   1487.629517  -91.388618   6.887908  3.446704  118.752258
500  119.393646  29.595644  119.598824  0.306333  1.039130       8.714128   1790.649902 -157.333557   8.174074  3.793699  100.705093
501  115.861565  12.914623  135.577042  0.343010  2.802102       6.768388   1559.127319 -132.318192   6.150489  3.422059  137.593262
502  114.998848  11.309609  131.182098  0.229515  3.936205       6.180266   1972.118530 -193.734100   7.389677  3.724426   54.269722
503  113.960518   2.666644  138.264297  0.347502  2.267445       5.974091   1722.182251 -185.060287   7.015629  3.239882   75.100777
504  121.819016  -6.771093  143.908997  0.318396  2.950023       8.103884    900.267273  -86.766449   8.457548  3.204963   66.839714
505  120.563583   3.851716  135.663971  0.325708  3.228164       5.996209   1794.240601 -190.407700   9.750648  3.858803  144.099014
506  116.124397  13.584496  137.219131  0.324646  1.629803       5.479777   1863.830811 -232.366455  10.309476  2.613237   77.843826
507  112.372246  21.414135  131.221222  0.302700  2.325036       8.162751   1114.713379 -202.279694   8.902619  3.448555  120.277855
508  119.705017  -4.248171  149.457535  0.311961  2.066826       7.724973   1301.505371  -98.194275   5.987720  3.277002   91.076454
509  129.441681   3.948392  119.387657  0.294723  1.338415       6.640208   1552.852295  -67.586945   9.330794  3.676224   53.498077
510  114.905357  19.766394  138.619125  0.334432  1.482661       9.824633   1146.871460 -246.293213   9.827269  3.604413  119.572716
511  110.904213  -1.051952  129.533295  0.342164  2.753013       5.649799   1854.427246  -93.465805   6.888107  3.256139   62.539848