            lon        lat         inc      D1AU     delta  launch radius  launch speed    t factor       B1AU     gamma         vsw
0    113.007584  14.155395  118.266953  0.326819  2.395588       7.926649   1287.410645 -178.927917   7.970016  3.348935   70.279320
1    117.917953  26.827362  115.455940  0.328264  1.897488       8.192653   1290.035400 -126.015358   7.767005  2.940823   87.084908
2    115.517952  10.320868  116.370399  0.322685  3.001216       8.854557    953.124451 -136.835327   7.830922  3.556361   90.659279
3    119.664093  -6.838261  123.618454  0.318379  3.502918       7.498218   1296.741699 -217.497620  10.690266  3.796230   51.203503
4    116.119301  16.331095  133.573898  0.309512  3.330451       7.889020   1408.626099 -208.604263   8.288397  3.358182  135.690536
5    127.053535   2.942813  124.626167  0.310971  2.717845       8.844790    911.387756 -224.956726   6.266518  2.993522   52.407112
6    115.537697  12.518981  120.717331  0.334412  2.080585       6.727353   1820.613159 -172.896545   9.999677  3.195039   74.427246
7    109.996918  22.820780  127.745041  0.313665  2.243127       7.080929   1768.853638 -186.255310   7.770370  3.151148   76.570938
8    112.768250  11.234634  136.841675  0.338432  2.857665       8.664312    771.868958 -163.216187   8.147608  3.953080  202.330490
9    114.012581   4.465722  131.218124  0.344725  1.793084       9.143344    997.131897 -163.920334   7.903809  3.094238   69.598183
10   124.915092  -2.577401  148.348572  0.327917  2.261035       8.036201   1174.150635 -193.835205   7.517167  3.629193   96.282280
11   112.072998  14.276931  143.249130  0.317057  3.452751       8.171112    742.849121 -225.557465   9.823034  3.531645  211.149841
12   109.174469  19.609859  137.517670  0.336535  1.460984       8.919226   1319.179688 -248.107513   7.526493  3.663343  102.044205
13   129.429138  -2.651261  123.651230  0.295673  1.878040       8.572595    721.307373 -195.496445   9.790947  3.144868   63.184692
14   125.586479  26.151062  109.921165  0.263345  2.230902       9.781421    753.556335 -181.317169   9.714368  2.971147   75.866226
15   129.535934  -9.065643  121.903290  0.348341  1.216014       8.048153    706.547729 -149.838013  12.100994  2.724111   86.449127
16   120.557442  20.767923  140.746063  0.311266  3.163499       6.070897   1601.162842  -64.552124   6.509250  2.774599  167.103317
17   131.705505  13.596742  103.392113  0.347937  1.535930       9.122654    824.017273 -100.248901   8.754448  3.407361  106.361343
18   119.682945  -6.414476  141.241745  0.328301  2.350065       8.528201    844.910339 -134.709824  10.198853  3.448019  116.475746
19   121.242867  21.323488  117.107010  0.321920  2.127581       7.210994   1519.259155 -164.452316   8.326119  3.758380  117.121788
20   118.199669   4.104973  143.208389  0.349630  1.685861       6.802947   1388.878296 -124.339302   9.165182  3.523287   97.707123
21   124.698044  18.411459  135.750793  0.262666  2.979324       7.385304   1118.985352 -190.589142   6.889876  2.714885   94.182312
22   109.328827   8.962008  141.649246  0.341062  1.586297       7.516034   1066.299438 -126.324104   8.368083  2.708519  112.988754
23   127.736000  -1.242992  127.680595  0.337583  2.645944       7.391717   1257.357300 -230.167465  10.290899  3.078287   63.246010
24   122.846573   4.583783  141.341354  0.291531  1.002169       7.704554   1458.266113 -136.019455   9.160924  3.316467   67.822258
25   122.024231  -7.812258  128.031158  0.331447  1.978021       9.698164    786.549622 -197.309891  13.062419  3.705106   55.938282
26   116.501930 -14.588975  142.522919  0.316289  3.319451       5.898840   1811.304688 -177.794266   8.380583  3.700176   88.041229
27   119.406143  13.806688  133.433258  0.300068  1.591407       8.979807    873.316895 -210.843430   8.783151  3.417292   70.816490
28   120.281120  25.617987  118.313126  0.288936  1.858572       9.312781   1086.033447 -210.912186   6.200661  3.930948  111.869919
29   118.170509  -3.940503  134.175827  0.342188  3.718274       8.646749    777.853088 -213.634659   8.485002  2.912166  122.561935
30   110.395355  -6.271728  137.806015  0.305570  3.707584       7.627277   1458.541626 -246.439438   8.351834  3.991404   77.907898
31   116.317833  -5.014688  137.130493  0.337672  3.300786       6.977198   1382.778931 -213.393997   7.812109  3.977043  108.245537
32   120.941505  17.320854  118.743301  0.319745  1.919374       8.376899   1136.228760 -142.549591   8.324818  3.415332   65.651001
33   116.606735 -11.652062  123.141319  0.348491  2.746498       6.595358   1512.033691 -126.457329  10.023813  3.608617   88.550560
34   129.897003  -6.521342  139.959854  0.342245  2.399278       6.347336   1806.736328 -190.051315   8.009956  3.555388   89.055344
35   113.448372  16.262472  128.570847  0.315439  1.532697       7.107039   1552.983398 -139.818893   8.003105  3.760185  134.605423
36   119.270714  -7.046204  114.677780  0.333045  2.300478       7.790020   1516.577393 -119.118233  10.401015  3.922387   52.709015
37   119.898819   9.440629  116.800941  0.344905  3.036272       5.955892   1666.895996  -97.505157   6.969919  3.825172  111.124733
38   119.027100  19.280481  113.195824  0.322762  1.935733       7.289021   1655.267822 -200.516693   9.376637  3.885816   87.701584
39   108.429810   0.157755  139.807465  0.336503  3.050117       7.040940   1638.260132 -176.052338   8.442817  3.921492   99.585098
40   104.871819  24.558554  133.032150  0.338283  2.043744      10.098001    713.399048 -215.188248   7.226063  2.648806  139.149887
41   125.671204   2.575963  121.535286  0.338923  1.084461       6.528681   1477.281128 -148.708588  13.354715  3.162042   72.512711
42   111.788925   4.150118  131.635239  0.279141  3.354282       8.772491   1087.661987 -204.589615   8.557442  3.759223   60.154259
43   107.530533  -3.485393  144.950180  0.310151  2.616178       6.691801   1476.112183 -189.715683   8.853887  2.737231   80.511017
44   116.773270  12.230839  125.559181  0.328644  2.302364       6.299088   1701.603149 -145.248230  10.252566  3.799516  123.205040
45   119.949783  -7.557569  146.561325  0.326512  2.249254       5.792199   1699.549072 -150.264633   9.671927  2.966917   83.180122
46   124.915146  22.854864  122.553352  0.333568  2.446837       9.763566    792.917664 -193.979843   6.283967  3.532248  194.772903
47   122.107475   2.319692  104.955750  0.346685  2.284161       8.662096    821.716125 -135.755280  10.067171  3.294982   60.081696
48   114.480995  11.339250  130.065063  0.277931  3.056078       7.929663   1723.295776 -242.177155   6.024510  3.617458   64.074257
49   116.088821  13.906500  128.502792  0.320236  1.809754       6.589609   1868.247803 -135.850143   7.549798  3.793919  114.435394
50   113.760048   6.327990  135.717331  0.333235  3.119683       6.517134   1485.110229 -186.306274  10.221609  3.686631  119.324913
51   124.033279  -5.404257  128.273331  0.343550  1.729045       8.302496    757.937622 -140.666794   9.726843  3.604477   81.964394
52   117.775040  -1.785583  133.469116  0.342357  2.271421       7.507801   1371.857300 -194.135468   8.665050  2.999366   65.404549
53   109.909355  20.982676  129.998993  0.293148  2.126855       8.380842   1522.918335 -177.184021   6.733070  2.881933   61.053581
54   105.819687   5.683769  143.394974  0.325030  2.437625       7.608842   1292.656006 -143.156143   8.035497  2.601645   88.862129
55   115.105843  22.114023  138.382248  0.340725  3.024318       7.578659   1224.440430 -171.975525   8.267414  3.027830  173.907272
56   118.672684  17.235033  118.149933  0.265769  2.798164       9.333669   1016.034485 -216.834915   6.162367  3.386281   53.857639
57   114.734482  -7.060570  131.009995  0.293187  3.514234       5.546435   1758.788696 -213.244110   8.437827  3.767299   75.268814
58   109.766228  27.131090  121.133812  0.334643  2.883812       8.113413   1202.079956 -201.027786   7.148763  2.738270  106.074669
59   131.864426 -10.625377  134.629456  0.304806  2.006027       8.229818    732.175354 -239.791901  14.178415  2.335543   59.993881
60   121.000488   8.757113  124.505264  0.315065  1.953362       7.779009    898.438477 -216.518784  10.972548  2.837152   75.717934
61   123.222252   3.659273  114.702873  0.328698  2.222811       7.572992   1095.162354  -80.328323   8.037966  3.864709   78.975029
62   127.725800  11.485210  119.678696  0.286045  2.781889       6.574974   1180.262451  -80.307098   7.912669  2.715297   68.027542
63   119.494644  15.432188  113.594482  0.325358  2.375962       7.295759   1305.643066 -161.829803   9.075608  3.308629   63.546864
64   111.755859 -11.465585  102.458130  0.343543  3.220467       8.078998    949.790527 -187.595322   9.433001  3.666140   64.096703
65   109.912773   8.974628  120.230995  0.330034  3.351462       8.045593   1167.934448 -156.889877   7.625530  3.965005   96.964760
66   134.154648 -17.663452  131.079697  0.325852  1.672737       8.519257   1615.582153 -170.504425  11.090623  3.895766   50.858929
67   114.932159  12.513484  134.340103  0.349714  2.106747       9.167282    749.055237 -199.898376   9.780056  3.105139  154.599625
68   119.866264  15.266594  111.008896  0.301851  3.469956       8.181617   1707.211548 -166.373901   7.398947  3.919166   57.661987
69   132.959915 -16.257208  134.895370  0.346519  1.583865       5.556081   1813.968384 -134.827103  10.419191  2.917425   79.156570
70   124.545692  19.801458  123.105850  0.337943  1.609983       6.875024   1599.885132  -82.284637   6.839816  2.569979   99.803947
71   113.975433   1.422729  149.943771  0.311501  2.176401       6.848900   1774.369995 -205.180832   8.670165  3.556578   94.799515
72   111.562263   4.920677  150.803482  0.312022  1.504717       8.580179   1066.299438 -119.774162   8.658801  2.897325   77.624748
73   105.576797  22.439106  140.252167  0.291189  1.681709       6.686469   1755.142944 -205.376968   7.659461  3.421437  153.698471
74   114.010284   9.887795  131.782028  0.336332  2.054274       7.090254    875.565002  -44.584877   6.733093  2.822771  168.355225
75   104.917480  17.387056  144.172089  0.316539  1.505516       7.805973   1066.961914 -231.221130   8.136497  3.654018  208.854385
76   118.410522 -15.277541  139.600296  0.333530  2.748184       6.540118   1630.483643 -111.846489   6.830739  3.118453   55.769920
77   117.466988  12.323899  139.966660  0.320937  1.470135       7.681006   1527.490845 -216.021652  12.924260  3.682213   70.203232
78   111.462868  -0.601739  142.317368  0.333842  2.835398       8.458590   1008.167725 -164.695389   7.995715  2.913359   92.796043
79   111.162041  19.512671  136.999634  0.314156  1.182087       7.876818   1732.290527 -158.435669   7.913155  2.632188   51.895714
80   117.037498  22.410261  124.296097  0.327610  1.702147       8.524412   1312.050293 -198.237991   7.153140  3.413066  104.368187
81   126.396881   4.459043  121.069969  0.333962  2.871857       6.710591   1415.883179 -179.777634   8.184143  3.814671   79.380180
82   116.554573  29.029963  125.966179  0.326006  3.205900       9.520396    997.837891 -233.331512   5.580678  2.282785   83.403709
83   123.868263   1.570093  135.797714  0.348115  3.150704       7.735414    805.135437 -221.086258   9.242419  3.477731  152.212158
84   123.475929  11.523659  124.028633  0.324950  2.596309       7.911932    920.265137 -134.981873   6.986391  3.194107  142.623993
85   119.472015  12.483432  123.882858  0.344303  3.487335       6.966288   1099.565552 -164.026474   5.558432  2.255950  118.373444
86   112.862892  20.625921  129.765076  0.330861  1.757544       9.199903   1033.039185 -184.758301   8.556524  3.484731  140.790970
87   114.720970   9.075345  124.178856  0.325533  2.365108       7.402539   1266.986694 -166.272766  10.070116  3.295480   62.968960
88   122.512802   8.344735  126.046776  0.320246  1.598448       6.121901   1775.805420 -162.879288  11.370151  3.560365   83.088364
89   115.383575  18.074940  123.110001  0.331241  3.060923       9.011042    879.335815 -163.493118   7.710622  3.655395  120.578224
90   121.924194  -5.632552  129.516846  0.302266  2.664647       8.271063   1053.792480 -202.991119  10.559587  3.573453   57.099823
91   119.996536  10.911257  122.036736  0.339383  1.935274       8.881787    913.929749 -126.665771   7.900370  2.989703   71.385666
92   122.623634  15.400571  111.114067  0.323977  2.017684       7.369118   1524.289551 -149.070450   9.324235  3.983672   54.867027
93   117.426811  -6.452638  141.839462  0.327893  3.715805       6.518869   1844.757446 -234.638901   5.813741  3.561504   72.189903
94   129.184021  14.231301  116.058594  0.304008  3.610347       7.761643   1078.936401 -212.705429  10.237952  3.700241   61.469215
95   114.936867  25.799833  122.583748  0.313264  1.502576       7.960190   1451.147095 -141.045822   7.066797  3.046329   99.448547
96   121.588051   0.927637  140.502975  0.336023  2.315890       6.311644   1121.259644 -134.934357   8.993511  2.549155  104.469261
97   126.417816  -0.565677  119.472878  0.330094  1.535803       7.013417   1047.505615 -106.108711  10.244257  3.253004   90.085861
98   125.460571  16.751778  124.693222  0.299443  1.634912       8.823018    957.815857  -44.440475   7.697382  3.554647   89.441170
99   110.695755   8.216800  139.887283  0.322102  2.209632       8.051001   1275.132812 -225.538956  10.781614  3.531251   94.809090
100  120.514183   4.360117  130.289719  0.306758  2.226604       7.942119   1560.172729 -179.263611   9.905307  3.950047   58.769051
101  116.629234  21.246239  134.620270  0.330517  1.976546       7.190431   1451.966797 -216.322876   8.972925  3.639967  129.649796
102  117.804733  13.657061  133.909653  0.320807  1.694672       8.598846   1515.440552 -175.029984   8.962908  3.803272   63.388973
103  122.828865 -18.689074  134.701538  0.341898  2.810384       8.325083   1226.995361 -215.666153  11.229989  3.816887   82.117958
104  114.145401  27.533136  134.235321  0.329603  2.101283      10.729609   1083.310303 -146.647964   5.727632  3.801556  124.627998
105  122.733482  17.017958  111.892845  0.341159  2.536412       6.662189   1752.445557 -225.592087   7.335957  3.573892   58.409046
106  112.847359  18.247879  125.169647  0.298909  2.343153       8.077641    985.721497 -216.996292   7.736633  2.653527   96.915634
107  108.651009  13.015492  127.178795  0.263749  3.676526       6.693974   1684.351562 -247.382248   6.853747  3.043088   52.108063
108  105.467903  25.101074  132.136749  0.347683  2.393614       9.150311    763.280823 -234.819168   6.949567  2.378043  165.907318
109  131.788284 -12.331180  132.861801  0.319286  1.952918       6.851025   1416.155518 -116.627014   8.051785  3.410267   58.689053
110  107.194359  -1.144182  142.786896  0.335094  3.669723       6.052723   1413.362061 -207.824036   8.124290  3.031232  128.515396
111  121.059677  22.004795  126.213943  0.299472  1.531876       8.715658    997.120300 -171.849182   7.730075  2.784320   52.378010
112  118.098251   5.400445  129.044449  0.349897  2.150630       8.813345   1226.821411 -187.261749  10.680550  3.708072   75.364441
113  121.600426   4.570504  135.374542  0.330733  1.076206       9.195312    807.401978 -128.343872  10.003820  3.591164  101.872276
114  135.435806 -17.840763  141.553162  0.347999  2.466845       9.673901    790.063416 -186.931641  10.347795  2.415570   71.702934
115  114.890167  10.535825  135.776779  0.342570  1.852288       7.339252   1735.829224 -190.543503   8.449861  3.839795  132.445740
116  121.070236  -1.230614  118.224136  0.338878  1.921567       7.271344    885.930542 -199.969681  12.014682  2.425085   80.076057
117  121.680748  11.688141  131.381683  0.297546  1.375950       9.364904    761.497498 -151.794724   9.861404  2.530680   53.699326
118  109.897079  -0.344366  135.186905  0.313284  3.428403       6.760231   1417.366699 -211.213165   7.488876  3.507247   85.735100
119  125.226250  -4.503702  121.176392  0.341630  2.565586       5.756601   1496.930542 -246.147507  10.089292  3.046511   64.248215
120  115.188774  22.729155  115.234924  0.339555  2.611928      10.296628    820.707886 -117.011780   7.191729  2.616471   88.150192
121  123.887718  19.757999  114.481766  0.317128  2.898544       8.429491   1079.820312 -182.556290   6.760750  2.685874   53.419304
122  121.009041  -8.643144  130.341980  0.314055  2.315622       8.384442   1387.850098 -227.509842   8.245981  3.939619   58.370243
123  119.766945  17.662455  123.892715  0.318636  2.592863       8.646255   1038.361084 -223.672485   8.872372  3.952606  102.945709
124  123.490479  -0.701860  159.652740  0.296560  1.101666       8.120259   1105.348633  -89.807312   9.410217  3.378863   92.749046
125  130.785980 -19.126259  146.851761  0.331314  2.214481       7.884453   1388.993774 -128.450409  11.833801  3.850844   87.428864
126  119.652290   4.947946  119.909119  0.348409  2.998692       7.898986    827.514465 -116.948914   7.241669  2.680056   88.231117
127  123.869202  -4.853063  114.295563  0.347229  1.361563       5.698352   1960.471924 -194.617645  16.679951  3.853323   90.129837
128  124.015656 -14.233104  141.039825  0.348606  2.274419       7.893793   1217.022827 -115.685699  10.082829  2.936708   67.398186
129  115.520706  19.592615  121.482590  0.329554  2.393531       9.739615    731.135254 -228.350128  10.522715  2.913896   98.094093
130  110.489685   6.891906  137.862671  0.296167  3.375987       7.174534   1290.624634  -46.397999   6.231981  3.114401   89.444847
131  124.734711  13.386077  123.103256  0.284781  3.144810       8.019449    914.290222 -147.656448   5.658005  3.395973   81.074776
132  116.880432  11.285913  142.904297  0.308980  1.067550       9.524429   1096.217163 -146.480087   9.068099  3.609019   53.113106
133  120.618317   9.659765  128.241394  0.345970  1.263665       7.982438   1123.799805 -123.727127   9.028419  3.007778   85.955666
134  117.980095  20.185139  124.238045  0.346345  1.943998       6.046347   1203.461060 -222.051651   8.590937  2.646108  174.165207
135  126.308350  23.361990  127.437614  0.325357  2.184934       7.851132    955.291992 -149.333557   9.826149  2.855275  121.869438
136  119.659309  13.098278  119.206429  0.349188  3.419585       5.225719   1750.639404 -197.981628   8.764239  3.787885  161.326324
137  119.778358  12.414855  131.838150  0.321076  1.942962       6.741650   1533.628174 -205.749573   6.878041  3.410534   63.877621
138  119.099434  -0.918424  131.641266  0.317770  2.746338       5.747015   1802.211182 -135.104584   9.074176  3.979413  107.044640
139  108.792442   2.166098  138.447281  0.280974  2.916956       9.293616    715.247131 -229.393250  10.201435  3.176762   56.676552
140  117.431572   6.916031  122.150551  0.330013  2.438552       8.264387    877.704407 -131.680984   8.692530  3.313787  105.712212
141  115.494148  20.793447  135.551743  0.337981  1.669135       5.660149   1210.909302 -108.631653   8.544587  1.416607   77.153458
142  122.547928  24.293791  115.766701  0.346583  1.169162      10.095938   1412.001465 -149.385681   9.043191  3.743485   71.122330
143  119.334122  10.626477  131.760834  0.306757  2.530540       9.096725    954.383850 -121.824280   8.271671  3.777887   87.013962
144  122.007500  21.686590  120.817390  0.289892  2.341496       8.618156   1359.019409 -204.346039   8.556086  3.389761   63.297981
145  119.092445  22.103737  110.033020  0.321544  1.911465       8.042976   1592.655029 -224.294922   8.123475  3.480344   69.315811
146  117.208870  25.742498  123.592430  0.332698  2.699306       5.917341   1952.402100 -182.223633   5.993061  2.876323  163.368546
147  111.122932  26.549866  134.272629  0.253442  2.293450       6.933314   1549.490356 -231.653046   7.818136  2.518904  101.556976
148  116.398781   3.508885  144.753769  0.289932  1.618020       8.507025   1120.403198 -164.703812  10.558425  3.052249   74.528625
149  123.365303  25.528881  113.104958  0.345402  2.101219       8.589007    991.601074 -201.632935   8.369651  3.450641  114.232788
150  124.604767   6.818905  134.383102  0.333578  1.372394       8.265927    967.157166 -178.562973  10.548295  3.737008  125.536888
151  118.524529   8.164430  127.227463  0.308876  2.915015       5.257115   1995.172852 -177.470505   8.643445  3.756814  108.862656
152  116.805748  28.748409  119.843643  0.305954  2.044775       7.427834   1923.062500 -198.784134   8.957364  3.593086   84.399117
153  116.608482  19.702593  119.288666  0.329021  3.982691       7.671528   1042.902710 -143.234650   5.493306  2.861642  111.322456
154  119.108261   6.415100  132.255615  0.327597  2.551442       5.045947   1681.588745 -101.715912   6.434061  2.428066   64.782211
155  115.166222  18.552679  134.637085  0.324122  1.478297       8.817958    976.233398 -166.996552   8.523716  2.171185   85.856529
156  116.793419  27.519449  122.899475  0.335684  1.570335       8.884687   1439.785156 -202.083313   8.311229  3.520522   69.788040
157  112.542435  13.485679  123.149841  0.327200  3.823073       6.061591   1651.351440 -212.947739   6.033805  2.446936   55.713341
158  112.470322  28.865360  135.751968  0.309949  2.403877       7.543725   1928.069458 -200.774811  10.234587  3.684679  167.725952
159  109.651070  23.630825  143.787125  0.341938  1.472103       8.676482   1455.559570 -138.156937   7.668136  3.745717  234.321152
160  120.678177  -0.856756  121.698082  0.346709  2.924467       5.285989   1424.760620 -180.328232   8.797057  2.799299  125.271294
161  121.945839  -1.844618  124.249893  0.329874  1.557917       7.593703    954.237854 -124.800713  10.754285  2.437439   57.467548
162  119.605598   5.924066  146.307449  0.305538  1.100818       6.902187   1298.564575 -129.605820  11.145616  2.719448   95.116623
163  112.805458  -2.312876  139.728256  0.324525  2.874490       5.876043   1938.527710 -123.382118   8.199056  3.552747   73.856606
164  117.354233   1.162128  134.959412  0.346162  2.544104       7.743371    804.509888 -142.187897   7.876853  3.133275  118.343140
165  124.069786   1.974387  131.845795  0.325322  3.263434       5.941885   1310.055176 -240.259537  10.520283  3.479181  123.487335
166  115.834274   9.302882  136.767685  0.290599  2.047660       7.228928   1808.260132 -177.174210   9.991928  3.620234   77.557434
167  113.733658  22.697176  130.596710  0.320196  2.000296       6.704716   1476.135864 -105.411148   5.296646  2.768027   73.282700
168  115.275375  11.836986  144.669952  0.248747  1.230767       8.128193   1170.659790 -232.811951   9.428350  3.405112   67.531212
169  113.914772  12.470232  134.067841  0.329689  3.064363       7.698398   1462.955933 -180.095963   8.277606  3.018913   60.762680
170  124.893272  14.518884  116.605469  0.306277  3.732380       7.544001   1498.760010 -182.078384   7.591928  3.612341   72.960320
171  116.319832   0.665371  125.293587  0.324177  2.369122       6.937322   1146.200806 -195.983658  10.114242  3.235052   64.841743
172  107.818619  29.750837  134.158386  0.320267  1.274618       8.277742   1509.647705 -199.982483   7.186699  3.721873  228.418549
173  125.815964  25.473484  111.700264  0.263509  3.635228       8.249665   1636.191895 -247.439758   7.651012  3.933696   70.442902
174  121.146027  -1.476890  130.366669  0.349702  2.821565       8.792724    789.670349 -214.803528   9.166827  2.707362   86.570847
175  121.460632   4.546842  135.091019  0.344982  1.860347       5.754575   1593.130737 -139.826096  10.295188  3.199862   64.344406
176  116.379974   3.596949  121.389755  0.330736  2.734297       5.449410   1796.885864 -162.662613   9.264628  3.509207   92.995049
177  114.021996   0.618353  109.293114  0.342835  2.497421       5.548001   1984.909424 -113.907326   6.245446  3.823797   65.387184
178  121.923477   4.570048  137.305206  0.332799  2.077903       6.705247   1186.977661 -205.678818   6.890041  3.388965  121.921669
179  113.782051  28.017712  138.215881  0.253856  1.714548       9.898125   1422.915405 -236.653580   8.677663  3.687516  108.890533
180  120.113968  -1.574852  147.036575  0.305363  3.563245       6.965339   1562.055420 -177.554199   7.564204  3.407628   59.451878
181  129.648407 -12.939673  113.741516  0.318137  2.617906       9.204240    903.959412 -188.527527  11.359822  3.781314   56.343292
182  112.076553  -5.847768  132.925873  0.347273  3.223740       9.179214    762.321594 -120.148911   7.665381  3.094120   93.020241
183  119.447906  10.498784  134.337357  0.335395  1.213173       6.701051   1492.411743 -248.770126  10.549739  2.449342   56.875568
184  122.848915  16.732475  121.908066  0.318606  1.734261       7.985008   1569.499878 -171.571442   5.428182  3.772322   83.141930
185  133.628952 -14.736144  131.522354  0.325600  1.679034       6.409104   1528.268555 -142.160034  11.602189  3.107096   65.408669
186  123.569016  12.064891  120.749275  0.347529  1.539297       7.895296   1367.918091 -169.862808   7.818325  3.772128   72.898918
187  117.014786  23.833857  129.427750  0.333633  1.142685       7.747338   1405.624023 -114.821129   9.516819  3.989465  206.489624
188  128.086746 -23.889799  134.828903  0.344838  3.434588       6.913897   1588.924561 -238.862564  12.040525  3.329116   79.031731
189  123.737206 -17.052504  123.612328  0.341176  2.478592       9.010736    797.400696 -190.722809   9.245563  3.634519   54.610588
190  121.083488  -3.405155  142.535248  0.339973  2.129677       6.020824   1829.006714 -144.066895   9.380493  2.624627   57.004608
191  111.520439  25.977072  132.910812  0.336969  1.638359       6.499593   1524.249390 -160.933792   7.505166  1.791956   92.882820
192  126.229492   0.625735  111.024117  0.334861  1.491373       7.922080   1199.749756 -111.984192   9.768113  3.987974   66.364281
193  121.225922  20.902298  114.145554  0.280352  1.826855       9.919403    973.922791  -77.009819   9.224735  3.124490   52.381939
194  123.215469  -9.468328  136.523636  0.287187  3.825425       7.675877   1045.280151 -110.664200   8.404657  3.984261   90.836243
195  114.990776  12.644159  137.656357  0.316762  1.511012       7.255187   1405.294678 -131.674942   7.783853  2.402563   88.472672
196  111.037926   0.671538  130.515564  0.338060  2.420840       5.570175   1718.394775 -226.335907   8.470690  3.256847   90.055611
197  126.164703  -4.935669  152.381638  0.332285  2.654497       6.596516   1710.350464 -203.715881   8.056108  3.088700   85.322151
198  118.915588  -8.732737  129.334702  0.334935  3.160519       6.897456   1314.046021 -145.617264   9.192961  3.579743   60.674232
199  118.476791  -3.044576  142.288544  0.325554  3.497001       8.692367    821.181519 -223.074493  10.121993  3.231665  106.826187
200  133.903732  18.267872  128.177246  0.333779  2.166915       6.323735    927.093872 -101.346039   9.115242  2.701699  142.970993
201  103.634895  10.434952  135.619644  0.315342  3.414561       9.305779   1022.130310 -181.790314   5.725329  3.377808  107.795998
202  136.016876 -16.762539  129.475479  0.326529  1.232949       7.395169   1225.795166 -248.849289  15.888348  3.540687   84.487389
203  108.892868   6.820470  126.286446  0.333754  2.169987       8.854163    825.284546 -105.081451   7.816469  3.539080  122.769707
204  122.583069   4.660803  128.583878  0.294114  2.085216       8.146666   1013.837769 -123.533127   8.426246  3.159854   60.988590
205  124.248657  17.107595  127.371399  0.320252  1.692665       7.528128    991.416565 -154.345825   7.781545  3.194588  147.193604
206  108.900833   6.846845  134.031326  0.344744  2.006952       8.321006   1120.651489 -107.758995   7.761769  3.399264  115.351875
207  115.000145  -3.701064  123.032402  0.348486  3.614650       7.599507   1006.660645 -234.179337   8.640787  3.591412   81.782532
208  111.304115  16.911283  138.610443  0.274328  1.978491       8.327405   1746.436646 -244.025833   8.998946  3.516878   58.163082
209  131.812057 -11.272406  146.067062  0.343803  1.795229       9.652837    908.235046 -219.227478  13.677943  3.855097  102.691536
210  117.269547   2.767459  130.760941  0.308580  3.001352       6.638162   1483.620728 -137.791595   8.199399  3.126413   83.521248
211  106.697083  17.026421  149.326904  0.346795  1.220023       7.275170   1249.182373 -121.739365   7.147420  3.190029  151.117874
212  120.716476   2.984085  137.493011  0.305873  2.142658       6.983051   1462.649658 -227.090790   8.290294  3.244479   88.255402
213  124.415352  22.015745  112.572632  0.335491  1.964563       9.389398    893.419922 -126.017693   9.350008  3.576965   61.950985
214  115.111885  17.026785  123.424126  0.311503  2.979341       6.008474   1496.094971 -166.536697   7.238003  3.901983  185.647095
215  117.848953   3.292284  135.488632  0.324289  2.995774       8.192738    901.997498 -179.899902   8.551055  2.684654   84.322372
216  116.771439   4.697663  125.125824  0.334489  2.016747       6.494802   1199.028564 -104.593010  10.884864  3.593263  132.622971
217  109.548393   8.816458  146.086166  0.313066  1.274435       8.209413   1288.349731 -215.454346   9.014276  3.663755  136.653870
218  113.234818   8.997847  114.019966  0.311187  3.696063       9.436209    773.624939 -201.776184   5.632284  3.575220   59.208679
219  115.030182  -3.660567  128.364639  0.341683  3.394772       7.095942   1324.714111 -151.952408   7.192103  3.804516   92.131104
220  128.724014   0.314293  130.551407  0.305904  2.176248       7.899651   1188.723389 -143.071838   9.819072  3.557832   75.711731
221  108.412506  -1.261910  144.817169  0.302203  3.947111       6.908862   1921.610596 -223.853256   7.830642  3.569971   94.475990
222  121.791756  -1.869320  122.175194  0.302716  2.794585       7.225991   1922.465454 -156.050858   9.628784  3.791018   52.441105
223  111.097504 -22.699320  148.526138  0.340869  3.610183       5.133736   1567.311768 -119.848557   5.974719  3.224082   93.815468
224  125.654015  -1.602822  124.971321  0.347958  1.441557       6.022905   1509.157837 -140.453796  10.720561  3.777542   93.808517
225  114.824043   6.385743  146.141525  0.336158  1.239999       8.333873    802.303894 -191.317841   8.926145  2.276738  101.507225
226  112.954323  11.875402  141.618118  0.341080  1.626788       9.459242   1002.567871 -129.685501   9.616885  3.133166   66.010635
227  112.729675   6.372922  146.662537  0.309854  2.892906       8.837884    733.330139 -186.519043   9.324164  3.460836  171.759964
228  108.940437   1.797987  141.094437  0.290928  3.586270       8.799956    752.854126 -232.382919   6.869396  1.808695   53.218910
229  129.210648   0.972306  125.851906  0.329805  1.236785       8.024449   1258.330566  -98.126205   9.833322  3.581123   73.433083
230  122.124794  17.536148  122.137421  0.330244  1.476500       6.610011   1672.815430 -100.597221   7.736332  3.141175  100.154915
231  115.077110  -5.226568  123.307449  0.330823  3.356679       9.042726    900.294373 -175.178421   8.139246  3.164811   52.148567
232  104.434586  23.812769  142.464279  0.306865  1.124455      11.104052    755.812134 -178.846375   8.981640  2.851063  134.966797
233  116.254822   8.114120  125.081329  0.330547  3.033764       6.081923   1324.094604 -179.449631   8.909318  3.789173  164.137070
234  118.130249  -5.423713  136.031174  0.333467  2.526214       5.379524   1151.709229 -175.237793   9.717168  2.398366   94.141998
235  110.982956  18.524176  130.414749  0.328782  2.001389       6.981080   1505.868652 -203.717590   7.721491  2.883634   97.998459
236  122.559105  19.431376  114.278549  0.344961  3.777062       7.778015   1041.947266 -155.578796   7.734659  3.618898  139.086929
237  130.798492 -22.772070  152.321609  0.344700  2.242005       8.409606   1033.565186 -173.335526  13.203686  3.042292   63.187241
238  117.914177   2.122731  128.118484  0.326596  3.242811       7.263741   1101.043091 -131.470078   7.871372  3.511101   97.359413
239  118.976372  -5.354341  132.624527  0.336796  2.387120       7.471906   1442.477539 -154.278641  11.017111  3.445106   93.010818
240  110.300812  13.218137  125.498734  0.325586  3.178360       7.398752   1209.861938 -218.818161   9.031676  2.878944  103.029549
241  114.753853  -9.220859  142.500137  0.343392  3.055051       9.113029    813.233276 -242.084686  10.777519  2.432928   67.372696
242  113.746262  -5.943107  115.615280  0.348195  2.608180       8.360427   1156.255249 -198.060989   8.613241  3.870005   51.348358
243  119.465012  18.904020  129.716187  0.333685  1.387386       7.686207   1752.072632 -104.437553   8.850449  3.331386  117.532822
244  118.733383   0.522517  110.145447  0.326211  3.476491       6.949599   1266.294067 -189.624802   9.223875  2.883668   55.639645
245  118.619705  -7.082335  141.734222  0.323363  2.232683       9.217696    901.276978 -214.386459  10.178013  3.860996  106.358452
246  114.787064   6.426841  126.085770  0.335898  2.189087       8.078747    932.001343  -85.403900   8.127627  2.621452  104.408730
247  101.665421  23.744896  151.417450  0.295930  1.079124      10.186245   1072.042114 -181.517029   8.685515  3.076630  221.146896
248  114.396370  18.730829  140.779724  0.339732  1.283961       7.393412   1425.957275 -136.264893   5.599329  2.658955  122.814537
249  115.137779  14.039030  147.488358  0.346522  1.556490       7.581599    847.566467 -220.819427   9.674741  3.030019  164.414352
250  111.997757  23.568899  134.282043  0.303164  1.583782      10.146728   1001.056458 -147.060715   6.966156  3.350267  130.905060
251  120.021828  11.851724  124.677094  0.342471  1.556692       6.389200   1648.301147 -187.666565   9.707197  3.809440  136.480270
252  125.901878   6.047930  109.088120  0.327700  2.614781       5.892199   1726.224243 -244.648727   9.989968  3.465379   70.977905
253  131.419235  -8.904297  112.945557  0.330853  1.195231       9.598183    803.395264 -210.234436  11.522745  3.248709   53.506447
254  116.866364   8.018826  139.305023  0.295027  3.045929       8.824886    937.045105 -188.826675   7.981339  2.373750   60.901562
255  117.182945  18.243908  135.491196  0.282650  2.957571       7.314473   1102.904297 -227.310760   7.759665  2.706289  103.701958
256  118.860222   9.195888  133.138382  0.319167  2.230784       7.923765   1066.597168 -197.021683   8.073986  2.840285  106.568604
257  113.801025  20.158081  136.879578  0.301753  1.208569       7.464838   1762.526245 -118.050537   8.315902  2.781917   79.110397
258  111.659508   8.095639  126.439270  0.347798  3.325527       6.484157   1689.194580 -194.333038   5.340037  3.911063  120.123314
259  118.959061   8.869298  129.029221  0.310668  2.187331       8.270703   1291.054321 -222.996521   7.090559  3.744135  105.724800
260  119.420448  11.282181  121.672882  0.339493  2.219682       6.216683   1553.349365 -233.840149  10.346587  3.341390  103.240715
261  119.270241   9.462702  116.101555  0.330484  3.281947       8.785023    770.800415 -221.076324   7.858841  2.795770   95.095329
262  119.468010  19.270092  110.378334  0.308159  3.787406       6.977515   1889.738525 -197.013916   5.794131  3.779263  103.507668
263  119.053772  12.477957  138.840271  0.316577  2.353167       6.585481   1688.130859 -172.363922  10.444456  3.797798  145.680618
264  136.579468 -13.521781  136.480621  0.340841  1.395167       6.050700   1977.815796 -195.572037  12.987988  3.563373   52.953548
265  122.776009   3.336589  134.456467  0.291723  2.708998       6.403610   1173.244141 -177.017838   8.178674  3.848595  138.486435
266  126.485695  17.133537  116.037735  0.310323  2.378092       8.682879    928.298828 -214.026123  10.462066  3.661803  111.745461
267  131.469589 -19.479984  154.647034  0.348567  3.183887       6.220748   1782.494141 -212.957565   9.747799  3.039633   86.805679
268  116.680374  13.859352  134.369568  0.317007  2.526707       8.549070    916.703796 -164.083847   7.774587  3.532636  126.506523
269  128.738602  -7.793887  127.668221  0.320338  1.640150       6.627834   1595.123291 -129.353622  11.014002  3.757118   64.261688
270  120.732147  15.586115  136.020660  0.341301  1.155115       7.862402    906.607971 -119.357895   7.918060  2.849248  130.226761
271  120.933777   1.855017  110.265923  0.338232  2.220694       7.227290   1421.941528 -204.036911  12.200556  3.786521   60.861084
272  121.055893   2.449056  134.918823  0.314121  2.949512       9.001850    851.971008 -176.287064   9.889542  2.753494   77.969810
273  115.620010  28.312548  130.871811  0.346832  1.597075      10.387471    865.423279 -116.423492   5.983115  3.521921  162.021210
274  113.557587  24.379156  123.430679  0.334131  1.802645       7.701202   1877.619995 -193.212250   9.002118  3.454054   90.218155
275  113.962082   1.249930  145.983780  0.307522  2.129140       7.439739   1129.443237 -210.326950   7.445951  2.782300   75.179428
276  115.336388  20.265785  132.873047  0.325238  1.709340       6.702323   1512.960571 -170.147949   7.769127  3.525605  119.130669
277  117.943993   2.948724  125.012970  0.343009  2.552110       6.797798   1151.263062 -169.693970  10.328357  3.070892  105.532524
278  127.228317   1.042451  140.315109  0.331706  1.654470       8.394451   1028.865356 -192.503952   9.814667  3.042718   61.534027
279  124.324951   3.556310  133.446793  0.330465  1.367054       6.729414   1314.229614 -101.422836   9.627566  2.912851   83.478065
280  103.832031   4.838925  136.038895  0.319753  3.059400       9.164009   1036.259521 -212.987671   5.330979  3.307722   68.867935
281  120.250305  15.951105  115.476562  0.315711  2.477011       8.438100    852.815674 -133.367874   8.958327  3.561345  108.194763
282  114.481743  16.431364  140.184143  0.348493  1.059496       5.987609   1811.578613  -86.912621  10.729725  2.208441   70.137543
283  109.457588  21.841637  135.672012  0.311624  2.010827       8.405053   1054.501831 -142.283340   8.393125  2.088745  141.851303
284  117.851585  -9.213879  145.549286  0.342694  2.270736       5.923521   1318.435669 -109.442795   6.980177  3.363039   99.300819
285  111.701927   4.360162  146.252136  0.297125  2.209412       8.401007    847.932861 -232.471039   6.738085  2.648990  112.099213
286  121.881096   8.141959  137.877274  0.311769  1.609443       7.436589   1681.017090 -158.624939  11.506207  3.663448   92.447166
287  114.609802 -13.162213  144.737274  0.341183  3.716053       6.555025   1976.376343 -154.503937   6.483121  3.818993   88.512527
288  123.470268  22.888830  117.814079  0.332555  2.676449       8.214324    832.540466  -73.829460   8.784384  2.385308  126.459862
289  114.120171  -0.233081  121.342300  0.344179  2.873960       7.050719   1238.769165 -168.550552   6.424031  3.288245   71.772125
290  114.423454  21.584698  127.371048  0.301684  2.363708       8.301390   1062.517456 -198.913406   9.518748  2.722113  107.066696
291  126.502563 -15.558642  150.701004  0.304429  2.113964       6.524845   1953.165283 -233.584839   8.989468  3.567486   60.420609
292  115.536880   6.478359  134.995605  0.347266  1.910773       6.734416   1667.829468 -151.655212  10.078183  3.039742  101.081009
293  110.684959  22.337877  129.401581  0.323881  2.260517       8.632483   1333.281128 -218.512665   7.413656  3.546139   91.298065
294  114.759705  29.270029  127.444405  0.298733  1.924042       9.178753    924.137268 -193.356796   8.408718  2.346082  107.445206
295  117.466576  13.765410  133.235168  0.326691  2.054612       6.959309   1817.817261 -161.911530   9.837001  3.453526  100.004692
296  123.913147  -0.493671  121.874596  0.346269  1.641105       5.282120   1850.704468 -108.557686  11.410830  3.515549   81.530785
297  105.843582  13.520980  138.703476  0.346341  2.472403       6.939720   1241.108765 -146.476974   8.457864  2.305390  120.604126
298  115.387169   1.575794  129.318436  0.308981  3.285698       7.005173   1450.684326 -176.104126   8.878426  3.695053   53.762600
299  121.918770  12.992293  118.932129  0.341365  1.444491       8.998655    894.880066 -230.490494  12.464651  2.821803   67.609283
300  118.487976   6.695939  129.669510  0.322979  1.482777       6.251539   1910.471924 -182.697327  11.024976  3.243503   56.780357
301  124.066704   6.788769  122.288185  0.290403  2.366002       8.444863   1222.983032 -187.487762   8.458658  3.949156   55.815731
302  130.376938  -2.694757  135.048462  0.337307  1.785469       9.086977    951.400208 -159.255905   9.527457  3.741561   71.735168
303  119.565926 -11.816372  122.228752  0.345464  2.703650       8.082411    854.596375 -165.416412  10.813766  3.741941   89.167313
304  120.458282  12.707127  144.544067  0.335551  1.677963       5.049351   1828.686523  -46.283409   6.676963  2.420165   89.394341
305  113.522224  -2.100160  130.772781  0.336053  2.445099       7.868025   1066.623413 -163.963242   8.162764  3.718602   90.227898
306  123.878571   4.014802  125.329659  0.271658  2.085438       6.546168   1286.263184 -205.284409  10.528666  3.520690   81.464287
307  124.060631   7.886245  122.046883  0.321127  1.742732       7.801396    962.598267 -133.753494  10.467846  3.062897  120.527939
308  116.915756   0.952288  137.433350  0.312854  2.670371       6.706261   1567.924072 -188.841827  10.647664  2.996512   70.003586
309  125.348793 -14.990748  134.931046  0.348628  1.891600       7.499102   1673.853638 -148.964676  10.873784  3.449151   83.499855
310  122.365204   9.703175  126.644806  0.335209  1.609609       8.815275    886.436890  -78.434586   8.060295  3.875500  137.520645
311  110.168579  14.300240  128.299896  0.319328  3.595444       6.565832   1897.171143 -216.272537   6.523001  3.876201  120.549500
312  118.018166   2.351522  136.480698  0.340028  1.531989       5.782286   1151.580200 -141.162155   8.334074  2.057422   85.594063
313  118.617905   5.419589  143.437057  0.309202  1.134424       7.722388   1470.689087 -213.897873  10.640893  3.332220   97.974525
314  119.403793  -7.013853  140.463806  0.331450  3.111876       8.634119    885.263794 -199.069305  10.576563  2.958189   80.355759
315  118.020622  24.243622  116.071472  0.331006  2.794450      10.209319    905.711792 -136.769562   8.393988  3.410553   77.081108
316  121.074242   8.997715  119.431511  0.304937  2.051938       8.874373    808.385742 -161.496552   9.667289  3.405511   75.457703
317  119.290123  14.810051  130.338135  0.288023  3.302163       7.766133   1010.887939 -219.685989   6.732681  2.561230   68.684799
318  116.653740  11.348994  127.247986  0.327971  3.099966       6.368890   1582.910034 -131.563477   7.311744  3.769098  129.052444
319  118.962936   8.666471  134.788528  0.327920  1.241750       8.788165   1206.359131 -231.048462  10.716666  3.778503  112.620743
320  126.007950  -0.852445  139.905975  0.301383  1.223546       9.747446    706.114258 -132.407394  11.408432  2.870160   51.664688
321  127.143761  -1.940428  137.396454  0.279296  2.193375       7.911462    902.852417 -181.524811   9.941536  3.345456   82.491692
322  114.073532  16.211119  117.399551  0.347066  1.903164       6.432981   1841.135254 -126.386673   8.676750  3.451282   65.981209
323  124.694321  10.791165  109.580513  0.334639  1.327281       8.194976    910.052612 -116.397865   7.895892  3.338972   62.399414
324  129.389526 -13.703214  119.912163  0.344993  1.582280       8.618878   1074.867554 -130.761429  11.534924  2.980094   75.636307
325  122.266968  -0.863887  132.194290  0.304381  1.449574       8.148049    981.991516 -227.979630  13.074346  2.974024   53.700214
326  119.115585  18.860664  122.986397  0.333707  3.228100       8.410622    873.920227 -194.159958   7.951696  1.749679   65.902702
327  116.607483   1.215061  132.811920  0.347138  3.661651       7.467630   1665.414185 -190.679413   5.587983  3.945089   94.219398
328  119.780022 -10.292514  114.033463  0.329146  2.282202       8.159760    914.156738 -219.717606  10.956851  3.911899   98.440262
329  115.466766   5.012639  114.419884  0.338248  3.011234       7.809883    937.299805 -115.889473   8.301365  3.744267  100.964256
330  115.336754  15.914135  132.533539  0.329079  2.917338       8.778823   1277.592407 -196.664948   8.682161  3.479739   93.590439
331  122.605484  25.892536  119.889984  0.275915  1.586282       8.669201   1238.795410 -209.240799   8.377562  3.306419   52.103134
332  131.447906 -11.239802  119.570602  0.348848  2.422416       9.480603    880.158875 -173.980286  10.821286  3.568876  110.836128
333  113.842796   8.114929  131.160019  0.334578  2.631528       7.257222   1445.994873 -195.472427   8.503368  2.891210   80.357681
334  111.973465   9.278316  135.038437  0.333932  2.209370       6.947797   1427.821655 -221.765121   6.510316  2.784051   86.967232
335  127.969658  14.589885   97.287361  0.336534  1.517435       6.734059   1544.962891 -116.647560   8.273748  3.656816   74.707245
336  112.598267  -3.877387  130.648651  0.339317  2.299216       6.657765   1424.481079  -51.176292   8.649574  3.553677   96.674309
337  119.696617 -12.712523  114.718925  0.339277  2.270595       8.163562   1093.772339 -176.670532  10.354668  3.583772   63.846966
338  117.288902  -6.089674  124.423706  0.301870  2.357066       8.617379   1009.067139 -211.055679  12.301821  3.995474   67.617569
339  113.532295  23.404196  134.355606  0.321409  1.076999       7.388700   1265.509033  -96.567642   9.113251  3.179394  184.434128
340  119.554581  20.899193  129.552322  0.334298  2.210238       8.181142   1258.519531 -151.925247   8.204331  3.208082   71.947433
341  116.163338   7.902038  131.423645  0.324289  2.406482       7.642304   1328.348633 -188.110229   9.797492  3.629781   57.355064
342  121.326721  -2.115004  127.755096  0.340469  2.927109       8.947542   1011.607971 -145.281891   7.367402  3.674234   92.731018
343  118.530937  14.987172  129.242233  0.310810  1.887188       7.928507   1117.387085 -170.200333   9.051214  2.307076   57.478508
344  123.481781  -4.022650  124.696075  0.323368  2.154365       6.895100   1320.708252 -197.827118  10.577808  2.650548   57.813271
345  123.447342 -15.742347  132.103027  0.342294  3.231384       6.421012   1633.785645 -234.152161   8.236199  3.346840   80.159363
346  127.269485  14.185963  119.168076  0.342618  2.486465       7.850297   1442.868164 -211.219818   9.523535  3.997029  128.095108
347  115.986687  21.434267  124.639313  0.321242  2.785074       6.374557   1235.639771 -154.735870   6.797930  2.554287  115.023018
348  124.763573  11.119892  111.203018  0.339277  1.434836       5.397798   1708.167114 -103.121552  11.680135  2.911571   58.888485
349  112.523674   9.187651  132.103287  0.318430  2.052061       7.348186   1255.203247 -181.521698   9.049926  2.627390   56.549385
350  118.555969  20.880285  127.807098  0.333909  1.330935       8.796674   1611.378418 -175.576355  11.174431  3.831852  112.239555
351  116.350807   4.610684  141.748764  0.289713  2.046516       7.632755   1155.314453 -230.549377   9.967459  3.472753   85.845612
352  119.587334   4.953404  115.283096  0.345054  2.828159       5.697588   1228.651001 -151.912155   5.612576  2.828310  101.413322
353  117.242935  18.525953  138.248367  0.280087  2.147208       8.786030   1176.419556  -98.096611   9.494954  2.746622   65.382103
354  122.859985  21.321842  115.389633  0.318914  2.322633       8.547256   1542.374390 -211.092056   8.653332  3.904315   88.216133
355  118.150284  13.551758  132.368683  0.338144  2.603330       9.563810    819.989624 -248.188263   9.503198  3.895458  101.375153
356  127.096237  25.782536  121.160202  0.315264  2.395053       6.002639   1412.105957  -31.172794   7.247939  2.234018   93.345566
357  118.934074   7.865623  150.479996  0.323109  1.136310       9.977547    745.455688 -165.004333   8.897038  3.618051  133.104553
358  119.616005   6.980066  106.917374  0.329627  2.748887       8.090949    848.728577 -177.840485   9.826180  2.861261   57.639435
359  126.834076 -13.619353  124.015427  0.346193  3.425494       7.091663   1556.719971 -198.399582   8.101877  3.118955   51.210686
360  132.270935 -17.112000  124.019531  0.339870  1.939985       6.435196   1444.100342 -202.663193  14.076137  3.157472   69.295250
361  116.019920  14.959874  130.588806  0.315379  2.109506       7.879440   1366.132324 -238.387604   9.116405  3.468348  127.795914
362  121.448067  12.823387  121.586639  0.246432  2.961457       6.305005   1589.026245 -228.566940   8.757217  3.118950   50.137436
363  120.432541   1.519147  146.636459  0.333357  2.359746       7.481903   1398.750977 -182.220764  10.280457  3.943350  118.554718
364  103.878143   6.871317  134.737091  0.327000  2.569033       7.759783   1080.033203 -207.953415   6.841072  2.377826   79.400291
365  111.896858  28.827444  138.453156  0.284775  1.590548       8.206442   1823.236450 -204.247955   9.723333  2.600994   90.223236
366  107.488945  13.933959  122.071350  0.335973  3.479735       7.816522   1587.721069 -247.452591   5.745241  3.996127   72.854401
367  113.628532  22.464388  132.552887  0.331726  1.096107      10.438520   1298.905884 -129.409088  11.251391  3.799023   89.688766
368  126.606636  -2.835362  133.486374  0.323585  2.688105       7.731040   1022.139038 -101.536949   6.842344  3.382445   82.163170
369  124.149345   6.511371  125.670677  0.340145  2.040285       6.948179   1529.143433 -172.264496  11.053834  3.067486   71.510399
370  121.656677  10.492978  111.237968  0.314721  2.711684      10.016438    729.274292 -133.736710   7.313798  3.566263   83.436760
371  112.201111  24.531128  120.350746  0.302380  3.003659       9.215112    873.599182 -120.558266   6.827758  3.290999  143.202774
372  125.321770  12.619040  119.843109  0.338115  1.224220       6.791111   1769.371216 -125.916367   7.532806  3.880450   60.334442
373  117.923599  22.198635  121.958450  0.347448  2.869569       7.947749   1087.265747 -220.135559   8.830950  3.413489  199.187485
374  107.503540  16.514219  126.612038  0.342718  2.727762       8.387416    990.234009 -182.893814   8.215052  2.559738   65.774292
375  121.681931   6.293466  132.747253  0.282697  2.765952       6.758411   1211.452759 -201.424484   9.773374  2.509609   52.655937
376  110.497131   9.178286  128.764771  0.293801  3.089946       8.985859    997.411438 -248.662415   7.169419  3.236491   58.054642
377  113.472176   9.862234  143.341248  0.295492  2.333027       5.666116   1849.377686 -141.223846   9.370514  2.793537   97.299744
378  116.706833   4.500596  134.947144  0.349668  1.906814       8.146129   1394.642578 -238.965454   9.042158  3.457886   70.602600
379  112.995811  14.553622  122.843445  0.298985  2.728392       7.842174   1555.358887 -187.433914   7.416853  3.821317   78.932800
380  117.225853  17.188255  127.874870  0.336089  2.116411       6.423713   1616.695435 -134.884171   7.995905  3.313539   96.837921
381  122.107185   1.965578  130.666565  0.346842  1.652430       5.932314   1587.849976  -96.684319   8.539140  2.936665  101.113754
382  112.053261  13.365814  129.791458  0.299511  3.905021       7.119504   1638.081177 -243.779327   6.225767  3.378891   63.209690
383  120.800568  15.375672  117.948341  0.312713  2.894093       8.299617    926.176208 -232.198959   8.917974  2.730337   55.630405
384  120.187500 -14.676629  133.656540  0.347273  2.480395       8.000045   1318.459839 -146.850952  10.939983  3.763529   67.193695
385  117.732529  -0.481039  137.677338  0.296768  2.406797       5.894435   1420.430054 -131.001266   6.918296  3.107582   73.452538
386  119.565536  13.931516  124.038925  0.328910  3.341795       6.847877   1147.713501 -138.471268   5.884068  2.280653   74.439278
387  126.406143  12.380683  137.341019  0.312843  3.517172       7.055359   1678.732910 -210.563873   7.821079  3.807217   60.521809
388  123.823158  23.428083  123.466850  0.339413  3.124581       7.911331   1175.409546 -166.148972   8.584345  3.853797  157.681458
389  108.150116  11.568825  131.365555  0.331013  3.650484       5.502390   1627.063232 -242.521454   6.971505  2.961262  139.173767
390  132.887711  24.815613   95.860924  0.326820  1.725380       7.071027   1592.712158  -95.798050   8.178665  3.691596  124.333023
391  108.648285  23.733158  131.776810  0.331564  2.281341       7.478748   1494.378296 -203.107986   6.965206  2.813861   93.241661
392  127.054588 -12.042008  138.753479  0.340563  2.200392       7.353624   1393.421631 -149.606827  12.932812  3.720160   86.733498
393  120.270866  28.416803  121.364304  0.337924  1.516355      11.027356   1037.503784  -79.208641   7.099597  3.861267  128.580750
394  118.194794  12.624849  130.090714  0.306347  2.180130       6.305636   1364.718384  -95.491013   8.173309  3.217968  122.445946
395  123.310997  25.006189  127.719398  0.330132  3.340428       7.455706    943.253113 -189.633301   8.874907  1.587284   76.674156
396  128.159454  -2.428576  131.724655  0.341710  1.114758       6.298275   1778.934814 -184.623474  15.516534  3.577107  114.933884
397  107.550087  13.407225  144.098953  0.262943  1.808053       6.666030   1873.373901 -223.510239   6.866987  3.378953  107.054726
398  114.143341  -6.224451  137.885727  0.330895  2.727257       6.380341   1802.007446 -173.829819   6.637987  3.311964   62.492638
399  115.676224   4.098203  134.411743  0.313796  2.294722       8.184822    977.243713 -152.819550  10.219213  2.516330   68.035942
400  120.543488   4.903718  124.727112  0.313796  1.951690       5.949198   1873.641357 -100.777168   7.171062  3.449511   68.482079
401  117.891953  -3.913269  139.757690  0.312302  2.692024       7.389235    972.610962 -166.489059   8.646955  3.576123  102.519722
402  119.932053   2.381247  147.577362  0.288281  1.785259       8.342509    743.556580 -144.414230   9.342739  2.678256   72.482269
403  129.574997  19.370007  122.219040  0.274298  3.178729       8.036386   1062.461426 -220.785263  10.411329  2.837507   70.229729
404  113.421707  -8.939003  130.075623  0.344733  2.476979       8.896948   1134.306519 -146.530991   7.236761  3.976006   76.874474
405  104.379959  10.823817  136.381134  0.277699  3.964492       5.818334   1392.417603 -185.644287   7.275625  2.230211   94.251678
406  126.017853   1.408499  139.658157  0.335232  1.030059       7.398135   1582.164795 -142.910110  10.017048  3.766355   76.110138
407  124.252502  10.606477  122.776619  0.309600  1.343414       9.604036    870.693726 -212.383636  10.376105  3.469134   52.060184
408  124.023346   2.784551  103.836853  0.349616  2.353610       7.067942   1471.456177 -231.124710   8.491987  3.174671   68.854362
409  120.465508  12.425603  139.024734  0.291667  1.300127       7.769774   1622.551880 -118.392921   9.220125  3.221187   70.576340
410  126.907295 -17.431280  129.726608  0.345640  3.167315       7.321877   1566.881836 -211.024628  11.324378  3.248305   51.780399
411  121.440033  -3.602577  135.153229  0.336741  2.341914       6.688849   1463.447510 -174.415329   8.836233  2.620041   51.771816
412  115.671532  -1.345374  127.448250  0.339423  3.565578       6.413261   1213.982544 -198.890717   7.875420  3.847753  142.624542
413  112.643364  12.288086  129.863510  0.343702  2.856567       6.959146   1613.929443 -237.764694   9.781570  3.267337   66.937645
414  128.097168  -9.194820  124.520241  0.334154  1.514809       6.014833   1895.231323  -67.447327   7.551498  3.134510   57.496613
415  120.331741  11.715740  117.134995  0.311646  2.355721       5.900108   1715.128418 -213.929230   9.338285  3.658301  103.812820
416  111.772926  12.407667  149.843597  0.348767  1.170049       6.463859    913.413391 -113.443787   7.605496  1.676012  133.563705
417  123.244987  14.654501  121.334457  0.326991  2.895429       5.996710   1208.288452 -174.142380   5.816294  3.414590  158.758774
418  125.728317  -6.446467  129.616531  0.328576  2.970333       7.667367    858.220337 -146.717667  11.424575  2.861756   69.534485
419  117.262680  11.392206  134.046066  0.313479  2.253861       7.459445    847.433777 -199.445267   9.389519  2.805457  136.686600
420  123.343796  -0.109060  117.775146  0.317872  2.977182       7.023513   1096.434570 -129.034927   7.654143  3.856438  117.102966
421  133.975098 -11.962642  126.873978  0.343402  1.557790       8.629199    908.586792 -140.183289   8.124788  3.825016  114.499107
422  131.495743 -12.307188  134.372040  0.320347  2.689568       7.105542   1357.722778 -199.119385  12.080888  3.230520   62.832516
423  120.634331   1.135031  139.774261  0.347284  1.980826       8.900893    863.328125 -159.344742   7.539904  2.817763   72.914619
424  118.135170 -13.739789  143.773468  0.331546  3.757687       5.810926   1549.116333 -205.474564   9.181223  2.777243   72.343575
425  114.043480  12.511725  142.132202  0.303525  2.041939       8.081586   1443.263306 -175.813995   6.642204  3.978085  114.862648
426  116.558914   1.039308  142.629089  0.309951  1.843941       8.154933    990.749939 -119.837357   8.374159  2.925935   76.147194
427  120.544586  12.680000  138.241074  0.296393  1.637023       8.087569   1195.498169 -185.072113  10.693312  3.671918  122.608665
428  129.221069 -18.628601  121.433792  0.319974  2.339348       8.159988   1429.714478 -162.630890   9.085602  3.994992   66.302956
429  115.536270 -12.854048  131.680450  0.349674  2.678328       8.304372   1069.440308 -172.081406  12.647219  3.548768   59.823727
430  122.385002   5.484768  128.560486  0.345329  1.417512       5.591748   1808.000000  -89.901901  10.584957  3.236779   94.897545
431  127.599251   5.304675  128.513474  0.331106  3.076736       6.257543   1399.217163 -163.528519   7.643733  3.997261  128.752045
432  118.574760  -8.082574  137.863678  0.318111  3.138940       6.476221   1242.102905 -224.387405  10.838260  3.438935   99.959358
433  117.753464 -10.598320  134.224609  0.341479  2.593266       6.118714   1944.823120 -185.200897  10.850835  3.260201   51.884148
434  108.389839   5.250030  144.307556  0.345573  2.408434       6.787089   1521.564697 -146.373169   7.639748  3.630527  172.989380
435  110.717865  22.272463  138.923187  0.276283  1.531717       8.716101   1576.722778 -209.367752   9.347274  3.385625   75.789948
436  124.437599  21.798590  119.833000  0.253239  1.771218       8.000416   1690.854614 -179.343079   7.488407  3.750680   70.437248
437  122.777992   5.700334  139.020462  0.320136  2.845454       9.110507   1043.713135 -131.865631   6.790190  3.686756   83.074692
438  126.420624  -3.262678  127.452499  0.305766  2.626539       9.784133    792.680969 -209.587189   9.358890  3.490954   73.218582
439  117.290802  12.945644  119.020218  0.335585  1.910663       7.410912   1221.774292 -160.942734   6.995186  2.942543   66.127693
440  110.267883  16.314795  124.931389  0.323387  2.966634       8.700877   1021.447083 -204.947556   5.593248  3.383199   72.050117
441  116.977303   9.530335  145.639725  0.275983  1.652756       7.596925   1934.375854 -206.324921   9.922421  3.924813   69.545700
442  106.892296  18.334845  148.200439  0.294547  1.168200       7.650105   1794.729370 -203.021790   9.377627  3.085426  142.371185
443  111.994385   3.722952  133.956360  0.335434  3.018152       7.419142    987.119507 -195.339981  11.024301  3.266098  110.895241
444  127.195084  15.215617  115.028877  0.311297  1.516650       9.590239    703.539490 -194.643387  10.681786  3.147081   62.332760
445  112.598663   4.560899  132.736954  0.301997  3.297092       9.253122    707.469055 -233.182266   9.139019  2.959890  100.662613
446  115.427628 -10.691625  138.674316  0.343548  2.736876       7.009628   1343.468872 -176.281357   9.217124  2.897018   82.886238
447  120.710136   9.364731  123.748070  0.319645  2.306521       5.553226   1841.430298  -63.108749   6.844477  3.300087  122.130348
448  109.291016   6.159356  125.639450  0.342839  2.801258       7.143634    985.691162 -197.037216   8.777722  2.531662  103.891167
449  114.271797   7.825359  142.928619  0.299550  2.379462       8.411538    945.455566 -213.945297   8.319854  3.563389  103.712112
450  114.785164 -11.258381  140.086304  0.347974  3.702288       8.894241    852.835876 -194.718460   7.464585  3.199939  101.499001
451  115.792068  23.612923  118.233627  0.301813  1.862998       8.884252   1503.270264 -129.568283   7.839298  3.593738   72.487869
452  121.490707  10.666509  147.564713  0.312341  1.637899       7.077936   1332.939087 -127.989487   8.774155  2.849121   90.860947
453  118.275986  -8.271308  136.554871  0.324856  2.848775       6.952203   1630.954102  -94.700111   7.383641  3.715693   92.781342
454  126.008026   3.954345  117.814835  0.347141  3.564077       9.600960    838.849609 -231.988037   7.028626  3.495664   52.450069
455  120.194176  11.005698  131.350220  0.313398  3.021905       7.101925   1113.080444 -202.064850   8.907572  2.724163  127.316246
456  111.912834 -20.329983  149.336716  0.333688  3.193303       5.936634   1622.624146 -108.278885   5.775296  3.090648   56.225758
457  114.443512   7.504610  138.061859  0.308799  2.028385       7.788964   1654.785522  -62.843864   7.057068  3.532583   71.317131
458  111.794861  -8.291613  130.783310  0.346706  2.961366       8.168759   1194.448364 -115.850449   7.660742  3.497303   82.216972
459  124.840240  -0.009423  131.656235  0.313961  1.766181       5.311869   1539.319946 -246.535446  10.583342  2.884931   70.619087
460  123.295029 -18.520350  125.067253  0.331028  3.176781       5.796506   1466.361572 -144.308289   8.673606  3.011255   57.419563
461  105.045395  20.486164  145.093781  0.322755  1.056479       8.544647   1529.683716 -228.429535   9.265031  3.194780  193.708878
462  125.900063  20.591194  107.734406  0.293199  1.506165       8.080803   1900.175293 -108.618088   6.789665  3.998204   61.346870
463  124.722565  -7.548129  120.915703  0.340765  1.608672       6.678376   1614.839355 -129.853958   8.637227  3.995073   57.389259
464  122.525398  -0.122191  123.225471  0.291703  3.432409       8.300014    851.428528 -219.322571   7.997670  3.177896   57.684032
465  121.277832  25.122730  109.914230  0.338420  3.817114       6.278204   1416.895508 -224.409348   7.326564  2.809397  142.587952
466  111.708580 -12.800085  136.832672  0.339188  2.367295       6.616090   1799.984497  -63.643887   6.055845  3.823940   73.332779
467  112.393776   2.194346  143.798676  0.337416  2.393946       6.850437   1164.180176 -184.766159   7.054480  2.441860   92.877289
468  114.247665  26.576862  120.172737  0.347290  2.449878       8.496601   1090.051392 -237.302872   8.386991  2.989085  136.389908
469  124.111801   2.067604  125.962975  0.334818  3.405232       6.270261   1414.210571 -186.225998   7.081447  2.947682   85.102966
470  121.964485  11.098738  122.089005  0.323927  1.443937       6.310620   1501.912109 -131.715790  11.239014  3.241379   70.846085
471  119.890640  22.997105  119.802948  0.291879  2.987746       6.607889   1690.216675 -166.858215   6.374002  3.873388  130.248413
472  107.540268  20.070284  141.046448  0.313606  1.239395       7.425178   1263.015381 -150.730331   6.626634  1.948103  116.381233
473  111.369972  14.723064  124.902466  0.295918  3.226636       6.885682   1728.445801 -178.367889   7.770571  3.741583   97.605484
474  114.506439  -0.771084  144.324554  0.345117  2.451515       8.593378    769.963562 -140.025040   7.788614  3.366883   77.420235
475  116.159538  -9.408776  137.648651  0.319594  3.168570       8.392876   1058.530884  -96.270714   7.207419  3.365810   58.133186
476  120.406624  19.985067  138.482468  0.315511  3.604167       8.382734   1036.715820  -78.307274   6.945232  3.913325  185.984467
477  112.635643  19.626686  140.927231  0.320809  1.247560       5.063526   1653.130859 -156.018814   8.686084  2.925244  200.265991
478  118.164085   6.494981  131.473663  0.330217  2.067962       5.843199   1124.221802 -175.560013   8.575613  2.405462  118.331383
479  126.339088 -14.300047  124.628334  0.343648  1.884739       9.182594    887.942749 -172.221069  14.758994  3.751031  102.984741
480  127.283379  17.921478  121.246895  0.294213  2.508249       7.445817    929.677673 -239.469025   7.754887  2.620446   97.076561
481  117.405342   8.783422  124.230263  0.338830  1.944598       6.744506   1859.102051 -135.559753   8.447104  3.306544   50.832298
482  117.417961  19.206434  132.666565  0.313488  1.629821       8.913763   1257.949341 -238.800278   9.318774  3.839480  140.426407
483  119.383995  -2.691128  151.150055  0.329987  2.366191       7.486698    756.606262 -174.431946   9.765865  2.410423  108.055161
484  104.959831  -3.530702  129.046555  0.283821  3.887254       5.839159   1727.817017 -111.176414   7.615425  3.818338   64.378410
485  109.124046  12.567343  144.466949  0.298455  1.440661       8.387256    985.799683 -234.689499   7.599348  3.135260  132.288528
486  114.529640   6.830100  134.171295  0.337822  1.938600       8.017448   1186.649658 -126.041580   8.091597  3.889070  127.302780
487  119.984505  22.877699  124.761284  0.332735  1.241026       8.687698   1084.563354  -84.329178   6.116310  3.842292  140.697052
488  128.110519  15.001264  125.053467  0.338127  2.503188       7.465002    746.149109 -173.305801  10.162853  2.071834   86.193253
489  120.494713   9.057679  118.063240  0.321147  3.108140       8.750608    918.277649 -177.248764   7.210729  3.404223   69.721069
490  115.372353  -0.499146  126.824692  0.347049  3.626067       7.667558   1005.608337 -247.425354   6.970470  3.053031   60.547737
491  124.499107  -3.093257  124.113396  0.313089  2.155384       7.350626   1318.166748 -107.778900   9.616834  3.998344   63.381691
492  119.332321   1.784905  124.896919  0.334335  2.851389       7.463089    922.862976 -139.538177   8.171025  3.630436  116.659485
493  121.508430  -5.210949  104.570168  0.345786  2.260036       7.112230   1254.485718 -177.620270   9.147807  3.984098   72.504814
494  132.104141  -9.305179  140.295624  0.341849  2.002493       8.127684    949.521484 -185.444458  10.986875  3.322469   81.842812
495  128.304062  -8.024226  125.462410  0.338033  1.308449       8.161116   1263.325073 -146.893509  14.288280  3.648101   86.776360
496  135.603745 -18.429831  129.922241  0.321672  2.073387      10.252873    726.051636 -222.848724  11.416312  3.654509   67.761665
497  131.533188 -16.249701  123.598526  0.347115  1.530784       7.554983   1322.733643 -211.000076  14.017571  2.917247   51.652870
498  116.542641 -10.202561  143.930771  0.342143  2.221840       6.550775   1407.825806 -168.077957  10.498631  3.393968   69.789078
499  121.809189   9.835200  120.556320  0.307494  1.599294       8.428560    913.496399 -108.030281   8.746240  3.998156  102.169350
500  130.831390  -2.908283  143.753922  0.323784  1.440596       7.957319   1018.018677 -215.853455  12.370051  2.735573   65.613747
501  115.584023  28.558197  124.740997  0.316409  2.165217       8.974116   1091.850342 -239.258392   7.942050  3.095396   89.059380
502  114.533966  -5.389267  142.989334  0.342022  2.688243       6.021092   1536.357788 -198.794266   5.970122  2.588404   65.698128
503  108.588898  -3.368614  136.044785  0.338987  2.573667       7.278411   1541.903564  -64.158867   6.609693  3.391533   89.824615
504  127.683235  -8.494202  146.656021  0.326098  1.886749       5.381126   1383.820679  -80.550018   7.870479  2.375595   76.520424
505  109.305901  14.822675  129.526199  0.291213  2.998257       6.497243   1680.491089 -214.503052   6.232938  2.848343   70.690994
506  114.745476   4.119797  132.695419  0.341462  2.349304       5.786489   1562.462891 -233.027039   9.244882  2.788754   77.173195
507  119.337273   2.009316  134.402298  0.328321  2.278996       7.736648   1722.958252 -170.558701  11.173518  3.927414   74.953171
508  122.292038   8.481409  131.161072  0.323766  1.442433       7.600490   1291.147095 -185.185928  11.255589  3.468712   89.818764
509  116.958229  25.713202  125.833763  0.302533  2.321962       7.467385   1777.665283 -109.595589   5.238622  2.970910  115.595001
510  118.974609   7.976001  119.621613  0.336013  1.858914       7.733481   1696.208984 -100.516502   9.279076  3.742268   65.528687
511  113.359627  24.294813  135.225174  0.262209  1.955734       6.497553   1530.514648 -219.240692   7.410891  2.110633   63.820721