            lon        lat         inc      D1AU     delta  launch radius  launch speed    t factor       B1AU     gamma         vsw
0    136.662659 -15.825557  131.903381  0.335918  1.344561       6.433723   1411.358398 -124.938248  14.599608  3.250706  102.155937
1    128.279297  11.309516  115.475311  0.332737  3.106189       5.605476   1945.705688 -197.471954  11.734887  3.416222  115.362579
2    125.182053  -2.355637   94.758705  0.313758  1.985315       9.167498    766.317322 -153.173172  12.966344  3.480622   73.888695
3    125.122498 -25.150370  121.503548  0.346776  2.944218       8.221532    880.498230 -220.507233  12.710468  2.440212   59.762993
4    137.709259 -18.557535  117.543510  0.349741  1.758178       9.044878    938.880127 -153.194839  13.883629  3.808436  109.315941
5    126.484306 -29.927048  132.015717  0.348571  3.362966       6.642341   1387.440430 -175.599670   9.010144  2.911674   58.146095
6    129.224548   0.104829  113.814636  0.336668  1.716593       8.421107    974.788879 -172.740677  12.306519  3.430385   83.784546
7    122.127991 -24.049864  122.765755  0.331499  3.506748       7.092300   1037.594849 -123.647858  12.240186  2.987613   60.368633
8    127.718781 -14.969130  111.496262  0.333816  1.461087       9.214727    705.175171 -201.801849  15.555419  3.649576   79.177048
9    109.951447  -0.695202  116.990997  0.330655  2.964939       8.518949    723.246765 -228.710419   9.298450  3.938074   85.159401
10   150.105331 -17.439003  135.924774  0.333546  2.105548       7.270836   1943.007690 -180.843109  12.761607  2.703029   54.040684
11   133.213455  15.651764  122.551277  0.299615  2.228478       6.570829   1436.203979 -127.747513   9.168483  3.393986   91.014641
12   127.424782 -14.399299  119.450066  0.320388  3.341183       5.472534   1851.887573 -198.865128  11.397867  3.678312   87.272423
13   120.367332  12.509662  142.442871  0.318959  1.148538       5.581377   1574.301758 -161.019119   9.502507  2.133383   62.044727
14   123.762550 -13.309913  122.561523  0.305326  3.378687       8.407768    969.031921 -145.141861   9.132634  3.963062   89.040451
15   120.325134 -12.355406  109.776558  0.329272  2.515596       5.173669   1940.928711 -176.673523  11.059635  3.509374   55.630711
16   134.844772 -11.430351   97.812996  0.349966  1.029131       7.750176   1038.436035 -204.535400  17.286680  3.076205   80.528351
17   137.196472 -14.632757  132.416031  0.344351  1.628137      10.410162    798.515076 -139.688034  11.332114  3.297480   78.717361
18   118.274422  -8.975699  115.429680  0.310818  2.445485       7.638666   1028.011841 -167.444534  13.489959  3.752459   63.598049
19   144.844345  -6.802864  127.148407  0.332704  1.234104       9.728546    823.140930 -195.401535  13.992227  2.718817   77.936890
20   126.163254 -11.987741  116.747871  0.344303  2.778868       6.128906   1392.137207 -217.128296  12.602172  2.558721   81.815697
21   121.309967   7.916347  110.476646  0.328864  2.045672       8.416501   1062.826294 -141.441330  11.862541  3.598747   59.948757
22   128.583633 -18.406269  110.836777  0.340099  3.140197       7.969672   1289.200928 -230.724884   9.870303  3.769543   90.367302
23   132.949600 -12.770154  131.243500  0.345080  2.632292       6.978224   1654.674438 -165.699844  11.024422  2.903508   85.974777
24   119.480736  14.252771  117.534691  0.301407  1.696603       7.717942   1209.320679 -140.891571   8.545893  3.791124   97.465584
25   137.347504 -18.400644  112.214081  0.332726  1.400946       9.336773   1444.794312 -152.293274   7.423085  3.994105   80.553116
26   113.951744  27.237602  127.229820  0.340009  1.260388       9.858848    894.277344 -184.355957   9.762446  3.200880  150.275345
27   126.804787 -15.034931  131.352600  0.318998  2.965973       7.421515   1096.447144 -125.655426   8.351958  2.841254   57.531826
28   122.054237   6.602518  109.446365  0.337723  2.475035       5.934560   1610.269409 -155.195297   9.204496  3.283000   81.278633
29   137.474991 -24.940422  118.141670  0.344490  1.793533       8.637879    832.948120 -217.910156  15.852293  3.185426  116.678680
30   132.841263  10.230161   95.335342  0.324150  2.521215       8.081274    966.709106 -167.583237   9.916397  3.445208   82.110237
31   132.351608  -4.216619  117.486420  0.311764  1.270186       9.782742    804.403931 -173.794586  14.586701  3.669345   82.361084
32   133.907562  -1.441813   92.119583  0.322903  1.179979       7.795565   1080.752686 -146.968109  16.075249  3.709007   89.799362
33   125.937057  -0.853967  113.559578  0.341216  1.915025       8.239618    990.806519 -115.877632   9.171639  2.572973   68.441200
34   121.629417  21.757139  126.442871  0.292102  1.255769      10.912133    799.592651 -204.060791   9.585260  2.543560   59.370090
35   140.183701 -17.866962  101.226845  0.292735  1.882028       7.197845   1955.964111 -174.853806  11.805738  3.946405   86.032516
36   127.669624 -20.778482  112.311333  0.345711  1.866617       5.954041   1827.854126 -227.828781  16.523756  3.368990   65.448982
37   125.103554  -6.894135  113.198044  0.337570  2.697180       7.592599    788.310181 -182.642181  13.400961  2.507130   80.829483
38   120.115334  -8.119487  114.344620  0.342742  2.885686       8.504107   1243.195312 -199.965698  11.262974  3.366405   52.683506
39   133.639954  -0.186211  123.085449  0.337272  1.077525       6.651704   1551.226685 -122.207550  13.470674  3.076486   74.740524
40   118.295326 -18.436642  143.784927  0.339175  3.818688       7.666804   1152.810303 -180.618713   7.999003  2.664078   52.899418
41   127.200066   8.158160  134.836456  0.305306  1.121325       8.711672   1077.626831 -194.038773  13.909351  3.914608   78.327591
42   141.686996 -10.722099  132.252533  0.344105  1.004847       9.604574   1448.764404 -144.187042  11.799206  3.662364   56.578327
43   127.641853  17.897587  113.119621  0.316318  1.531849       7.246071   1741.128174 -221.867813   9.231328  3.660295   67.506233
44   117.041504 -13.270329  121.721657  0.327766  2.328807       7.144729   1540.747681 -239.357925  17.310226  3.753673   53.565742
45   132.591751  -4.185878  114.696533  0.342843  1.261051       5.105356   1865.138916 -156.709183  13.702259  2.983104   75.552940
46   144.511047  -4.460928  121.311440  0.307579  2.016703       6.692535   1458.898193 -100.550385  11.734529  3.325798   96.885635
47   124.961601 -11.709564  128.817276  0.319670  2.048717       5.968264   1901.153931 -148.584183  10.530264  3.965148   86.276321
48   135.832062 -18.236841  114.712700  0.334593  2.366581       7.508190   1430.008179 -151.467804  12.007560  3.232666   97.204903
49   125.373505 -16.835196  126.333969  0.347968  2.573940       8.275869    728.199585 -197.908310  12.358781  3.607491  148.340897
50   122.237167  -8.241845  113.461456  0.330516  2.449400       9.300515    796.929199 -195.324753  10.233317  3.241537   56.229393
51   139.457245  -6.694160  132.792389  0.331412  1.453051       7.753714   1488.501709 -154.989655  12.996220  3.310408  107.034561
52   119.916397  -8.033783  114.385841  0.321283  3.017395       7.981718    950.419617 -186.095612  13.172081  3.315880   55.125481
53   117.670006  -5.700890  111.656235  0.327692  2.531930       7.156111   1348.108276 -197.170532  11.324616  3.807107   71.940727
54   127.046875 -14.212857  105.898438  0.303773  2.294599       7.100786   1436.695923 -149.679993  12.426846  3.925465   66.249199
55   127.605682 -20.486137  137.593201  0.349704  2.159468       7.838516   1339.089600 -170.314667  11.150476  3.459023   96.344307
56   134.500610  -3.562107  118.809029  0.338031  1.386807       9.842546    784.445923 -104.938446  10.822110  3.349834   99.510193
57   142.777817  -8.749615  121.802223  0.328276  1.157397       8.346880   1897.815552 -133.297836  14.976368  3.727592   82.909912
58   124.138008 -10.424509  131.089676  0.344305  1.910244       6.979878   1695.779053 -111.573341  10.287078  3.873113  106.943062
59   136.772705 -22.822281  112.859581  0.345134  1.682990       9.290595   1017.770569 -165.487030  11.436082  3.455791   72.174217
60   129.165604   6.772386  123.151321  0.321308  1.155800       9.191858    834.580566 -164.900131  16.029440  3.338013   65.663528
61   133.572556 -11.139256  110.997276  0.324370  1.246837       7.795322    911.061523 -109.372955  11.021673  3.960385  107.758652
62   139.730377 -21.126299  111.871597  0.333239  1.413169       8.084601   1448.600952 -179.724472  15.152420  2.923022   72.403419
63   130.247116   5.140421  105.673500  0.328994  1.810917       8.435726   1251.639282 -154.267014   7.943051  3.165829   57.127079
64   121.504387   1.009400  117.074577  0.340457  2.394056       7.021292   1072.619629 -112.189690   7.301929  2.495435   82.090210
65   128.461548  16.324074  109.929031  0.336819  1.108321      10.245095    773.525391 -221.911255  19.617643  2.978261   61.657269
66   127.190582   5.266211  136.137680  0.347648  1.116929       8.754155    991.332886 -142.444611  14.088438  3.495741   63.249931
67   122.582024  -2.652151  111.846809  0.312201  1.849441       8.284567   1038.373291 -168.464340  13.328552  3.240537   56.447598
68   136.437225  -2.933295  121.355270  0.326278  1.113998       6.442590   1623.967041 -191.308868  17.512579  3.821005  102.788597
69   123.414223  -1.225664  127.399498  0.346413  1.842604       8.394650    939.611694 -128.449051   9.642126  2.619974   97.658272
70   123.356956   9.212095  118.955742  0.284252  1.815084       7.125569   1219.479370 -109.116959  11.530365  3.345442   64.244781
71   137.060669 -25.111216  126.119408  0.349981  2.367032       7.910221   1507.518677 -115.855591   9.354095  2.877553   64.764099
72   126.546715  16.399979  108.624245  0.329667  1.480346       7.690745    933.897644 -147.390320  11.475576  2.547210   81.646278
73   133.817093 -11.014472  122.814125  0.335193  1.575496       9.559155    743.595093 -215.795990  14.744271  3.894269   87.837730
74   124.198746 -10.764114  111.653122  0.325790  1.804994       8.694361   1018.842102 -146.715836  13.873334  3.342452   50.659153
75   134.799164  -3.233415  113.245911  0.333558  1.118503       5.775980   1958.761963 -150.178619  14.132584  3.876256  128.307938
76   122.218307 -22.606310  109.293373  0.334946  3.474087       8.908327    912.543762 -204.756790  11.438865  3.481913   66.182716
77   129.476730 -14.781879  136.938141  0.313347  1.674224       7.252326   1477.468140 -117.336823  11.605085  3.279896   51.202110
78   121.566238 -11.461500  118.512032  0.335859  2.024292       7.059794    992.695557 -239.279404  18.548552  3.064274   84.132301
79   132.451843 -17.732792  116.558907  0.323146  2.019746       7.127849   1481.076782 -198.365204   9.744161  3.742425  102.972969
80   136.284348  -7.916212  109.361443  0.336057  1.568005       5.560738   1735.896851 -129.940796  12.443897  2.962475  111.576118
81   135.701569  -9.634111  133.560043  0.317543  1.502832       8.702087   1236.396851 -168.434464  15.736807  3.608588   67.459015
82   139.387985 -16.777615  119.438728  0.342859  2.116279       8.566745   1033.693359 -153.200134  11.331344  2.797457  109.214134
83   130.163239  14.394567  117.997681  0.339262  1.339202       7.881896   1010.272888  -72.012497   8.345650  2.919862  142.293198
84   121.424011 -20.218863  116.357254  0.342507  2.511723       9.131279    805.745178 -198.865936  14.005216  3.981128  100.624161
85   124.991211 -15.266052   93.235199  0.347228  1.587250       7.937986   1211.785278 -137.745621  14.670177  3.761948   62.248306
86   120.014465  -9.928873  110.348824  0.329917  3.306046       7.965302   1010.592590 -173.846329   9.237804  3.753712   97.826180
87   134.175400  -7.615951  117.097534  0.312121  1.603287       8.310968   1137.648804 -113.704796   9.960832  3.815087  106.937546
88   120.077812 -22.183306   92.785759  0.348942  1.941448       8.962050    732.916748 -243.219467  17.328638  2.544160   57.152561
89   126.208908  12.668923  112.365784  0.340001  1.562443       5.752818   1677.515869 -131.644363  10.966339  3.158968   73.277176
90   137.270630 -10.754364  108.038734  0.307586  1.624526       7.252420   1719.936401 -238.865692  15.264442  3.766843   70.404572
91   120.099365  11.770671  125.483925  0.343083  2.099831       9.578506    801.569397 -158.786682   7.867292  3.452384  125.500015
92   132.964096   3.774670  104.987206  0.310340  1.483974       7.800512   1879.397827 -173.562134  13.182703  3.976769   50.978783
93   119.432190   1.313497  119.459236  0.347639  1.988980       7.546912    975.344421  -81.362122   9.597611  2.570321   80.364067
94   123.048241  14.198684  121.562241  0.345607  1.237296       6.879402    912.727905 -138.996231  11.277169  1.746141   61.817707
95   137.557724 -15.663583  113.954407  0.325457  1.020894       6.983625   1199.157837 -203.451797  20.662169  3.002061   83.986671
96   127.779129  -0.785557  119.765030  0.316140  2.576462       8.709926    757.959106 -182.341782   8.444849  3.098879   91.984421
97   110.232208  10.508190  127.142334  0.332900  2.639415       8.538664    851.653625 -166.452133   6.391197  2.935390  118.859924
98   113.430496  12.300087  133.295135  0.340439  2.213751       6.224957    980.401428 -151.915192   9.804996  1.698331   85.338394
99   122.221848  -6.811581  133.290039  0.343235  2.178424       5.005565   1892.750488 -126.018417   9.477763  3.338180  111.115677
100  116.725784 -10.897458  119.527496  0.319870  3.426578       6.886845   1447.526245 -149.324387   7.800230  3.583792   50.195969
101  129.504883  13.402519  109.059090  0.325053  1.481189       7.683885   1514.283691  -93.505127  11.364907  3.484507   87.359581
102  127.975426   8.578895  125.254921  0.339768  1.362109       9.269971    936.429443 -210.207794  10.721998  3.230653   66.806824
103  124.020111  -6.323909  116.846313  0.343779  2.607166       5.767125   1804.809692 -174.556458   8.995576  3.903529   77.491631
104  123.213043  -8.620255  116.715187  0.347002  2.785473       6.667383   1201.187866 -167.327240   9.385498  2.741833   89.111565
105  136.338974  -0.815510  115.586960  0.312084  1.118443       6.968307   1495.948975 -151.174805  14.243072  3.541704   74.883842
106  113.122536  -8.762761  128.216431  0.325412  2.937697       8.846220    943.100647 -141.553207   7.082195  3.160283   54.003620
107  131.402557   3.973116  115.967857  0.323640  1.308795       8.107739   1069.917847 -108.062462  11.909516  3.938763   58.766697
108  134.792160  -0.238303  123.980522  0.331550  1.633579       8.716183    716.359924 -179.891495  10.370488  1.923667   60.445908
109  137.270844  -4.018670  110.262161  0.318340  1.068306       7.125821   1141.941406 -124.107986  15.749862  2.562119   56.241436
110  129.814392  -4.479862  108.478485  0.349874  1.374842       7.014612    920.132935  -76.750412   9.949662  3.485854  153.130936
111  135.169724 -23.890793  111.245010  0.345518  1.446359       7.413728   1916.189209 -228.922882  19.776094  3.419457   57.971268
112  137.582596 -19.971573  106.486763  0.337977  1.204615       8.315203   1569.689331  -95.432304  11.067099  3.318240   71.181335
113  120.367897  -4.442068  113.974098  0.344738  2.423448       5.146924   1705.909180 -157.721634   9.823704  3.086459   79.839516
114  123.357544 -19.171061  114.938103  0.345360  2.148422       9.555713    829.656128 -110.525703  11.415602  3.540524   62.432838
115  129.785919 -25.654465  117.984619  0.339371  2.166252      10.070827    774.173157 -226.679047  18.691050  3.645628   60.114040
116  132.849472   7.370162  111.278931  0.328830  1.309543       7.282070   1592.661987 -166.424545  11.633238  3.695554   62.940502
117  131.328857 -12.574276  109.107468  0.330475  1.392227       7.212820   1107.648193 -206.552017  14.247858  2.801900   57.333618
118  139.353622  -4.338717  130.365112  0.306455  1.527372       6.088306   1671.467163 -105.411926  11.511897  3.106456   88.702286
119  134.133163 -13.292882  128.057678  0.342045  2.060112       6.055543   1198.360596 -161.150131   8.933793  2.995216  122.193787
120  129.707153 -11.808113   96.016853  0.349942  1.078734       7.552168   1782.446289 -110.462456  11.429571  3.503907   53.671738
121  129.920319  10.041822  114.833244  0.332887  1.307703       9.424737   1024.458008 -148.224579  11.160867  3.804285   86.085350
122  133.943985 -20.920937   91.568764  0.332575  1.123866       7.177377   1944.077026 -215.042862  16.260710  3.454727   57.312397
123  120.213013  19.246084  127.539780  0.309894  1.321076       9.032222   1390.256958 -230.705673  13.097723  3.459461   83.642830
124  119.060844  -1.252517  118.485229  0.321753  2.750433       6.820304    945.155884 -216.622955  11.941609  2.695065   71.550545
125  130.655258 -10.242168   93.885887  0.349841  1.077471       8.142976    956.637146 -220.132538  22.541248  3.018192   54.896885
126  116.734528  16.153109  120.691940  0.330341  1.684512       9.991035   1041.948608 -244.802704   9.661288  3.762412   60.646782
127  119.716797  -7.843652  125.891388  0.346162  2.593651       5.671044   1914.861938 -161.343018   9.427682  3.976136  118.178375
128  136.716156  -3.476789  121.924553  0.307525  2.296308       5.638095   1582.414917 -143.600586   9.365834  3.496917  114.464340
129  123.229027  -5.543376  127.610397  0.319544  2.346441       8.271251   1270.786499 -186.798431  11.513452  3.940574   71.560219
130  132.185196 -19.091906  132.080887  0.314723  2.611549       8.823013   1196.300659 -180.160324  12.998155  3.792610   60.425385
131  129.479523  12.042758  119.487724  0.334602  1.297683       6.545400   1497.439453 -226.032425  15.013107  3.495199   95.167427
132  126.960533 -12.396020  123.061989  0.326623  3.446280       7.294672   1259.095337 -227.770752  10.866125  3.584946  108.350731
133  121.354523  13.390459  105.739365  0.348645  3.175176       7.941607   1145.434204 -177.425964   8.714812  3.140776   63.264996
134  129.542175 -10.857515  126.383232  0.344601  2.387045       7.235942   1464.822876 -224.806412  11.401226  2.943209   80.139198
135  129.300842 -14.180696  125.113640  0.311325  2.639853       8.458646    973.360962 -244.546066  13.719124  3.732414   86.218491
136  135.767059 -19.874226  128.847900  0.349502  2.234324       7.877238   1080.021729 -155.853622  10.549059  3.116569   82.716446
137  128.096344   8.899387  124.015587  0.320203  1.610103       5.363487   1955.142944 -152.563156  11.883450  3.436020   96.079369
138  121.628555  14.380549  132.570114  0.326022  1.218490       9.551750   1075.895752 -214.353271  14.729415  3.443845   83.943481
139  140.102539 -11.286233  124.962387  0.329002  1.160055       9.008307    747.592773 -159.224503  14.123182  3.646223   91.520271
140  124.373848 -10.906403  112.932686  0.328116  3.147069       8.419504    866.314636 -162.011520   9.172279  3.466008   86.834335
141  138.828735 -10.369589  112.838760  0.308907  1.363318       8.392706   1142.399048 -179.800079  13.725083  3.520552   88.137283
142  135.610596 -19.670256  112.825157  0.342774  1.386458       7.926572   1235.710815 -249.743149  18.182375  3.336905   58.274609
143  127.940468  17.822180  112.347115  0.329039  1.537001       6.852246   1887.689575 -191.423157  10.645440  3.375816  107.561562
144  115.634483  -4.751936  111.285744  0.341493  3.081752       5.874406   1412.274780 -178.105225   8.155720  3.415695   79.614822
145  136.299255 -17.749332  128.609268  0.321434  2.050431       5.483813   1900.110596 -157.467941  14.361341  3.430099  110.047791
146  128.540222 -15.233608  113.360023  0.345564  1.864555       8.671604    734.554688 -106.650490  10.452210  3.138662  103.072708
147  118.050171 -10.732420  133.150665  0.346115  3.246488       5.645558   1563.658081 -227.941589   7.058989  3.593276  119.359367
148  123.959381   9.526039  121.360397  0.295192  2.222865       9.296511    944.176636 -154.060455   8.149019  3.348443   85.041183
149  136.883301 -28.816830  108.700066  0.347172  1.427318       9.969646    850.824585 -200.540161  12.816690  3.856703   97.013535
150  131.055923 -23.301182  130.837952  0.333412  2.935764      10.570747    836.788330 -143.854492   7.701850  3.240944   51.541248
151  119.487038  11.648190  130.919022  0.317969  2.597151       7.166829   1363.893799 -178.466782   6.219808  2.252226   72.701920
152  131.647491  -2.143742  121.470963  0.295990  1.254191       7.012688   1696.450562 -166.623871  15.040278  3.682111   60.243988
153  125.482994   3.467201  120.159592  0.331316  1.273711       9.096795   1065.415649 -125.099663  10.016940  3.285283   50.711113
154  137.753113 -21.198910  111.707375  0.341756  1.208093       9.143457    953.109863 -118.970467   9.735491  2.851317   60.395973
155  132.976715 -21.377342  116.204346  0.335739  1.788318       7.275296   1974.715210 -248.862686  14.368862  3.653806   72.167244
156  118.788124 -16.862043   96.789200  0.312221  3.617623       8.766834    811.328064 -248.644333  10.795740  3.800039   63.021671
157  117.769409  -9.491562  114.705605  0.328842  2.181889       8.646713    896.384338 -221.324326  12.262037  3.504248   53.947994
158  119.165337   4.081301  116.086655  0.336528  2.603160       7.555713   1495.662720 -222.986633   9.693313  3.671988   65.792976
159  121.865379 -17.986561  114.295578  0.345348  2.442321       6.689312   1693.075317 -221.554733  13.737886  3.895073   94.879776
160  120.488167  19.069868  124.650017  0.317552  1.114211       7.994998   1848.035278 -233.306412  10.131017  3.863802   86.503624
161  121.097168 -15.160296  103.524216  0.343582  3.035245       6.604949   1038.090210 -193.914886  14.322193  2.639115   72.862030
162  126.765060 -18.926546  128.550629  0.338302  3.087919       7.788174    945.197144 -245.039017  12.621437  3.432122   83.321259
163  121.245338 -14.248169  106.608459  0.335578  2.451488       6.954129   1174.428955 -181.045197  11.834197  3.251606   83.558220
164  124.179749  -6.673987  122.885536  0.314398  1.925181       6.014607   1207.869751 -143.166519  10.524103  3.054612   84.016060
165  134.284592  -7.757054  112.703552  0.328459  1.001081       7.430055   1121.332153 -202.651245  20.071978  3.364368   70.188522
166  118.391579  -4.371445  119.354843  0.315530  3.819894       8.787626    788.240662 -234.421997  12.245581  2.960942   64.351768
167  135.331039 -22.760021  121.688347  0.345210  1.650331       8.446390   1093.120850 -152.265839  13.273067  2.722320   53.069569
168  119.042343  15.964602  111.173119  0.296714  2.994432       7.647086   1281.226562 -139.910797   6.800916  3.849389   83.036964
169  116.146477  12.877829  125.468063  0.313171  1.575179       6.786992   1543.597046 -246.914978  11.974544  3.884186  102.580498
170  134.810501 -21.186506  117.628021  0.327258  1.631910      10.022573    781.170227 -234.058121  19.455610  3.973137   81.023537
171  123.516411  -4.082025  122.093132  0.304865  2.360537       6.296129   1701.456177 -157.681046   9.998563  3.614223   72.561356
172  134.205292 -18.826794  125.572342  0.332903  1.435341       6.630463   1509.056030 -167.252899  14.534959  3.231052   84.133369
173  129.069870 -15.595537  128.027740  0.336856  2.330670       7.261470   1009.563354 -150.149902   8.884098  3.444799  136.098373
174  133.377701  -0.855684  119.279068  0.327575  1.591567       6.027972   1977.428711 -204.481323  10.903937  3.577629   56.472145
175  125.030510   6.407576  124.157654  0.314870  1.681210       7.976474    868.974304 -154.759109  12.312394  3.215190   95.364120
176  119.230919  -2.026994  121.913261  0.339320  2.979857       7.358387   1040.929565 -185.285934   9.797278  3.364049   92.496483
177  120.109291   9.605626  136.572128  0.294803  1.248665       8.715323    883.060608 -154.186920   7.656482  3.307080  104.282799
178  124.409515  -8.096601  136.828705  0.320490  2.881864       7.138396   1078.969482 -189.058029  12.164522  3.727488  118.500290
179  124.408257 -19.844822  121.658798  0.336102  3.532583       8.891234   1117.482788 -242.188492  12.328468  3.357595   62.639629
180  122.034698  -3.425348  117.397873  0.332231  2.383044       7.637124   1354.351807 -149.337875  10.507170  3.804884   84.433098
181  122.015800  -8.028493  122.850723  0.334079  2.349467       6.140274    938.923401 -139.593933  10.633252  1.814957   51.255581
182  123.534081  10.587696  129.738251  0.348423  1.319841       9.370804    868.525146 -149.222183  11.320280  3.397732   62.612190
183  121.370087 -16.593094  112.316277  0.336453  2.536674       6.844453   1084.210571 -137.880936   8.379892  2.811671   69.971016
184  125.376343  -9.518139  114.872139  0.329673  3.198099       9.659601    825.090027 -229.674805  12.782781  3.880258   99.798927
185  134.741180 -22.078768  117.371849  0.318554  1.657579       9.953120    732.628052 -145.041306  13.729035  3.220031   56.142578
186  123.223961 -22.396683  109.615173  0.342120  2.880352       6.992933   1532.902832 -233.648804  13.573995  3.906869   98.786331
187  133.895508 -11.106424  125.894257  0.323643  1.164423       8.321367    915.208252 -148.363342  10.958565  3.223534   81.330002
188  125.306793  16.133310  116.937904  0.328020  1.214967       8.904792    848.115845 -168.092560   9.640652  2.728868   70.876511
189  127.795265 -15.018125  135.074432  0.327384  2.918357       7.259194    777.624329 -199.957199   9.054736  2.316604   82.607697
190  119.068901 -19.887318  130.419693  0.347159  2.890533       6.926809   1835.336426 -184.971298   7.198605  3.945145   66.865509
191  124.897552  -1.706023  109.811485  0.334237  1.991273       6.436995   1381.440063  -88.380219   7.170636  2.765629   56.450504
192  135.758728  -9.809328  123.963730  0.330927  2.122344       6.250940   1941.006104  -90.585114  11.720840  3.021061   67.437767
193  141.410187  -8.081745  131.012054  0.336942  1.908549       6.869709   1665.215576 -182.103760  12.427667  2.538658   54.225201
194  129.183426 -12.423421  116.502968  0.329838  2.018911       7.987393   1073.056763 -157.892181  11.652274  2.877412   74.464111
195  126.145432  -8.472061  117.574074  0.337288  1.969268       8.117091   1124.984863 -178.347885  14.563017  3.670834   50.625286
196  133.858841  -4.990304   98.528214  0.327028  1.284543       7.239158   1539.245850 -153.374542  12.238029  3.594868   52.611015
197  130.309814   7.146034  109.075310  0.315793  1.341482       9.250406    718.937256 -128.817368  12.011173  2.822372   51.751553
198  126.429085 -13.773817  123.910027  0.348444  3.207382       5.559682   1901.731201 -206.659103   7.263042  3.705027  124.451019
199  132.059601 -13.774216   91.990837  0.343353  1.258962       8.964441   1048.706055 -203.214508  18.176229  3.622216   51.869019
200  114.859161 -10.875038  111.422134  0.317971  3.457648       7.685977   1002.422668 -217.992783  11.222746  3.552853   60.514400
201  125.481529 -10.631580  112.485184  0.345114  1.842723       8.377241    933.214478  -99.696686  11.021497  3.648007   84.208405
202  135.567764 -20.862024   92.866028  0.348758  1.057524      10.128331    957.450928 -166.363785  20.512489  3.600143   57.707321
203  131.612396 -18.268494  122.861420  0.347963  2.404717       7.286638   1000.011597 -180.110229  12.514350  3.982286  166.930084
204  108.988747 -15.628077  120.710564  0.348034  2.906188       7.987962    922.704346 -209.106415   9.464220  3.846640   59.922028
205  132.146591 -12.208215  117.054871  0.329127  3.913695       7.480071    845.509399 -242.915176   9.194802  2.495716   52.802765
206  129.748245  15.948285  107.713455  0.316433  1.193180       5.060681   1875.256470 -113.994072   9.966038  2.876099   80.620323
207  129.436340   6.494706  120.675491  0.344288  2.244394       6.485921   1386.876221 -108.288055   8.889567  2.644722   77.909584
208  115.702156 -13.388522  127.931351  0.330529  3.341483       7.159861   1210.163818 -183.901627  11.289037  3.333668   66.082924
209  118.255844  22.428669  119.399879  0.339413  2.028277       9.753650    851.837952 -124.892746   6.734060  3.565763  150.541092
210  119.924721 -10.635391  116.787262  0.347686  2.462779       7.969041   1131.623779 -176.955765  11.503452  3.415760   83.453957
211  124.922691 -10.529291  100.160210  0.349689  1.706111       7.298900   1321.628906 -200.207474  14.987285  3.412313   56.192589
212  125.519836  13.507405  119.284698  0.309960  1.793599       5.922401   1615.277588 -110.962090   8.344112  3.494648  119.793144
213  132.711304   5.632171  114.838776  0.309039  1.237507       6.681005   1619.717529  -98.177742   8.983189  3.087241   57.540161
214  128.757523   9.733672  119.645226  0.337727  1.051207       8.499628   1149.129028 -201.083084  15.701962  3.500421  109.065758
215  115.897385 -14.641467  120.973495  0.322028  3.631686       6.808980   1347.491089 -245.442551  10.741109  3.617941   53.807186
216  121.388634 -17.161871  101.335442  0.348656  2.517080       7.904073   1021.506531 -161.612808  11.293070  2.866809   76.453438
217  105.334541   7.480883  127.878128  0.319356  3.155714       8.708305   1287.677246 -218.186905   5.962558  3.163240   64.550545
218  113.949821   4.379580  126.162674  0.341401  2.736629       8.771698    712.726562 -178.080078   8.746894  3.714726  157.619598
219  116.444405 -11.306878  116.117943  0.339804  2.810838       6.814135   1231.323486  -84.599838   8.427190  3.305517   71.252922
220  128.718674   0.572593  105.717575  0.324663  1.461567       6.771208   1564.967773 -136.248657  13.919744  3.811621   62.868008
221  132.610718 -10.807535   94.745651  0.340997  1.007839       6.795525   1335.760132 -176.690063  20.922510  3.430700   69.026611
222  124.212921 -16.968124  111.579056  0.347868  3.094918       7.384447   1767.672852 -170.987961  13.157619  3.968447   97.065170
223  122.091423   9.666802  112.184036  0.346362  3.116178       5.649832   1821.335815 -200.831955  10.536317  3.867497  108.456429
224  126.583183   1.236524  120.385460  0.319990  2.102978       8.928513    799.478333 -181.364822  11.088715  2.575804   51.695847
225  117.716454 -16.905651  133.697678  0.339071  2.528477       7.753865    729.881897 -102.683922   8.590905  2.252146   64.924347
226  119.236153 -23.756697   88.546051  0.349786  2.308643       7.467450   1427.992065 -194.422974  11.587586  3.442797   61.915428
227  129.714783 -13.978762  108.982574  0.321404  1.422857       9.882222    930.823914 -178.109650  15.606595  3.671186   56.709282
228  134.878967 -22.619829  113.321648  0.340191  2.054305      10.740067    740.735291 -154.848450  13.573900  2.913582   62.243843
229  116.632103  20.735439  124.821609  0.318231  1.402892       7.067577   1214.199707 -222.438461  10.339458  3.279740  151.086563
230  119.222595  -2.856742  140.198502  0.333869  2.019259       5.833973   1481.424072 -142.676666   6.646768  2.716110   91.068352
231  121.329376  -7.594977   92.216599  0.320996  1.823480       5.574031   1758.096680 -111.453476  10.370168  3.597958   75.437340
232  131.646606  -8.563133  117.120407  0.331771  1.670763       5.790171   1260.009888 -111.546890  10.985612  2.832502   75.586929
233  130.529190   0.124766  128.938644  0.311822  1.627078       6.614570   1296.039062 -201.358398  11.085800  3.794194   88.843369
234  131.548538 -18.423891  103.637260  0.304926  1.741165       7.284414   1443.009155 -191.978729  13.628064  3.566017   66.181366
235  123.716103 -11.079368  104.608559  0.319719  1.840278       6.136824   1981.874023 -214.629349  14.381727  3.780496   55.065098
236  133.644608 -16.102289  110.199295  0.311934  1.271972       8.709509   1086.156250 -201.747208  17.038319  3.900299   57.132763
237  129.495956   1.465226  115.616943  0.334887  2.931496       5.518048   1985.271973 -182.240891   7.294893  3.571527  117.427849
238  125.770370 -14.321337  130.217575  0.341444  3.705185       6.870072   1828.148193 -220.372040  11.752509  3.931514  115.070038
239  133.471313 -15.515142  138.328049  0.340278  1.980231       7.752195   1350.492798 -149.129700  14.378815  3.525735   79.629494
240  121.398468   0.526279  115.838196  0.319519  2.624944       8.095001    815.290771 -103.445724  10.782655  3.171845   71.327324
241  117.781006 -13.015293  112.489723  0.347712  2.556427       8.782475    806.374023 -156.558304   7.131649  3.491971   73.218010
242  113.810593  -5.368632  105.259644  0.327514  2.682394       5.172570   1861.389771 -237.724136  10.249910  3.423316   52.783211
243  134.190414 -14.957728   99.937538  0.331032  1.211693       7.204911   1270.856445 -247.866867  23.653400  3.174630   57.946980
244  119.579430 -14.878017  118.148071  0.331628  2.856876       8.003326    841.445740 -185.122070  12.385144  3.844037   90.273483
245  117.093498  -5.038764  120.788322  0.322448  2.489724       6.986851   1868.835449 -117.624634   6.732841  3.839887   70.222336
246  140.997116 -21.223776  130.531067  0.307694  2.287617       8.351654   1369.877808 -239.439270  14.328412  3.941197   79.154831
247  137.558533 -18.407682  120.157005  0.348995  1.691581      10.207283    817.126953 -192.878296  10.321418  2.321949   54.519115
248  123.020866  15.865029  117.993645  0.318814  1.798576       6.976994   1021.852722 -189.971802  10.156599  2.638368   80.414696
249  130.764572 -17.773052  123.263557  0.347297  2.428807       7.862179   1549.376953 -110.698364   9.077090  2.974599   73.551537
250  135.616013 -26.353239  124.903519  0.349831  2.079949       9.216234   1138.223999 -245.876495  18.312521  3.987117  103.561043
251  103.828262  -7.322976  125.058678  0.322678  3.586632       7.843180    800.630493 -180.836380   6.723290  3.850018   68.980377
252  121.597496  26.854237  125.616989  0.333264  1.489838       6.207920   1908.898193 -188.282562   8.975095  1.773490   51.682419
253  128.681366 -17.473747  118.549675  0.328441  2.065828       7.896225   1557.055420 -219.627518  13.647019  3.900429   63.568108
254  133.129562 -17.732086  120.810448  0.349855  1.196602       6.588828   1342.477173  -92.732224  13.272481  3.277740   97.321472
255  126.125633 -20.952343  109.077621  0.345485  1.822204       7.430497   1088.582275 -163.428772  13.500051  2.956738   58.251106
256  124.551590   5.675084  124.209274  0.316525  1.295461       6.871325   1344.792969 -133.289948  11.430554  3.643094  106.678001
257  113.129921   7.946784  118.705727  0.330681  3.174284       7.949570   1323.882812 -138.782303   6.424924  3.013937   82.611130
258  137.320602 -18.795095  104.743446  0.348010  1.139205       8.298360   1210.963013 -201.768478  22.815273  3.729238  128.973190
259  116.391045   3.428659  106.099777  0.334988  3.450346       6.871693   1151.585693 -140.370239   7.451178  3.525669  105.675461
260  112.581345   8.035771  120.830193  0.320593  2.971561       7.475844   1729.507568 -233.401215   8.138031  3.163337   54.718685
261  123.153030  13.939549  112.078629  0.327384  2.259982       8.909310   1119.973022 -172.498077   7.350949  3.280350   82.613510
262  136.214859 -14.876507  114.190170  0.326693  1.450750       6.805254   1310.922607 -207.344193  15.034380  3.162635   66.753029
263  133.291412   2.984222  131.694748  0.317889  1.150459       9.142213    938.805786 -208.595032  16.280939  3.233746   72.104736
264  122.939545 -14.789315  125.948959  0.333410  2.133150       6.386420   1546.879517 -189.628723  13.871063  3.384119   63.869007
265  129.797318 -11.890220  119.804871  0.310846  2.637832       6.193867   1658.902832 -156.385269  10.726054  3.637702   98.150452
266  123.480263 -13.526888  121.520088  0.342181  2.335604       7.123564   1229.316772 -206.623856  13.776993  3.986924  112.585312
267  117.022125 -20.844183  118.390984  0.349991  3.830825       8.709711   1037.726318 -201.825363  10.976161  3.745131   78.135925
268  129.395966   0.328931  110.151489  0.347474  1.486959       7.111923   1874.388428 -152.252518  11.708588  3.991752   63.241112
269  151.464050 -15.974886  128.768158  0.334137  1.471612       8.380966   1537.075195 -164.413162  10.372110  3.483903   64.231201
270  124.706520 -20.486603  120.179787  0.340827  3.560925       9.305392    962.059509 -222.994675  12.616184  3.515672   58.413536
271  129.457535 -11.822124  128.066025  0.310624  2.980271       5.373939   1444.514282 -133.863480   8.555715  3.040280  102.926758
272  119.879158 -14.450846  127.010376  0.327815  2.872612       7.340584   1134.219849 -189.665421   8.226794  3.763031   82.470299
273  141.776611 -23.427902  114.847427  0.324234  1.199827       9.689839    728.923645 -210.845642  19.298658  2.731405   56.451481
274  118.807137  -7.640244  122.848450  0.338461  2.016065       6.597264   1422.525269 -148.175934  11.478768  3.672879   88.678696
275  134.120132 -26.877508  118.597122  0.343770  2.538192       8.045918   1774.896973 -207.993912  13.302489  3.792519   63.818752
276  128.858932 -23.202089  119.321648  0.347219  1.647948       7.203723   1514.934326  -99.944717  14.080281  3.909514   79.167534
277  124.756927  13.522321  120.862488  0.323197  1.225607       8.938173    930.978088 -151.722366  15.534729  3.981747   90.590462
278  138.551071  -6.935414  129.623871  0.332387  1.612917       8.072134    914.626953 -177.401581  15.465003  3.469452  153.568176
279  130.367493 -12.547132  115.022583  0.348508  1.952791       7.227783    833.049988 -127.041954   6.003868  2.697525  105.299118
280  122.126373  -7.397893  109.461891  0.338106  3.160563       7.937943   1010.760132 -226.693390   8.837097  2.770376   69.959724
281  137.816360 -13.992815  108.579216  0.338578  1.220253       6.180691   1885.029785 -167.910889  15.257863  2.924415   63.467903
282  127.676643 -21.328428  125.237366  0.346871  3.204992       7.591737   1483.028687 -248.284546  15.789912  2.892612   55.509403
283  122.944290  -2.995655  127.268738  0.332494  2.231426       6.687812   1194.100098 -210.912872  11.315587  3.464006  101.212303
284  122.222282 -20.125010  121.357155  0.347892  2.676116       6.812358   1567.785522 -193.962112  11.421116  3.667682   90.446342
285  130.046005 -15.506976  118.930405  0.333349  1.568562       8.059581   1097.571167 -169.398697  13.711926  3.851655   98.317307
286  124.970718  -9.850022  111.698822  0.325717  1.770277       5.255512   1997.719849 -141.562195  14.218912  3.428240   75.122307
287  128.971451 -19.759832  127.161133  0.316024  2.082775       7.577158   1139.669922 -197.348618  11.530647  3.282830   59.127548
288  126.844681   6.712345  100.132774  0.311784  2.358822       6.814521   1716.014404 -111.042831   9.564014  3.608913   76.704659
289  129.296463 -26.281874  122.515305  0.349401  2.481827       8.811401    851.865723 -157.485214  13.621650  3.384870   71.374893
290  138.722168 -14.218672  116.728264  0.345527  1.679682       6.350215   1413.555786 -188.024811  12.470770  3.412164  100.295586
291  126.944130 -19.823780  114.585388  0.340685  1.962854       6.914299   1860.025513 -160.846588  12.778588  3.549263   60.860626
292  141.254471  -6.242416  115.934822  0.322950  2.159375       8.550228    996.040100 -163.802338   8.519001  2.990163   96.046410
293  126.205551   3.768727  116.460258  0.322478  2.681500       5.501081   1133.967529 -196.194366   9.628040  2.248761   70.656876
294  130.892227  -5.788040  123.338760  0.338546  2.086285       6.738434   1586.590576 -207.222702  10.793324  3.281069  105.930351
295  123.403664   4.794742  116.094887  0.334619  2.892841       8.555382    717.776917 -212.870865   9.402255  1.922309   73.105942
296  121.804008  -9.999344  122.484192  0.318049  2.900656       6.783236   1752.674072 -100.466995   9.451007  3.830853   73.422462
297  129.106277  -9.209481  124.413170  0.349529  1.358191       6.065837   1497.580688 -133.477280  14.976422  3.198533   92.121407
298  112.429100  -8.237032  125.899719  0.347067  2.950595       5.820678   1247.713623 -195.219116   9.039567  3.067040   98.322823
299  130.431625 -23.831934  106.120895  0.334872  2.350421       8.268297   1668.623047 -119.411278   7.413452  3.581490   55.957577
300  122.201195 -10.156590  113.541550  0.336236  3.168677       6.345717   1186.031250 -201.290237   9.255128  2.415909   55.573620
301  128.158310  -9.525385  125.363899  0.340986  2.853698       7.460101    929.649963  -84.835304   9.572485  3.252069  130.296524
302  129.955643 -11.484179  138.002182  0.313506  1.767279       7.493296    998.806641 -142.993317  11.112510  3.194680   50.898827
303  125.173637 -18.370625  124.844162  0.349392  3.157501       6.050501   1850.484985 -214.543228  11.229452  2.802749   72.762512
304  131.573456 -20.020887  107.579376  0.345687  2.312410       8.940936    908.447144 -175.947830  11.322973  3.308165   95.127220
305  125.154434  -1.207499  108.031525  0.335554  1.408031       8.320869    810.554688 -150.917572  13.649849  3.094525   58.333794
306  115.982956  28.266500  127.206070  0.332274  1.487834       7.993438   1117.558228 -214.563385   8.723252  1.452956   55.975548
307  126.431717  25.901638  116.756050  0.327079  2.088093       7.177499   1404.011108 -136.331757   8.416276  2.711089  111.031647
308  132.265762 -18.949305  115.800400  0.284259  3.234206       8.938928    754.957642 -241.551712  10.370847  3.452037   69.673355
309  123.047279 -15.709826  120.076431  0.340913  3.770831       6.212637   1704.365112 -189.404449   9.011808  3.486582   84.375069
310  125.534546  -8.448330   91.526184  0.344206  1.775191       5.153538   1551.110962 -147.052795  11.760263  2.832962   68.345947
311  124.414848 -17.484468  142.076538  0.319416  3.206280       7.427872   1339.922729 -131.124908   5.708323  3.885738   95.645325
312  120.544647  -1.282741  107.655602  0.330296  2.772227       7.421051   1136.515503 -165.669327  11.934352  3.756467   94.929031
313  120.680206  10.549194  132.211716  0.347675  1.355794       8.491102   1104.659180 -242.076096  10.884821  3.919281  158.666122
314  137.880875 -10.647054  115.822502  0.316930  1.070884       8.521656   1572.930908 -142.166245  14.718088  3.911780   54.097824
315  122.463821 -17.682604  127.664955  0.347968  3.504833       7.556839   1018.105835 -183.455582  10.627710  3.282367   66.536552
316  127.748016   3.382331  128.350143  0.336288  1.501409       7.301813   1524.433594 -128.069702  12.144901  3.813140  107.307892
317  131.387451  -2.668120  111.746048  0.349047  1.258581       8.361469   1022.622253 -138.411758  13.096044  2.794120   88.601776
318  134.845901  -4.131430  110.546127  0.345880  1.059071       5.563867   1494.139282 -174.004684  22.978834  3.473553  121.086517
319  119.820183 -12.734973  133.147675  0.340773  2.059917       6.013223   1741.677246 -152.044327  12.181285  3.350603   60.814121
320  134.753281  -1.623106  124.629829  0.342560  1.764387       8.896689    727.664124 -147.995804   6.955776  3.754092  172.273697
321  134.937515  -1.070730  109.721054  0.341795  1.186202       9.899110   1013.465820 -126.673576  13.005389  3.915865   58.895332
322  137.882156  -1.063764  123.587181  0.323582  1.033315       7.000870   1788.418457 -209.799377  20.449558  3.873010   69.102318
323  113.411232 -19.481661  113.137840  0.327160  3.711797       7.060518   1208.774048 -185.956665  10.982995  3.907919   64.957016
324  115.545609 -10.362681  121.301414  0.334693  3.201391       7.443972    920.758911 -117.846771   5.997652  2.814813   51.970608
325  124.242546   4.609845  111.175316  0.341351  1.606973       8.946741    923.090759 -121.835899  11.815128  3.218360   79.812309
326  124.152222  12.493658  135.302963  0.348753  1.026129       9.142260    819.749634 -192.782822  15.415808  3.096439   62.145565
327  130.164856  20.729717  107.268982  0.328412  1.396671       6.828537   1609.399536 -122.981850  12.269051  3.308507   80.938210
328  131.027710  -9.683183   95.947060  0.326952  1.319036       6.517429   1197.887573 -162.550400  14.671062  3.435381   98.772133
329  136.413483   5.742189  123.462990  0.306408  1.809955       8.069543    929.241821 -229.085007  10.184697  3.423242  108.811790
330  123.464882   1.139893  107.949448  0.333294  3.043382       7.058593   1229.507812 -186.101974  12.018193  3.090253   87.191788
331  125.382042  22.859900  122.543053  0.319192  3.748113       6.500172    819.826660 -214.181137   5.844094  1.312246   87.388412
332  120.728493  -0.594626  125.664337  0.333100  3.395477       7.780934   1016.667969 -159.203156   8.194268  2.560137   77.750931
333  118.853905 -18.927916  112.095100  0.344290  2.705128       8.703568    743.427368 -242.507782  11.538890  3.970791   91.916519
334  120.600060  18.419088  128.594406  0.296088  1.606644       8.288493    986.301514 -197.382675  10.154682  3.492719   84.279938
335  108.807198   7.042933  117.796967  0.344599  2.716398       8.350340    948.810120 -182.760559  10.030411  3.923971  109.265762
336  132.142380   5.511994  103.431915  0.328304  1.100942       7.995362   1117.788330 -123.043816  14.608503  3.859646   88.844978
337  122.207794   1.706676  140.678513  0.345365  2.078564       6.495453   1592.663818 -202.855469   9.877370  3.089909  135.863373
338  125.570778 -10.737803  100.863678  0.349866  1.792155       6.891482   1061.925537 -171.442078  16.704483  2.773062   86.413216
339  120.630669 -13.324065  120.419083  0.336208  2.489989       9.006302    964.886108 -124.443115   9.900987  3.574305   69.224037
340  138.402298 -14.815523   96.264565  0.323108  1.074205       8.765867   1661.602783 -130.285492  12.106650  3.952546   86.850983
341  133.163757 -12.377595  122.596375  0.342474  1.674228       6.460974   1244.336792 -134.207855  12.711077  2.466113   69.747368
342  130.469513  -8.264647  124.121948  0.336868  2.385260       7.629601   1077.644531 -200.236511  10.020806  2.610883   98.301422
343  124.931274  -6.810925  127.675110  0.347510  3.403179       6.017635   1278.265991 -177.611832   7.701856  2.670650   98.632393
344  135.036987   0.060497  112.635880  0.301104  1.162520       7.352510   1819.124878 -168.831177  14.362685  3.602317   54.025742
345  122.295303 -13.072830   85.110870  0.349634  1.945464       8.399780   1100.115601 -140.620163  10.370452  3.827989   71.630173
346  126.917282   6.973155  126.016418  0.313891  1.270703       7.520328   1123.841187  -99.660385  15.238306  3.350734   97.729607
347  127.442734  14.238343  115.364151  0.317214  1.005755       6.340249   1690.355591 -191.798813  11.479145  3.052226   79.020859
348  127.981842 -24.598635  143.936905  0.334761  3.443019       6.973491   1444.931274 -184.296280   8.165076  3.212275   57.209164
349  123.968224   5.741005  121.165627  0.347897  2.596331       8.627410    724.580933 -172.826569  10.730824  1.933196   83.398445
350  136.972717 -20.543837  118.909157  0.341670  1.220456       8.579792    824.333801 -126.890869  11.957923  3.318898  101.917938
351  129.491989  -6.901332  104.030968  0.340728  1.525847       5.763764   1255.599854 -123.200439  15.140628  3.853878  158.778015
352  132.399689 -16.442511  115.616760  0.305044  1.940475       8.502736    808.475281 -248.849640  13.664449  3.736565   94.353539
353  131.804565  -2.361871  118.300720  0.322517  1.111432      10.268783    812.138306 -150.325409  14.860889  3.559000   50.770988
354  125.448166   6.476851  123.081375  0.338004  1.182147       9.779545    913.952942  -83.695587  11.907559  3.953036  100.955307
355  118.768440  -7.073325  121.597931  0.324866  2.388128       5.038385   1872.269165 -155.707184  10.677109  3.212122   59.027481
356  140.215561 -10.770679  133.887833  0.346664  1.057726       8.525986   1535.503662 -150.112778  11.837997  3.739145   56.768066
357  117.771530 -26.723192   86.088387  0.348416  2.669917       9.511376    796.845825 -235.166183  14.365129  3.126222   50.012505
358  136.066483 -17.775068  113.535866  0.303379  2.015081       8.190347   1031.115479 -197.849777  13.501821  3.530572   54.190128
359  131.436081   5.126267  106.965530  0.339285  1.128625       6.649509   1084.391357  -94.088577  10.186955  2.331918   62.920395
360  134.907532 -17.814342  118.576950  0.344122  1.180892       7.854036   1692.778198 -154.802338  12.191471  3.989522   96.375244
361  129.220428  -3.460662  103.167587  0.310896  2.512491       5.919360   1666.443115 -204.932053  14.213569  3.482984   67.876175
362  121.927124 -19.458637   97.283737  0.343196  2.081081       7.380949   1202.454956 -208.943771  15.609091  3.412161   54.533176
363  116.883629  10.639030  137.445572  0.318596  2.760984       7.126453   1164.643188 -191.779099   6.072869  3.324660  157.926498
364  131.405228 -11.041913  142.602646  0.339592  2.172769      10.346533    754.983459 -176.838684   9.440031  3.294022   66.121178
365  127.517494 -15.592450  104.567215  0.327139  1.783514       7.509404   1452.099487 -145.447403  11.110999  3.603794   63.022530
366  129.124634 -20.316895  121.246712  0.347923  2.320156       8.675434    732.052246 -190.808212  14.345036  3.422093  126.075386
367  126.953690  11.801694  131.478928  0.309474  2.188513       7.668515   1014.811707  -86.372643   7.015684  3.020578  133.103287
368  142.356232 -14.282386  122.507858  0.333677  1.264027       9.322076   1284.867310 -121.121841   9.760912  3.218096   66.358604
369  134.377106 -18.212229  114.811180  0.335935  2.356921       6.045914   1218.330444 -221.019501  14.108228  2.400292   84.260010
370  125.254951  -2.023345  124.031502  0.318196  2.135117       8.556873    919.345886  -87.287872   7.527508  3.463657   68.293037
371  123.194443  23.765444  116.079369  0.337482  1.212323       8.157572   1388.028076 -119.632614  10.433469  2.492527   97.032936
372  128.173294  -7.384426  121.876755  0.329277  1.655673       7.822969    911.614075 -165.004028  16.868977  3.641416   71.071167
373  110.944237  -8.612800  104.557205  0.330233  3.758813       6.781516   1404.135498 -212.562057   7.491815  3.827690   60.941673
374  125.964584  -5.646238  114.730194  0.340390  2.892702       7.617930   1213.752319 -214.854218  10.987438  2.458349   51.109447
375  119.074692  21.622816  117.957764  0.339378  1.927409       6.521123   1241.980713 -223.993164  10.792130  2.477741   85.799469
376  134.508286 -12.887210  113.806892  0.345991  1.839238       6.778881   1402.280884 -163.071899  12.317123  2.236160   55.617390
377  129.567917 -14.386935  130.721024  0.303972  2.231012       7.829062   1054.596436 -223.444855  15.293887  3.461132   52.855503
378  131.075699  -0.043936  120.225029  0.327707  1.299467       8.449232    894.557922 -122.166122  13.500537  3.221228   98.984680
379  131.251022 -14.178563  100.724289  0.316633  1.899147       7.798133   1071.711914 -152.345123  16.073069  3.224991   89.084541
380  121.740318 -17.318901   99.352188  0.349979  3.061832       7.301740   1284.198364 -220.375061  11.409448  3.672730   52.053135
381  138.921768 -13.470511  129.924362  0.330180  1.748755       5.545401   1724.200073 -118.362236   9.635590  2.934653   67.872299
382  108.875053   1.112136  115.053352  0.341716  2.868387       7.541435   1132.043213 -223.595230   8.466968  3.800830   78.987236
383  125.190346  -8.660169  121.470894  0.348518  2.100995       8.334319   1401.263550 -198.322083  10.213264  3.701175   63.307842
384  124.252701  11.433475  133.752792  0.308039  1.283445       5.987104   1989.246704 -159.025620  13.399360  2.781538   61.825089
385  133.583115 -23.211761  113.827766  0.342376  2.159448       9.636467   1164.529053 -197.675430  12.782890  3.862925   81.841057
386  129.356934  -1.182650  104.062981  0.322518  1.259180       5.615406   1582.878784  -97.058563  13.862851  3.949926  118.306160
387  133.406265 -10.763765  113.642563  0.313029  3.168491       7.495093   1137.896729 -168.823944   8.461523  3.993111   94.200020
388  128.400223  12.672315  117.733650  0.307187  1.037892       9.511539   1108.151001 -173.274017  14.726830  3.593426   74.118706
389  121.036591 -21.970684  112.444511  0.343289  2.436733       7.980929   1113.152832 -247.621017  13.996232  3.879854   83.412514
390  122.382561 -23.860029  122.467194  0.335589  3.342333       6.575537   1029.781494 -183.079193   8.977149  2.484436   55.244068
391  118.279724  -0.428223  123.290695  0.318928  2.491080       6.926980   1353.138550 -147.531387  10.756175  3.243110   50.741318
392  121.647118  12.693467  116.324547  0.281236  2.313904       5.124832   1807.649780 -165.090759   9.394719  2.852215   54.395115
393  134.428284  -0.417694  121.560555  0.315626  1.119026       8.655189    789.212891 -151.254807  14.637264  2.878638  100.678436
394  128.367142  -5.360132  108.457443  0.319857  1.648560       6.617682   1122.611206 -135.127640  11.254640  3.306547   93.310989
395  130.354034 -26.461161  110.004112  0.344972  2.294305       8.520174   1569.730591 -183.659897  14.073723  3.514693   53.964630
396  129.914978 -12.000911  113.077278  0.314551  2.898800       8.054577   1435.518921 -224.606827   9.870959  3.831547   74.964554
397  124.830780 -14.555054  113.749992  0.337491  1.830844       8.687566    812.428467 -132.216690  10.123784  2.739047   60.180618
398  119.602356  22.196255  128.424347  0.317696  1.017462       7.198059   1489.512573 -149.794861   9.547303  3.320018  137.610764
399  120.307434 -12.170957  114.168198  0.339105  2.505050       8.838877    730.346375  -81.677559   9.099980  3.739855   80.087524
400  131.408920 -12.213998  121.301193  0.348215  3.253872       5.393467   1753.491211 -188.086502  11.738917  3.306699  111.922806
401  127.582092  -8.423702  119.978043  0.341248  2.826005       5.476901   1480.369507 -158.782944   9.290009  2.874611   53.239437
402  131.842239   0.197508  121.041588  0.339147  1.193203       6.628384    951.406799 -131.037720  13.204475  2.310928   76.403168
403  132.808289  -4.997949  114.557182  0.313578  1.189297       8.312652    899.644165 -127.656921  11.838715  3.636616   98.168129
404  128.625214 -10.585767  122.499168  0.313808  2.156537       5.719847   1574.008179 -239.492737  16.068125  3.656574  110.522148
405  135.296417 -16.132336  124.891647  0.347964  2.072573       8.670076   1119.584595 -177.066238   9.543200  3.565806   86.810371
406  134.012695 -15.352513  104.318916  0.340475  1.275565       9.044922    901.619141 -249.818054  16.801319  3.957763   50.405720
407  132.229172   4.707791  108.070244  0.300410  1.896694       5.994979   1176.459717 -128.537308   8.137920  3.054556  119.545471
408  130.063751   4.237191  119.601974  0.324150  1.730723       7.114415   1329.699707 -130.195984   8.637066  3.486025  101.485779
409  118.282158   7.323850  123.776726  0.308889  2.310189       8.120504   1440.518677 -171.914459   8.211120  3.344489   58.177502
410  113.893417  -8.013355  113.647171  0.340911  3.298039       5.556602   1725.101440 -138.561829   7.579004  3.574337   64.034584
411  139.085815 -20.424152   99.873756  0.322019  1.065077      10.030720   1032.689697 -146.149353  15.251380  3.794298   51.165630
412  131.106766  -9.025924  100.657616  0.311583  1.655648       9.348418    794.137268 -231.531311  16.309752  3.853601   71.460152
413  131.704941 -12.977728  127.616302  0.323742  2.262958       6.465971   1972.711670 -180.608093  11.891404  3.927913   61.361477
414  135.348328   2.556099  119.720184  0.276931  1.324571       6.943789   1379.533081 -246.293839  13.460360  3.638705   67.419357
415  142.563614 -16.153191  121.462303  0.334775  2.222974       8.288300   1052.726562 -181.392120  11.442580  2.418493   78.636894
416  116.524765  -5.007405  119.833267  0.323806  3.831270       8.848924    732.269104 -246.525177   6.895629  3.946840   87.606041
417  140.212585 -23.721455  107.964378  0.331276  1.082568       9.321157   1083.665771 -242.915726  19.506767  3.360477   62.179142
418  116.340927  -6.958799  110.754631  0.338774  2.817264       6.970192   1272.332153 -238.806107  12.055237  3.737454   89.125473
419  121.124847  -3.185845  133.087875  0.331288  1.750839       6.364276   1756.493774 -236.357330  15.777365  3.698456   54.702946
420  121.387383 -17.916788  105.569542  0.340985  2.442076       7.593956   1460.598755 -221.787888  10.992657  3.817775   68.371811
421  122.912567 -19.805349  131.874146  0.343288  2.531605       6.542108   1485.174072 -201.591995  12.071540  3.079724   81.913712
422  133.043503 -16.064054   94.641449  0.327834  1.208042       8.872306    910.137573 -173.244476  16.667854  2.866903   51.604820
423  134.491302 -21.150827  113.131531  0.336066  1.259226       8.142140   1030.578125 -134.446899   9.928361  3.608782   97.859299
424  131.603653  -8.998612  115.735497  0.318387  2.066005       7.923616   1138.543091 -153.466202  11.202823  3.204342   67.014877
425  118.205070  -0.263910  111.245003  0.336002  3.149597       7.940711    789.479797 -128.596863   8.767714  2.979082   81.339699
426  127.283379  -3.965011  117.267357  0.301848  2.572954       8.701903    981.435730 -148.664627  11.264985  3.985980   71.317268
427  119.833252  -7.990586  112.518616  0.342211  2.337867       6.588261   1253.666748 -210.413544  15.951907  3.253620   79.512169
428  131.362854 -23.053564  118.384827  0.348389  2.002305       9.136080   1104.827271 -171.978973  13.593934  3.742558   53.365578
429  129.302689 -20.001606  137.255539  0.332949  3.704422       5.916396   1681.994873 -141.879242  10.857197  2.935866   61.956348
430  132.960220 -17.509926  102.150711  0.339099  1.150669       7.861417   1121.337524 -210.365219  14.460345  3.607764   86.348381
431  131.375366 -11.034306  125.808769  0.341984  1.571936       7.384909   1147.033569 -166.050156  11.891195  3.682230  113.573723
432  136.759827  -1.943326  126.991188  0.344612  1.091672       6.885574   1797.560547 -232.600525  16.646151  3.319027   75.452003
433  130.040817 -10.265133  120.896576  0.320744  2.166103       6.861645   1221.714478 -225.114120  12.426416  3.730650  109.872963
434  125.415733  22.681200  118.376488  0.307541  1.237534      10.473383    926.833984 -193.387558  11.416991  3.669576   60.461452
435  133.260788   5.280634  108.444656  0.324882  1.570730       5.801672   1310.141357 -184.875458  11.355694  2.551429   64.316063
436  134.824402   0.781133  108.001015  0.347059  1.063429       6.700622   1449.756348 -141.501129  17.745365  3.964101  100.460045
437  119.940712 -19.234020  103.018425  0.344084  2.309386       8.244050    971.061218 -204.178024  13.193426  3.398353   74.540062
438  130.453125   5.160537  123.929382  0.308147  1.227135       6.890666   1565.872925 -149.868149  12.151105  3.458012   68.596825
439  125.308426  20.448545  119.316757  0.288877  1.603398       5.126206   1891.730103 -200.424271  12.009290  2.509681   75.320129
440  123.283684 -25.488853  117.409966  0.349289  2.503213       7.853471   1424.171509 -169.907684  14.100405  3.938154   77.026367
441  123.571587 -10.834846  106.767929  0.321605  1.977489       7.680397    885.414062 -186.806686  16.726494  3.404014   82.108376
442  122.491936 -15.569656  129.792267  0.343523  3.416564       6.262738   1785.809814 -179.971878  11.526457  3.386997   77.167587
443  124.182503 -11.802476  101.147232  0.330910  3.171852       6.819780   1059.824219 -218.316193  10.122246  2.668664   80.020706
444  147.704407 -19.442934  133.298126  0.304458  1.470422       8.996231   1088.190308 -151.672409  10.302513  3.548880   73.892456
445  128.249695  13.402706  122.456444  0.335403  1.023717       7.451929   1227.553101 -136.616089  16.240456  2.813239   94.554749
446  130.174149 -12.718102  113.228783  0.343193  3.308579       5.944541   1587.672241 -225.226913  10.647245  3.302906  118.340324
447  125.203865  -3.727954  128.430908  0.337476  2.083756       8.210854    840.736572 -110.804298   8.397808  2.969872  116.939064
448  132.094742  -4.825693  117.004250  0.335138  1.340232       9.231922   1075.721313 -147.992264  10.020937  3.817113   61.682037
449  126.303391 -22.878605  122.207367  0.343570  2.548397       5.328857   1745.324585 -247.597336  13.401661  3.178439   80.801643
450  132.697372 -16.412817   92.519699  0.339448  1.173628       5.929008   1943.480957 -175.110031  17.015396  3.510191   80.385338
451  137.302475 -19.179970  120.833267  0.337716  3.150435       7.560639   1142.670532 -182.866592  12.731846  3.498302  129.275452
452  126.746117   0.239931  109.955933  0.344353  1.386089       6.811434    922.522156 -135.934036  13.526630  2.753618   90.377586
453  134.353104 -13.402976  118.139954  0.336920  1.414562       8.636350    761.509766 -162.750702  15.318392  2.894237   66.812416
454  129.296722   9.676908  121.081856  0.321223  1.332594       5.610211   1512.382324 -192.903320  14.220907  3.056994   89.839447
455  134.423920 -21.321033  119.662643  0.345314  3.101043       8.572171   1777.588745 -242.802597  13.481894  3.928419   88.546150
456  125.638901  11.149737  120.210770  0.300342  2.118640       7.900981    822.876892 -139.414444  12.918488  3.604319  113.992142
457  134.610611  -0.295052   91.978989  0.307441  1.105053       7.635715   1138.415161 -157.906967  19.979286  3.420994   51.033237
458  126.883194 -19.085743  117.634392  0.322477  2.504219       7.377981   1024.009888 -192.831284  14.744315  3.299992   81.694168
459  129.695450  -1.582606  119.827179  0.315633  2.658053       6.554238   1383.681763 -134.675827   6.968040  3.105144   95.385536
460  120.205193  -6.421448  114.775856  0.303297  2.139298       6.824081   1558.589111 -233.068436  15.834597  3.987360   53.988220
461  127.621704  -4.602232  101.516785  0.330104  1.268587       7.947315   1037.414185 -159.041901  14.347760  3.147734   71.596397
462  137.582382  -0.163305  107.232025  0.304386  1.010550       8.423078    929.513550 -128.669861  16.962692  2.445923   53.577625
463  123.442276 -17.468065  110.756424  0.333318  2.636259       6.609621   1339.392212 -233.548126  11.805486  3.878586  115.592690
464  132.742401 -14.970540  113.599464  0.349813  2.316056       7.044937   1954.469482 -217.629715  13.548159  3.790895   72.184059
465  137.278397  -1.708612  111.950020  0.303882  1.329695       8.133354   1315.077026 -102.760811  12.329281  3.839242   81.176804
466  115.795685   1.949246   96.645180  0.344225  3.789350       7.048890    793.422546 -149.592606   7.702470  2.333939   70.929260
467  130.830261  -7.722903   96.308243  0.307508  1.507900       7.206630   1410.362183 -136.127609  12.120486  3.706709   65.994400
468  121.629585 -19.221600  115.598457  0.347615  2.714146       8.872045   1183.291504 -225.312469  15.797379  3.657124   68.873184
469  139.333267 -21.367386  123.544983  0.289265  2.377826       6.589303   1689.432495 -215.471329  14.136252  3.269059   50.953033
470  128.700546  12.280133  125.569107  0.309723  1.215531       8.878853   1143.817749 -225.248672  16.783823  3.811442  107.498672
471  126.525040  18.000351  125.292244  0.337129  1.625913       7.408245   1249.199219  -94.600304   7.703622  2.443659  101.259750
472  131.530624 -15.165662  103.581688  0.327575  1.410328       8.270159   1281.003540 -159.101578  14.931481  3.557920   59.993454
473  123.963593  -7.054951  111.073982  0.320517  1.621112       6.435581   1384.165405 -111.961182  11.420879  3.775225   88.600113
474  120.039749  23.532513  124.463631  0.279291  1.091673       7.645407   1423.941895 -229.529449  13.652970  2.885425   62.033085
475  121.902466 -20.486702  111.269699  0.328812  3.040992       8.139660   1232.025513 -212.213211  11.768602  3.435994   50.181576
476  132.193130   8.170149  114.612602  0.293455  2.278953       6.535058   1518.235840 -247.875793   9.524498  3.371442   90.989555
477  120.714920   4.163664  113.977524  0.331655  2.898116       8.739976    854.941101 -234.671463   6.091375  3.702955  100.943039
478  120.923241 -11.200553  107.322800  0.323421  2.283462       6.295560   1200.208984 -173.590561   9.177726  3.033688   64.879005
479  126.902763  -6.290961  109.794724  0.344664  2.487030       8.213463    983.302612 -213.573364  13.996212  3.699612   72.813782
480  125.275963  14.004786  123.197044  0.299497  2.041983       9.812963    802.805786 -231.523590  10.748997  3.589115  110.104927
481  128.576385   8.869981  126.103508  0.247190  2.917761       8.468605   1132.137817 -229.286835   9.866047  3.553382   55.049595
482  122.216087  -7.718359  102.521454  0.349722  3.196222       6.101443   1333.869019 -168.743774   9.242581  3.164104   86.249603
483  144.142700  -9.556559  131.519257  0.292368  2.513348       9.077340   1002.486511 -133.753662  11.191365  3.889559   98.667145
484  141.565491 -23.654659  112.318748  0.331881  1.289221       8.125204   1311.664551 -194.735367  18.386818  3.969979   96.365036
485  134.651978 -20.105246  137.821716  0.329665  3.530545       8.526691    842.528198 -208.953445   9.227494  2.618632   95.909500
486  127.295456 -15.555487  128.261124  0.337129  2.424363       7.205544    854.585754 -168.490494  10.535489  2.120245   81.190933
487  121.871033  -4.569084  114.141495  0.313633  2.357250       6.415699   1664.275146 -181.930191  10.541809  3.990901   79.847549
488  126.222755 -26.599791  137.850784  0.341770  3.208837       7.366857   1686.750977 -242.748672  12.754458  3.763164   67.437340
489  118.451546 -14.007480  110.489586  0.339670  2.766468       5.516961   1720.085205 -210.761200  14.945803  3.171450   61.278408
490  116.563217 -11.134162  114.838158  0.330315  3.534561       6.816975   1019.169861 -211.206238  11.805660  3.434569   86.145782
491  114.524803 -15.003735  121.213486  0.334666  3.157324       6.629336   1088.804199 -211.103699  13.659892  3.184568   63.865940
492  135.806015 -19.807890  124.348419  0.343860  2.159786       8.078602   1220.366577 -150.373642  12.684127  3.536139   59.024158
493  136.072632 -16.292467  118.934059  0.312507  2.569607       8.605585   1209.513550 -130.973129   9.909925  3.696411   82.532303
494  130.975876 -15.504916  109.867615  0.306208  1.554422       8.274663    958.970581 -144.137344  12.596387  3.626871   66.582695
495  120.413208  -9.641176  121.857124  0.338896  3.403440       6.382040   1196.007202 -240.777878   9.189210  3.677286  115.360558
496  118.901123  -0.248241  102.900589  0.347766  2.289428       7.812306    847.521912 -213.119659  14.373013  2.970412   57.236259
497  134.966400 -16.875916  100.703773  0.328690  1.072981       8.160538   1092.893677 -132.651123  17.934113  3.381169   76.509560
498  113.103905 -20.465855  104.704422  0.344577  3.496104       7.761696   1047.280518 -213.615707  11.766878  3.869994   70.379456
499  121.374763   0.069178  113.805756  0.327675  2.743329       7.524825   1164.909180 -237.808655  10.272496  3.434509  100.465889
500  121.662842  -8.023117  108.615005  0.336112  2.767513       6.185440   1398.968384 -221.322723   9.976510  2.975239   64.844933
501  129.541183  -8.383706  110.735641  0.337779  1.728339       7.518225   1075.004395 -137.654465  12.739912  3.713177   60.284550
502  136.942413  -6.285624  110.321465  0.325272  1.306444       7.731709   1472.517578 -149.412109  13.642729  3.813504   73.545929
503  135.113525 -10.193421  112.468201  0.314535  1.767824       6.782997   1930.758667 -217.534851  15.679735  3.931117   65.991798
504  121.652939 -14.713129  124.879150  0.318952  2.637562       5.658922   1813.020630 -132.078888   8.645168  3.737639   76.566063
505  120.131752 -10.801109  110.448570  0.336432  2.732320       7.454683   1306.151855 -168.868637   9.264383  3.820816   77.467163
506  132.708435  -0.476581  109.834175  0.321499  1.281647       7.620639   1203.749634 -133.823898  14.160081  3.577895   52.067978
507  136.532196 -14.280306  104.021896  0.339234  1.022109       8.069536   1037.582275 -128.415237  15.953480  3.156250   71.198288
508  135.281418   1.276785  108.895973  0.342101  1.631902       5.461828   1806.345215 -234.822037  13.704409  3.225395   98.702621
509  137.433792  -8.210408  107.660652  0.320847  1.382670       7.950978   1226.541626 -108.847939  14.294779  3.145535   68.202095
510  122.486862  -2.624136  112.962532  0.345618  2.184186       5.912889   1547.878296 -106.524330   7.330004  3.785582  135.470383
511  115.080338  25.259977  124.932999  0.319316  1.461123       5.974535   1771.402832 -168.971252   8.711338  1.962768   60.530807