            lon        lat         inc      D1AU     delta  launch radius  launch speed    t factor       B1AU     gamma         vsw
0    132.128067 -11.100339  120.037811  0.340189  1.735735       8.109831    832.255981 -138.591904  11.227201  3.583507   91.745384
1    126.994888 -19.471788  135.320740  0.336819  2.672568       8.356802   1327.155640 -179.386459  13.739298  3.385550   56.291267
2    133.242935  -3.767807  135.836609  0.327450  1.255198       8.543121    799.972534 -182.419250  12.440133  3.110797   91.599609
3    124.846260  -4.176952  124.755920  0.342046  1.473229       6.602757   1530.436401 -124.164223  10.469658  3.642435  103.790169
4    128.549042   8.188345  120.980736  0.330642  1.022154      10.741028    811.888245 -167.127609  16.192087  3.957295   50.852463
5    120.794777 -10.986328  132.124313  0.347415  2.285909       9.887787    741.539062 -203.594070  11.898114  3.973534   71.392159
6    139.009293 -19.525269  129.436646  0.339939  1.533821       8.176068   1431.679810 -136.315811  11.936912  3.961099   50.283768
7    130.799942 -10.910026  126.216476  0.339913  1.174163       8.447319    896.386169 -137.028259  13.300372  3.530763   63.744186
8    129.743332  -8.533784  133.777649  0.306243  1.356568       7.790568   1176.550537 -199.283127  11.729949  3.523121   75.516281
9    118.419586 -19.632269  117.520142  0.343427  2.672060       5.870093   1810.032593 -187.042877  12.598293  3.265167   53.290615
10   116.826080   8.604043  150.770889  0.347532  1.267953       8.994308    835.885620 -168.012421  10.744529  1.951279   57.765358
11   124.536270  -6.953924  107.633018  0.319599  1.854640       6.942019   1473.858521 -196.697983  13.363770  3.982472   72.330391
12   118.355003 -25.513147  148.316422  0.326086  2.810572       5.195128   1699.256470 -147.123688   9.050610  3.636924   73.268814
13   125.616158 -11.442747  125.046089  0.319355  2.873080       8.907197    806.416382 -218.809509  13.379728  3.713472   62.322132
14   129.843704 -19.764540  111.758255  0.338496  2.040771       5.600157   1799.641968 -224.474472  14.851665  3.206039   79.466019
15   130.343414  -3.105125  117.607536  0.314093  1.327693       7.224364   1226.699341 -196.419098  11.894588  3.734326   59.644123
16   130.717377 -13.563415  135.975067  0.343729  2.635647       7.760098   1474.814453 -226.920776  11.409142  3.417264  109.618362
17   120.414429   5.005934  132.258499  0.322190  1.622678       8.274408    847.954895 -167.716370  10.543152  3.794653  131.736328
18   128.474091  -1.740537  127.022865  0.341920  1.947128       5.220514   1846.094727 -110.424492   7.029821  3.255734  135.041336
19   129.857407 -19.170246  134.662018  0.319219  2.340041       7.602836   1451.829468 -180.662888  12.721003  3.549343   54.587814
20   126.960381  -2.776455  132.175735  0.315420  2.095393       9.214905   1014.798767 -207.562164  12.449565  3.799476   84.839745
21   117.586563 -14.138854  136.147369  0.327313  2.660764       8.201285    881.022583 -169.309158  10.469891  3.448593   65.643181
22   117.107208  -6.258927  137.673904  0.341558  2.170912       7.014332   1306.424072 -103.887840   8.547843  3.954489  104.047272
23   127.596901 -25.990713  128.950867  0.340844  2.441949       7.708542   1628.771362 -214.828445  11.380824  3.326191   51.046772
24   125.968330  -7.380381  132.197220  0.326070  2.325892       8.222980    789.237549 -195.408585  11.380754  2.998834   66.674141
25   134.778656 -14.329814  119.178116  0.349852  1.149655       7.338269   1207.835449 -186.343201  18.408838  3.294147   93.017204
26   131.518280 -17.886652  116.816658  0.348190  1.260337       7.543504   1239.531006 -157.390503  13.633863  3.199455   76.109947
27   136.098892 -18.323349  124.533058  0.325667  1.668332       9.623851    837.873169 -247.395218  18.965139  3.492295   58.142570
28   123.581635  -1.482598  124.422066  0.347016  1.730642       6.748522   1734.610840 -201.439667  13.112347  3.957351   66.894318
29   127.066414 -16.198885  136.534042  0.344287  2.275536       8.046453    996.094604 -161.268982  11.992650  3.035235   50.103954
30   115.104004 -13.211801  140.657776  0.323776  2.411135       8.353317    807.970459 -167.507935  10.433673  3.048175   57.033157
31   123.336197 -11.847161  130.072006  0.296227  2.204068       8.353234    856.681519 -143.533035  11.548946  3.664616   58.428539
32   132.615494 -13.691796  123.676010  0.340272  1.256742       5.502256   1661.039062 -123.541756  13.480519  2.766092   74.955894
33   122.547012  14.484024  121.127296  0.335778  1.796008       9.395258   1028.813599 -163.251236  11.026251  3.783243   73.235352
34   130.375656  -5.847849  132.963257  0.327809  1.371827       7.407267   1276.001831 -176.153595  13.699294  3.402022   60.888500
35   130.474289  10.306768  125.153748  0.316692  1.300024       8.496838   1116.262695 -195.097870  14.580252  3.620707   63.210709
36   124.130692 -28.149029  126.132263  0.334746  3.835210       6.899425   1844.559082 -247.380432  12.835828  3.847825   58.591877
37   119.496361  -8.537155  123.863029  0.308445  2.398138       7.155731   1390.010254 -206.598694  11.951652  3.668415   64.727951
38   134.333374 -16.326683  129.833649  0.328683  1.330774       9.681472    842.709167 -153.059067  15.393522  3.676356   78.466011
39   125.105904  -5.036077  142.335739  0.314480  2.082408       7.639897   1564.578003 -207.135590  12.711477  3.732982   82.839539
40   123.187164 -11.893089  125.228325  0.333627  2.363649       8.443181   1251.828125 -200.136917  13.499023  3.742266   65.272583
41   120.761513 -14.283561  124.252045  0.332598  2.781187       8.720734    910.321655 -193.360672  12.546944  3.996258   69.698616
42   135.360428 -12.672972  139.661026  0.336437  1.534710       7.533920   1857.488037 -228.515915  21.443665  3.376680   54.769463
43   130.300461  -0.980663  131.149918  0.335964  1.173413       6.339243   1338.728394  -84.532547  10.433393  3.628455  117.458115
44   133.605545  -6.769149  121.142067  0.339881  1.156398       5.864965   1279.870117 -185.156143  15.386717  3.412438  125.482224
45   134.073914  -9.109516  130.428146  0.336571  1.300594       7.286215   1277.173462 -194.251297  17.645523  3.078129  116.456932
46   117.241730 -13.024393  121.654884  0.324455  2.552101       7.215393   1132.630005 -197.009750  14.132839  3.631079   53.467205
47   124.805222  -8.170607  118.397690  0.341978  1.741436       7.720182   1050.742310 -188.174927  12.026921  3.675843   68.419540
48   130.747009 -12.476982  132.923721  0.349224  1.638950       6.198411   1246.906128 -217.959259  16.523851  2.827984   68.529747
49   125.252037  -1.355811  130.559250  0.347602  1.214444       8.442850    713.929077 -107.702797  11.641845  3.081678   96.788040
50   113.367294   6.427628  136.654251  0.338733  1.692085       5.720395   1233.191528 -181.968491  11.555575  2.121618   57.265739
51   130.697449 -11.057621  119.056244  0.333770  1.429222       6.685332   1355.888062 -218.726517  16.424076  3.175327   53.810265
52   116.606941 -11.325686  144.668961  0.347249  2.642064       6.607121   1359.625977 -248.910034   9.145714  3.174983   88.928810
53   128.372726  -3.479712  121.339600  0.313446  1.767548       6.607941   1058.269287 -190.690918  13.867528  3.117043   85.886703
54   133.035919 -27.258234  129.922668  0.346804  1.885723       9.217298   1480.948364 -228.740341  16.745855  3.678901   51.877216
55   136.393158 -11.564004  132.036713  0.327768  1.007618       5.888753   1915.842529 -133.765991  13.061992  3.956383  117.229675
56   129.035461 -12.205659  131.299576  0.348265  1.425913       6.019181   1389.082642 -183.267914  16.335518  3.032054   71.436821
57   126.591972  -5.380757  126.074028  0.340491  1.886717       6.507388   1449.325195 -198.506058  14.574617  3.571999   87.979240
58   132.058517 -11.017355  125.983200  0.336887  1.188426       8.459875    995.880493 -145.447876  15.836510  3.452592   86.612915
59   116.724701  17.973370  129.226044  0.326505  1.059607       7.825639   1071.627563 -202.882523  13.933159  2.930631  107.356209
60   141.175995 -16.961830  137.542282  0.335605  1.475355       8.551209   1504.320557 -202.059906  14.349922  3.689628   84.841003
61   122.102127  11.720256  127.525467  0.328688  1.323561       7.028986   1537.303589 -142.782028  11.017716  2.874456   62.919209
62   112.928612  -8.917125  113.418457  0.347447  3.158170       5.583007   1720.442139 -211.545532  11.063413  3.523302   58.383400
63   128.764877 -10.500302  118.255424  0.344513  1.822932       8.743880    889.255981 -154.500320  13.029614  2.612220   60.573673
64   127.866844 -12.613665  118.675362  0.323400  1.591479       8.294865    921.517334 -155.017410  12.979543  3.370215   56.995396
65   130.135254   1.300817  129.589355  0.339562  1.286329       7.116231   1485.731934 -166.553757  13.449298  3.654140   85.985756
66   119.983459 -14.542523  107.372314  0.326817  2.282327       8.799559    890.903748 -224.873840  16.515955  3.828196   66.583069
67   123.086212 -15.647183  141.363647  0.335068  2.836060       7.516682   1170.711182 -219.252777  10.666533  3.523835   78.907082
68   130.610092 -16.759205  130.370789  0.333707  2.180005       8.940886   1212.134033 -164.154526  10.809608  3.812124   57.674484
69   125.310112   1.741600  126.696861  0.321804  1.339610       8.441989   1369.300903 -223.599228  15.362687  3.789788   54.195885
70   125.581024  -9.807481  121.210953  0.333445  1.741723       6.558699   1138.554199 -170.757446  16.004871  3.364404  101.579681
71   122.010658  11.712118  127.649422  0.280539  1.281872       8.355365   1222.532227 -176.115402  12.547243  3.241253   65.875832
72   131.274124 -20.991312  121.017159  0.319738  1.637676       6.620350   1724.598633 -230.334000  17.387589  3.992269   77.789474
73   135.136810 -23.558796  133.511734  0.337150  2.563830       8.715547    960.536255 -233.741470  15.824040  3.134885   63.455540
74   119.517899 -25.651339  129.766968  0.343651  3.133041       8.465831   1057.410522 -206.215408  10.636712  3.439359   51.710773
75   128.015335 -14.204842  131.830399  0.349220  1.583863       7.503903   1961.807617 -122.172989  10.765094  3.796969   51.679787
76   130.835556 -28.327312  136.863022  0.347417  1.964068       7.052802   1618.831543 -187.445099  13.057179  3.289252   54.287342
77   129.175842   4.713457  115.704636  0.348764  1.153634       7.194511   1719.903931 -226.365128  15.673451  3.749274   62.161205
78   125.228088  -9.624266  136.423080  0.338461  3.281554       6.788840    841.181580 -188.824890   8.967747  2.458736  114.231049
79   130.218231   1.600958  126.273720  0.343943  1.092681       8.236287   1345.642090 -178.741486  13.403903  3.365645   88.039597
80   131.780411 -15.985578  115.218773  0.339676  1.663062       8.368881   1143.494873 -159.393188  11.806077  3.793346   57.238491
81   125.132248 -18.138639  144.653137  0.324733  2.957121       7.702564   1205.649902 -249.530045  11.075044  3.436702   58.407280
82   131.616089 -16.187792  132.625214  0.319778  2.213668       6.145813   1495.908569 -248.079620  13.053644  3.307050   84.452347
83   118.554276 -23.146233  135.094513  0.337081  2.964117       5.446470   1989.034180 -180.882187  10.524406  3.423293   53.833691
84   124.642220  -5.593725  107.818443  0.321274  1.545332       8.165618   1251.140869 -159.773361  13.346649  3.947189   70.673027
85   117.028046 -13.028192  133.770645  0.343288  3.626399       7.044311    874.529480 -178.151810   9.411140  2.274773   61.865067
86   124.719391  -1.175697  140.760773  0.297172  1.775382       6.337337   1918.977539 -158.061203   8.160173  3.954102   75.327461
87   133.668808  -4.987257  133.640427  0.319887  1.313133       5.773740   1345.775391 -134.868912  10.988176  3.290467  100.843475
88   135.136398  -8.739521  118.007622  0.336619  1.088556       6.019100   1957.587891 -121.773354  12.948643  3.850374   86.547859
89   124.952362 -14.397686  132.602982  0.340915  2.457499       7.683251   1412.947998 -215.369507  14.568937  3.393372   51.980705
90   116.684395 -18.370440  125.113121  0.346918  2.901325       8.474900    932.918579 -216.373306  10.229535  3.414396   75.104073
91   129.826248  -2.859207  124.283745  0.332367  1.499501       9.549131    823.293701 -134.899521  10.182702  3.957013  106.126335
92   135.468414 -10.177402  134.873520  0.327660  1.073829       6.044928   1898.010742 -161.351715  15.944675  2.871905   54.575867
93   116.257408 -14.706758  124.042282  0.349825  2.038353       8.829208    775.515747 -221.424896  17.121084  3.506616   50.911739
94   134.419357 -10.818507  117.802567  0.335923  1.188745       7.691555   1315.469604 -240.355164  26.007355  3.829128   84.749741
95   120.507912 -16.642521  124.181068  0.347535  2.779655       5.674295   1703.674927 -122.874512  11.759881  3.297960   68.065208
96   128.131866 -15.630117  127.217941  0.343130  2.324301       8.683510    862.177246 -181.070847  13.562098  3.490770  101.830910
97   128.657135 -25.065529  144.592514  0.339745  2.564854       5.479709   1828.806396 -160.439209  13.164162  3.823419  104.323563
98   117.814285  12.274551  139.346313  0.311883  1.158538       7.076139   1778.286621 -185.469604  11.839520  3.203446   67.710114
99   114.958313  11.486541  128.814636  0.266427  2.162177       8.550534    925.272888 -207.567932   8.990011  3.633484   65.038918
100  123.986183 -12.577297  129.999176  0.324069  3.400388       7.035342    957.039795 -157.024811   8.753404  2.856972   76.144470
101  129.769928 -14.113614  139.908157  0.335375  1.570878       7.286922   1333.994873 -165.119400  13.452130  3.370645   67.316673
102  122.011658 -16.857403  125.757263  0.328658  2.712446       8.136369   1227.678589 -228.914383  13.944968  3.976391   53.241016
103  117.830589  -5.871834  132.648407  0.344805  2.710340       8.734587    953.405396 -194.861557   9.122211  3.341110   74.286339
104  136.126007 -20.459341  120.551575  0.341151  1.312156       6.423224   1929.683350 -138.312820  12.921286  3.085692   54.203175
105  119.761101  -1.770485  123.489182  0.312849  2.152854       6.036466   1553.337280 -199.207581  13.996249  3.778746   73.582092
106  124.376297 -10.907536  131.305496  0.326805  2.295620       5.927929   1436.474731 -216.982971  13.484818  3.211778   64.111687
107  120.232536 -14.122708  135.980042  0.328181  3.325807       6.625545   1823.932007 -247.607910  11.065633  3.610159   69.983696
108  137.110001 -20.529533  129.770813  0.342154  1.761138       8.372194   1030.646362 -185.867065  14.436052  3.426590   72.072815
109  137.515152 -14.235036  117.198555  0.339533  1.118951       6.546566   1422.748657 -128.445084  15.937580  3.204076  100.358414
110  121.678596   8.391146  139.345367  0.349146  1.044765       7.378634   1019.120361  -93.070251   9.000971  2.288978   75.748543
111  140.425919 -12.290462  129.225174  0.324858  1.151992       7.491384   1700.938965 -117.631378  10.644144  3.759286   89.512947
112  128.473038  -9.324739  136.027328  0.311927  2.208384       9.117837    786.332581 -241.672165  13.479996  3.307907   87.003395
113  134.601746 -17.415953  134.905685  0.342409  1.259080       9.841805    700.002136 -124.070877  15.506172  3.563737   81.149384
114  127.873009 -13.400890  130.230545  0.345574  1.611026       6.378314   1970.449829 -164.829102  14.887382  3.507885   55.719646
115  120.858353 -27.562601  134.952637  0.340386  3.224202       7.871371   1194.565674 -234.097305  12.668988  3.629286   51.035553
116  134.680099 -14.527606  139.263062  0.332019  1.770996       7.430053   1803.515381 -246.010071  13.239058  3.362683   60.614868
117  130.040192 -15.802686  132.599411  0.336235  1.845793       9.036677    794.628418 -200.495987  14.602040  3.503949   86.751007
118  121.772346 -18.424633  123.061989  0.349757  2.814192       6.441265   1543.673096 -234.506973  12.348532  3.885914   68.422798
119  122.605865 -20.751192  141.125153  0.343756  2.806831       7.605766   1235.871826 -210.827286  10.570455  3.599798   73.274147
120  127.448364  -1.974725  133.736313  0.339278  1.256131       7.247462   1525.723511 -175.700851  12.004966  3.930808   73.124451
121  122.026306   8.862126  118.800919  0.321635  1.481676       9.251750    778.529358 -202.903717  14.470785  3.487930   68.017311
122  122.737694 -18.316570  126.523262  0.348106  2.792093       6.912762   1135.728760 -187.522644   9.205640  3.237665  101.186859
123  129.605331 -16.621000  129.358261  0.342027  2.457723       8.698615   1280.291138 -176.879318  15.405510  3.829842   56.620224
124  144.205704 -22.653879  132.285599  0.340876  1.253281       8.713796   1251.931396 -150.854263  13.766706  3.399581   54.794270
125  120.804222  -2.550717  138.647018  0.308766  1.849391       9.288068    911.499756 -220.426224  12.048274  3.502134   54.973255
126  128.245926  -9.415273  113.511833  0.346563  1.269673       5.660965   1402.790649 -210.318008  20.934448  3.461339  113.383003
127  121.038269  -4.048844  128.268890  0.349905  1.708521       5.629039   1396.491821 -216.424667  13.224704  3.191978   78.584656
128  116.336853 -14.455169  118.543015  0.348854  3.240343       9.136370    947.918640 -229.290741   9.227078  3.650050   54.726212
129  128.334534 -19.316467  132.614151  0.336494  1.958222       8.825706    862.215393 -135.732513  12.700088  3.438689   71.326233
130  128.020996   0.350377  114.137787  0.323336  1.662943       6.118910   1607.679077 -138.474625   9.691196  3.930324  102.492462
131  117.277992 -22.238564  125.923248  0.349737  2.930152       7.153695    949.486755 -110.655869   8.126480  3.247032   91.779900
132  121.592186 -15.066898  127.798943  0.341132  2.271087       5.846409   1796.587891 -190.278397  12.274012  3.731354   58.795670
133  122.889763  10.720716  134.402405  0.334250  1.192576       7.108908   1105.940674 -203.318420  15.592302  2.156817   65.785538
134  123.448456 -15.476395  101.836731  0.341409  1.927118       7.840042   1102.498779 -147.576614  14.059815  3.941709   61.530838
135  128.107452 -19.052664  139.392853  0.338896  2.152008       8.516397    929.539612 -165.983795  11.392158  3.024604   83.952599
136  120.604218 -13.693029  117.967049  0.345467  2.249424       9.201624    782.558472 -214.650848  14.443506  3.510276   60.142323
137  133.780258 -10.601246  131.424438  0.340029  1.875221       6.935619   1876.366089 -159.486267  15.827493  3.181866   69.485916
138  132.507980  -5.647578  121.312782  0.335962  1.333131       6.526833   1707.826782 -234.271866  21.524035  3.452581   54.850998
139  125.889946 -28.663349  125.997101  0.329474  3.449833       7.955594   1160.860107 -235.861954  12.195001  3.918318   74.008537
140  126.510490  -8.609675  137.535538  0.347289  1.360685       8.867137    790.976562  -93.773781  10.419156  3.946165  121.731827
141  131.512299 -16.519060  127.506577  0.335980  1.350823       8.082778    986.811096 -179.260208  19.524069  2.946669   53.864006
142  132.972580 -12.360570  117.271011  0.343772  1.697565       8.536954   1343.435059 -232.237000  16.756687  3.846533   52.161354
143  124.497742 -27.010727  135.103775  0.340643  3.273345       7.342371   1566.854980 -202.605331  11.168771  3.466343   62.949158
144  122.971252  -3.253004  111.887733  0.343111  2.582550       8.157744    751.019348 -218.477295  13.792575  3.847943   96.345528
145  134.061157 -14.754848  127.668739  0.321588  1.444414       8.023158   1269.911743 -214.666519  15.588047  3.336932   74.484795
146  123.389519   1.006688  119.859879  0.348285  1.553759       6.048902   1778.114868 -214.681747  11.622675  3.833967   75.355003
147  136.298157  -9.137084  128.204620  0.338703  1.406448       5.209679   1919.066040 -138.392807  10.081548  2.662603   66.730652
148  119.049934 -13.193861  138.256332  0.326672  2.725112       6.328072   1283.044312 -176.868942  10.592387  3.113964   55.597069
149  131.188187 -12.868405  129.521866  0.342574  1.939595       7.776818   1235.198608 -245.758072  16.987585  3.585142   55.776176
150  118.781075 -17.600187  121.865211  0.343723  2.520191       8.084451   1275.820435 -236.650681  13.200443  3.994073   61.496372
151  127.522530 -17.825676  136.503723  0.348167  1.950156       9.668139   1012.402344 -210.212387  17.825947  3.927528   58.892467
152  128.269043 -14.890813  117.462166  0.327148  2.286903       8.113533   1097.099609 -185.796448  12.747742  3.776912   69.513039
153  125.778168 -23.663403  141.275101  0.348389  2.468003       7.745696   1079.410645 -201.958313  13.410044  3.246250   71.876236
154  129.991623 -13.640985  130.958878  0.333905  1.386402       6.463505   1383.854858 -202.430557  15.365041  3.343159   62.467724
155  134.384781 -10.492855  142.555954  0.336666  1.017644       5.294545   1561.104248 -104.367775  13.034055  2.602648   66.237350
156  106.387825   2.033023  119.349678  0.346300  3.059139       7.416217   1082.805420 -173.976028   8.214625  3.876148   72.101387
157  130.569016  -4.752065  133.936493  0.322232  1.185503       6.732314   1461.255371 -121.644081  11.885635  3.962999  104.327820
158  132.556686 -18.668577  126.102737  0.348079  1.447037       5.368458   1743.498535 -174.182861  17.434702  2.637160   69.508057
159  130.267883  -7.559302  109.771400  0.348652  1.181666       9.547085    823.076111 -118.298004  14.582151  3.637566   78.132179
160  116.925156   3.579419  125.965202  0.341763  3.484608       7.768474   1071.313721 -213.778458   9.167498  2.655583   83.803116
161  126.761497   7.470078  124.347397  0.327075  1.038388       7.791763   1187.738281 -154.895645  12.905979  3.841878   85.736214
162  128.538513 -18.094948  129.898605  0.336684  2.791673       6.728185    897.640747 -219.910004  12.227004  2.399028   90.554695
163  127.108406 -20.415815  131.250381  0.348478  2.734049       8.679591    949.048401 -192.291931  11.190328  2.943029   57.686569
164  133.347519  -1.519888  117.175926  0.329743  1.008442       5.193950   1829.489502  -82.057381  11.375101  3.360175   79.061996
165  118.225479 -10.023649  118.103821  0.337399  2.433393       8.327482    905.920044 -217.525024  14.063601  3.755281   62.740196
166  132.503784  -2.847151  127.992393  0.319428  1.333550       7.408831    947.579346 -147.637100  11.913274  3.968645  137.992172
167  123.908745 -14.050554  128.949295  0.333926  1.859740       7.764431   1024.327026 -105.495705  10.947734  3.198528   64.092377
168  113.702179  18.744362  132.130386  0.316023  1.561178      10.379194    742.509094 -229.084351   7.908222  2.455253   65.491341
169  121.768600   4.136018  139.657608  0.327833  1.081535       7.636038   1143.648682 -198.185989  16.036915  2.949017   68.966095
170  129.715607  -4.110079  133.147232  0.340847  1.421334       6.326544   1604.887451 -170.774582  14.367840  2.961598   97.558975
171  134.981369 -13.397969  111.365486  0.340297  1.006096       7.375024   1061.592773 -201.081741  15.994523  2.926753   56.899151
172  130.334503 -11.972676  138.860519  0.339892  1.543142       7.142514   1028.549927 -125.505150  15.324249  2.523230   70.855560
173  132.245804  -8.147738  123.243584  0.330233  1.165302       8.382820   1178.545166 -193.523209  15.085082  3.376530   67.303223
174  132.615891   0.951637  120.431236  0.332931  1.448484       9.585946    918.644470 -149.555710  11.106656  3.781871   95.968422
175  130.723480  -2.250392  127.570480  0.324478  1.281589       6.765321   1407.147461 -134.004532  13.386388  3.300008   96.550293
176  125.161682 -10.621200  126.204308  0.336328  2.590631       7.815278   1303.785156 -221.190582  11.988998  3.863154   62.043583
177  127.377419 -21.821924  123.748222  0.343831  2.302151       8.924462    843.074280 -206.552048  15.984332  3.827842   71.825829
178  123.620026 -21.922367  126.189468  0.348482  2.191889       8.421687    993.040710 -194.847153  11.840530  3.910402   54.557247
179  130.591431 -26.097824  143.512543  0.343100  2.476816       6.810886   1562.234497 -185.101364  13.139427  3.665220   87.419006
180  119.134514 -24.962296  142.479721  0.328488  2.750632       8.227777    856.486816 -143.664520   9.980070  3.276415   52.236767
181  116.840439  -5.758355  138.626511  0.327798  2.371237       7.734641   1122.726562 -238.565613  12.381702  3.272570   67.929741
182  124.391853   7.638349  131.625473  0.326392  1.744019       7.800948   1685.849609 -193.936142   9.863537  3.635855   51.377998
183  127.881668 -14.253947  139.003006  0.342560  2.275564       7.057120   1371.211182 -219.370697  13.345091  2.936118   59.387856
184  118.189102 -16.878092  123.008202  0.339117  2.872209       9.035316    902.139038 -162.062958  12.322323  3.453407   67.506157
185  128.889145 -20.392534  110.426994  0.342667  1.721770       8.126973   1050.300537 -170.756210  13.673850  3.624547   90.963799
186  128.100433   0.752986  126.422958  0.315020  1.507578       5.511300   1934.320923 -184.495544   9.686770  3.903440   77.782982
187  131.350632  -7.772502  115.633995  0.322141  1.047572       9.187016    863.833618 -206.638428  14.887346  3.967865   76.635460
188  136.943024 -14.692193  128.724686  0.333065  1.217228       8.209278   1293.299805 -143.323700  17.122662  3.686193   74.600403
189  133.732361  -7.905044  109.171623  0.333969  1.331128       7.004707   1304.304321 -181.391968  15.485617  3.669105   71.810623
190  128.306259   2.592552  127.431282  0.322893  1.210105       7.220859   1144.335205 -228.697464  17.148222  2.994725   64.530029
191  126.187180  -1.718768  118.230232  0.335401  1.612135       5.188964   1795.867432 -199.997513  13.393661  3.628116  106.473625
192  131.272583  -1.183508  117.208809  0.309682  1.139580       6.847348   1672.201050 -151.840286  13.737936  3.631392   61.047611
193  120.232887 -10.206810  134.510956  0.296897  2.473395       7.517861   1011.788879 -224.232941  14.237294  3.561944   59.992420
194  129.073303 -20.103403  153.753433  0.311592  2.273642       9.151241    791.380737 -182.944260  13.038777  3.656799   69.965370
195  126.108147  -7.455681  130.166382  0.339620  1.828474       9.715680    777.610474 -222.964432  13.071148  3.970078   71.313873
196  126.112335 -18.820082  138.709946  0.340418  2.351272       9.462581    847.017090 -154.866226  11.001686  3.374383   72.330925
197  129.238678   1.358364  124.538254  0.293443  1.184285       7.336308   1398.458740 -184.508224  12.619640  3.713609   65.644196
198  118.989914 -10.261167  125.780067  0.334701  2.530449       7.498446   1366.302490 -129.209000  10.858519  3.747089   86.617233
199  125.271584 -19.603102  128.666351  0.335939  2.583323       8.124838   1359.135864 -217.454224  11.939124  3.913095   72.626793
200  128.664536  -0.662505  134.552124  0.338326  1.071594       7.352407   1450.557861 -160.052246  13.103497  2.988493   82.446548
201  127.740639  -1.448209  126.061020  0.330353  1.220034       9.059636    839.533203 -198.164505  16.244658  3.078157   56.266541
202  132.366791 -19.664057  132.377213  0.335750  2.221711       8.609536   1164.297607 -215.859344   9.606066  3.419855   65.626152
203  127.064812 -21.452482  136.253525  0.312945  2.396667       8.459419    941.928894 -226.890579  12.930846  3.519011   56.920338
204  120.828506 -16.253431  119.587341  0.341780  2.296945       9.014471    723.874146 -217.319489  14.096885  3.749179   66.090324
205  121.866951  -0.516550  122.766113  0.346361  1.434842       7.626350   1006.181885 -144.945557  11.420210  2.530107   51.927742
206  129.391953 -15.213692  127.342049  0.326286  2.979499       7.709668   1509.552612 -232.502274  11.926208  3.694333   73.778564
207  125.884674 -11.843149  126.665718  0.339284  1.831194       7.544563   1477.975220 -230.531860  19.269283  3.504980   54.829575
208  124.273354  -3.121395  125.875946  0.330343  1.724860       7.358737   1078.412842 -118.992828  11.784445  3.890384   84.933800
209  133.034164 -13.726635  127.750214  0.333098  1.169518       8.552621   1119.051392 -166.371201  16.401264  3.572746   54.357788
210  128.349625 -25.599577  119.871239  0.347450  2.280219       8.390527   1294.768311 -242.299927  15.007099  3.944956   54.846703
211  128.118027 -19.165724  129.189392  0.345850  1.940857       7.489492    862.272461 -158.073410  14.278563  2.666706   94.016151
212  120.673729 -19.927294  143.900665  0.316340  3.259706       6.626188   1420.920044 -209.841644  10.865670  3.896770   69.193024
213  123.905563 -19.763466  134.438950  0.331555  2.206056       8.594908    757.426514 -193.605957  13.929573  3.795300   87.090370
214  115.512535  13.861540  122.791763  0.345455  1.440043       7.039720   1232.110352 -127.969101   9.827048  2.594805   58.317493
215  136.466705 -17.142143  125.133209  0.345469  1.888207       7.925313    864.341125 -191.982803  15.256270  2.401513   77.115562
216  126.400139   6.327718  112.872902  0.342399  1.430089       7.378136   1243.919067 -176.727707  11.045417  3.233705   62.758121
217  124.974747 -20.486345  120.995407  0.342067  2.350863       7.214502   1181.651001 -249.875870  16.221697  3.299766   70.982910
218  122.449326 -19.360739  123.240623  0.341110  2.074884       5.801029   1506.953003 -228.683594  16.374931  3.178691   72.977715
219  120.117874   3.781288  121.225853  0.348434  1.654436       7.157211   1117.322144 -171.102844  11.488976  3.021943   94.228645
220  135.057281 -14.856344  121.220490  0.320573  1.303088       8.287693   1126.409180 -181.760147  15.431993  3.136287   50.300007
221  116.361198  -0.251448  117.300674  0.347071  2.170356       6.273173   1666.715332 -191.055466  11.053558  3.672677   70.010941
222  121.603546 -21.552902  123.685776  0.340338  3.609974       7.866925   1605.620361 -244.299240   8.716069  3.899881   60.036640
223  126.201309   2.511825  126.892670  0.323351  1.138987       7.588766   1250.847656 -142.142807  12.494739  3.960683   70.935577
224  130.081161 -11.436110  123.391006  0.339496  2.108431       6.171947   1801.481323 -209.678726  13.542818  3.444636   84.877098
225  123.715843  -4.077278  125.167282  0.330835  1.911364       6.461410   1826.125000 -118.269424   8.503459  3.661296   58.297447
226  129.970520 -17.115164  134.209488  0.342850  1.761145       7.406695   1762.049072 -204.702454  15.251578  3.993237   73.066612
227  128.631104  17.173298  115.590034  0.335614  1.251433       5.346986   1902.570801 -116.201637   9.882957  2.772803   61.241066
228  126.793716 -19.687656  136.416260  0.347647  1.917745       6.230333   1692.354126 -213.637024  13.093801  3.580158   74.357826
229  125.314240  -0.839474  110.727287  0.349958  1.636368       7.854028    904.210266 -242.569672  12.838812  2.963240   83.488518
230  116.624367  20.779081  131.377380  0.324675  1.486837       8.899870   1042.480347 -176.645203   9.889707  3.193611  135.600327
231  115.597481  -5.844110  126.065628  0.330230  2.213524       5.626854   1765.814819 -197.076324  10.039231  3.424624   56.151756
232  129.326889 -20.193548  136.799118  0.340053  3.127150       7.758883   1214.757324 -244.972549  11.809537  3.470960   97.427849
233  122.463974 -16.059235  134.450058  0.347718  2.597774       6.489739   1569.327271 -178.532120  11.743316  3.461658   71.033623
234  126.048882 -17.967548  139.734818  0.339473  2.041585       9.609143    876.653320 -237.339508  17.257738  3.573015   83.265846
235  130.988937  -0.026804  106.869484  0.299624  1.161740       6.992566   1375.358887 -154.532669  15.592340  3.998725   89.714424
236  129.824707   0.739268  114.035889  0.326670  1.106290       8.073496    983.157532 -129.163864  16.042358  3.753578   89.902237
237  129.358810   1.243324  111.772873  0.343079  1.189788       8.782727    855.191650 -174.650101  12.624389  3.426199   55.453053
238  130.286850  -4.704727  105.502434  0.327605  1.411112       7.433717   1288.260132 -136.984756  12.112785  3.727691   65.760124
239  123.260284 -17.712385  136.053848  0.338113  1.901612       8.839332    738.250854 -221.990540  14.989099  3.542335   63.306755
240  125.309906  -0.253453  129.018478  0.313953  1.309113       8.720724   1014.147034 -194.065979  16.779158  3.636785   61.899651
241  119.757668  16.455936  125.405472  0.319990  1.050184       7.141337   1642.010620 -207.246307  11.987398  2.934876   59.213688
242  126.648300 -11.627450  125.145195  0.335954  2.149789       7.319204   1643.579468 -194.607864  13.356565  3.929247   92.283646
243  128.007477  -3.569853  120.717934  0.324198  1.527569       6.247886   1455.992920 -205.917816  14.101924  2.960685   56.038486
244  117.009048  13.312441  119.900322  0.311731  2.555343       9.841563    862.955383 -236.753784   9.930075  3.425689   73.486069
245  122.356850   7.416469  108.836761  0.349604  1.455930       5.714336   1803.674561 -166.363647  12.805089  3.520578  106.972862
246  130.555542 -13.933016  131.217590  0.319714  2.034738       9.037888   1263.169067 -229.282455  14.566981  3.946469   74.347054
247  128.272690  -8.378460  128.814835  0.329155  2.190674       9.977117    867.187012 -204.056488  11.963996  3.721150   53.067829
248  123.421944 -18.297724  136.830963  0.315700  3.159669       7.936226    878.771240 -213.213577  11.091472  3.637415   62.802143
249  119.982986   7.536737  135.614151  0.347930  1.131564       9.373518    817.288818 -180.821442  12.389325  2.915554   69.115471
250  120.662376  -5.826007  121.245598  0.321255  1.792693       7.570085    902.474243 -158.456940  14.149802  3.591135   84.949173
251  130.972443 -27.309479  134.675583  0.342079  3.333222       6.724061   1626.574463 -212.568954  12.900849  3.244188   73.476089
252  138.416153  -7.149451  138.794647  0.312645  1.024838       6.681892   1991.399902 -201.069534  17.061523  3.440196   53.710281
253  132.223709  -2.730000  113.363510  0.330570  1.116190      10.113442    717.424072 -127.564766  12.198421  3.635588   66.561539
254  125.392883 -17.012651  128.175735  0.347845  2.779816       8.988473    700.565430 -242.090332  13.589708  3.134854   88.914825
255  121.215134  -1.742546  133.288345  0.343057  2.492905       7.525684   1326.162720 -225.750977  10.657628  3.397524   84.727264
256  131.423798  -7.043928  134.581940  0.324235  1.467338       8.259870   1133.746582 -179.407074  13.362265  3.794549   89.100800
257  128.353241  -1.929671  121.377159  0.340894  1.172868       5.630103   1948.774170 -163.082809  14.803039  3.304860   74.958702
258  139.268265 -17.405172  131.026367  0.348914  1.115682       8.257669   1420.838623 -236.851959  20.462534  3.264882   63.798706
259  130.073807  -8.784328  114.956123  0.329075  1.126824       8.220061   1264.095703 -145.037415  17.572269  3.953280   86.045586
260  139.822784 -14.066404  133.924774  0.345897  1.333109       9.046585   1445.879761 -240.050262  18.899958  3.343077   51.050880
261  128.989487 -24.671457  125.180405  0.332068  2.220322       7.322662   1739.245972 -180.311981  13.423045  3.878140   72.305664
262  120.290642 -18.277060  130.762421  0.317363  2.710170       7.824432   1033.608643 -165.524658   9.290693  3.634900   65.594704
263  121.832298 -23.870293  132.635132  0.346869  3.770809       7.336731    828.812073 -237.536209   8.565533  2.895809   75.894348
264  123.927811 -12.265288  137.042831  0.335806  1.647926       6.647954   1457.462891 -225.710190  21.205742  3.979264   77.871681
265  132.267120 -12.043093  114.444992  0.333535  1.080369       7.178236   1325.511597 -217.587006  16.923248  3.856081   61.394207
266  128.587906 -13.246340  135.501465  0.346881  1.493636       5.960052   1910.595825 -173.915146  15.544663  3.883266   60.218506
267  138.195435 -11.681261  143.366974  0.339471  1.156445       8.019129   1639.470947 -174.476562  19.159975  3.471705   50.761852
268  123.935150 -25.071358  123.430847  0.348388  2.637751       8.992582    813.123901 -216.546265  11.862654  3.629114   50.821350
269  135.664200 -26.119034  139.040070  0.349560  2.272993       8.865681    829.551941 -163.033401  14.956198  3.062412   96.244331
270  126.650070 -13.130926  121.921638  0.341906  2.265010       6.256826   1356.500488 -158.424484  12.959251  2.735622   59.359535
271  136.415833 -13.678844  131.326080  0.336411  1.241395       9.343181   1196.716309 -176.581345  17.971867  3.982676   99.370132
272  136.079544  -9.104791  126.030602  0.346191  1.084541       5.990299   1449.189819 -150.867172  15.673666  2.721823  119.607643
273  129.624710  -2.798066  130.603226  0.311738  1.253730       7.298468    976.438477 -115.208672  11.714830  3.008781   77.516853
274  130.786606 -15.993350  142.067429  0.349113  2.026729       6.785521   1388.581787 -233.722870  16.219074  3.242003   73.467438
275  121.806396   3.440997  126.733521  0.336510  1.372244       5.065184   1898.771729 -114.803299  14.085401  3.671661  118.580597
276  124.309677 -23.689981  139.410858  0.339398  2.972089       8.000972    961.952576 -208.461746   8.970096  2.672365   52.176273
277  130.348801 -15.344459  136.152542  0.334873  1.874730       7.062018   1801.220459 -149.554016  15.472528  3.926011   55.295761
278  123.346214  -1.979733  131.221985  0.278897  1.641442       6.497650   1716.731201 -163.067886  11.302437  3.817892   55.181347
279  116.658463 -15.180676  123.109932  0.343141  3.171119       7.012151   1139.973267 -136.303909   9.251013  3.698855   55.410240
280  138.652817 -17.613359  128.609161  0.345480  1.508783       6.424474   1551.892334 -110.000130  11.575153  2.853642   90.183762
281  134.418182  -5.221014  136.680283  0.338526  1.095458       7.556545   1239.364868 -121.966370   9.196256  3.929590  104.766617
282  126.703636 -13.220226  112.704620  0.349072  1.327947       8.775496    953.125854 -152.932587  15.178102  3.431366   54.931011
283  130.845657 -14.236819  106.597420  0.341922  1.354771       8.424814    981.395630 -228.261795  16.066616  2.945445   90.145302
284  128.910156  -9.792767  111.454391  0.348630  1.352357       9.973725    835.640503 -158.133606  17.043924  3.874890   60.309361
285  118.886497 -12.011445  121.830200  0.333171  2.871043       6.056266   1465.849609 -220.657516  12.074557  3.370704   64.871941
286  131.423172  -5.423847  131.920975  0.315634  2.214670       6.334273   1210.579468 -188.481293  11.085490  2.696967   52.113960
287  123.561417 -21.044905  135.567780  0.341152  3.026193       5.884284   1685.990234 -192.521484  11.256717  3.428611   70.462334
288  136.752625  -6.180412  141.943130  0.331956  1.103024       7.529659    819.284180  -82.876511  11.591216  1.790632   78.563492
289  129.197571  -0.963440  123.373466  0.335779  1.142910       5.883057   1643.398193 -120.953125  13.995812  3.479591   51.878960
290  124.917229 -14.653365  131.168839  0.348971  1.748636       7.150431   1241.059326 -137.728943  10.501029  3.674698   70.763710
291  129.133575 -11.043327  130.064545  0.325805  2.178532       6.151490   1731.370361 -245.984024  15.093281  3.799483   69.592987
292  120.441750  10.372968  124.908707  0.324943  1.104756       5.758070   1578.341675 -120.914223  10.664750  2.992113   92.467758
293  119.574738 -24.375154  131.302155  0.338643  3.262463       6.463861   1182.275513 -221.009903  11.135884  3.243040   70.343407
294  122.478539  12.487530  125.506042  0.345837  1.340416       5.666266   1531.004517 -100.046448   9.483806  3.358862  132.433228
295  134.359924 -12.659171  128.851852  0.341569  1.224937       8.018380   1286.974121 -172.594955  14.886298  3.568818   76.919571
296  120.835312   0.032376  127.127876  0.339019  1.565259       8.393062    856.750732 -197.685364  15.345641  3.605888  108.319939
297  126.568962  -4.868506  124.203415  0.340753  1.525032       7.248499   1425.235352 -173.124527  17.163813  3.771767   94.494698
298  126.121056 -12.895388  120.521584  0.340683  1.515207       8.129787    897.286743 -100.946999  10.847915  3.404278  108.739601
299  136.263535 -19.871449  137.097122  0.330880  3.073254       7.284723   1497.927002 -232.177429  10.564072  3.065022   81.342262
300  127.059662  -8.502429  117.271469  0.332666  2.538446       7.063493   1347.137085 -213.956970  13.070445  3.928596   78.286018
301  127.793739 -14.919390  119.143501  0.321880  1.894903       8.037642    984.969788 -247.262405  16.545111  3.658834   80.929787
302  122.198013  -7.089539  105.401878  0.342133  2.980358       7.622090   1056.116455 -180.858261   9.639833  3.942854   92.673401
303  126.424622  -3.309959  128.974792  0.332729  1.878404       7.188019   1811.138428 -141.163910  11.440028  3.830279   52.059998
304  133.612823 -15.717924  144.522354  0.314736  2.036069       8.566356    925.369568 -164.273468  11.978265  3.470721   81.311493
305  133.356827  -6.411893  140.485275  0.349770  1.425021       8.941684    711.204041 -104.699867  12.012292  1.686079   53.295273
306  126.558235 -22.452278  132.807220  0.340043  2.514832       9.041169   1226.687378 -227.083603  15.396070  3.667485   57.980579
307  126.091255  -1.344092  129.456116  0.323098  1.272025       7.645615   1132.114624 -104.134232   8.221704  3.251738   65.588310
308  114.441925  19.188267  133.499695  0.322783  1.060373       9.247561   1132.225464 -153.560043  11.886571  3.784715   84.102180
309  122.057335   4.648571  140.372681  0.348952  1.188297       6.888232   1495.324097 -203.286758  13.571864  3.952809  122.458931
310  130.078751 -27.537708  131.881256  0.334177  3.854098       7.174736   1632.461426 -194.169357  10.824686  3.252984   60.114326
311  125.174545  -3.213793  120.471848  0.328863  1.447563       6.662568   1281.457764 -131.903275   8.787403  3.480330   61.101067
312  128.106964 -17.834373  116.409561  0.336610  1.682281       6.877821   1579.938232 -215.875748  16.962721  3.436803   76.380440
313  118.966042 -16.197433  127.219315  0.343534  2.799025       7.816156   1151.933960 -226.910156  11.938024  3.347012   71.898781
314  138.343262 -16.476240  146.288269  0.345617  1.679119       7.273921   1557.656616 -236.378021  16.624128  3.984800  134.647369
315  126.799629  -9.369742  123.374588  0.310623  2.042670       8.064974    987.588196 -140.918533  12.037049  3.881309   81.012634
316  125.949493   3.968946  119.797104  0.311142  1.269627       9.325338    778.635071 -168.032120  13.590382  3.532019   69.024849
317  128.338043 -14.048761  132.208420  0.320559  2.437006       9.712283    702.668091 -220.853210  14.326620  3.092322   51.944019
318  135.084183 -19.355751  130.076019  0.345337  1.535151       8.242371   1229.877686 -183.552734  15.598036  3.997602   74.385017
319  135.638641  -9.471285  134.569183  0.328537  1.136371       7.469768   1204.919067 -176.367096  15.801406  3.548652   83.217529
320  120.429222 -10.872178  139.910309  0.344528  3.737410       5.982550   1583.569214 -190.492310   8.066095  2.838108   75.363441
321  134.984207 -20.826187  127.541534  0.335294  2.203099       8.281664   1121.147949 -247.035019  17.118986  3.438700   97.964973
322  125.622849  -6.983127  126.038773  0.320395  1.802932       7.447525   1402.186035 -161.872818  11.003623  3.547637   53.887459
323  135.473969  -4.800240  139.401764  0.323990  1.209540       9.206877    929.829041 -133.679199  11.445874  3.143504   52.421101
324  128.718048  -3.896147  112.291573  0.334056  1.538623       5.649346   1872.953491 -103.516167   9.005920  3.537642   60.101540
325  127.897293  -7.473069  127.810753  0.327187  1.701509       8.326623   1363.395630 -177.205383  12.775889  3.936807   65.461159
326  122.634880 -25.313475  137.032425  0.336477  2.797607       6.164567   1528.247314 -180.050568  12.783640  3.779665   80.862701
327  116.146042 -22.534853  138.337265  0.347149  3.085978       6.947515   1346.464111 -166.015823   7.579534  3.278048   55.064171
328  133.512924  -8.769659  116.267334  0.327825  1.116623       9.117253   1065.337646 -225.468491  17.653843  3.501662   51.752964
329  127.011803 -23.088427  139.900345  0.342374  2.582155       7.858217   1660.995117 -241.575790  13.829865  3.905483   58.551186
330  135.407349  -9.919052  133.669632  0.347526  1.466392       6.602731   1827.014893 -107.110451  11.541250  3.325992  124.095894
331  128.413010 -17.622478  133.236893  0.325670  2.522668       6.775485   1435.628418 -233.527832  16.682953  3.570611   79.529221
332  125.212868  -8.220794  123.670616  0.347514  2.150191       8.852590    700.964172 -214.521790  15.887319  3.776767   81.236572
333  118.402100  14.310040  134.173584  0.318551  1.002899       7.942207   1351.732300 -223.038818  14.632057  2.911179   86.049301
334  127.522263 -10.904901  119.650497  0.330527  2.826399       6.242007   1551.542847 -247.159409  13.048102  3.617138   60.452744
335  121.723228  15.106996  123.327164  0.322893  1.523499       6.579993   1161.879883 -150.145569  11.723893  2.783267  104.457596
336  122.622635  -0.767799  113.793480  0.331567  3.111047       6.240787   1488.309326 -218.395889  12.066755  3.539462   59.875645
337  129.349991  -1.070751  114.286133  0.346845  1.177336       6.234183   1749.230103 -136.594482  15.937815  3.788993   96.079414
338  125.698349   6.586849  127.476685  0.336554  1.644421       6.011893   1571.087769 -146.379990   7.894965  3.012695   92.110291
339  136.597702 -17.673981  121.148697  0.336939  1.044681      10.450262    875.077332 -143.566742  12.543190  3.504082   57.293415
340  123.836296 -17.040422  129.231552  0.315844  2.571854       7.799376   1034.023560 -200.962708  10.168964  3.821575   56.441090
341  106.640015  -5.918788  118.486687  0.333267  3.581660       6.464595   1393.272827 -218.520477   7.756530  3.845289   57.645321
342  130.662933 -12.101995  131.465302  0.338142  1.503030       7.934072    863.017517 -244.957275  17.204325  3.193507   72.225479
343  130.997833  -3.837764  125.565369  0.345135  1.078102       6.809301   1383.583130 -102.823486  11.520258  2.436763   65.495552
344  129.004730 -16.608765  135.001312  0.328178  2.570514       8.368468   1162.079712 -198.967514  10.155686  3.650547   81.188431
345  137.341278 -15.164641  124.489334  0.342511  1.021251       9.670121   1074.438721 -139.918518  14.981443  3.158901   66.373116
346  129.693573 -11.463388  131.994034  0.343198  1.389375       8.009703   1073.056396 -167.209152  18.509581  3.291400   74.992981
347  123.060616 -11.478630  136.702271  0.333246  1.616222       8.410649   1089.951660 -227.852753  17.049347  3.443039   56.403084
348  132.873596 -19.258230  140.078903  0.348614  2.130034       8.488797   1475.302124 -227.208099  14.056132  3.737928   64.992630
349  125.402824   8.072236  115.040825  0.310591  1.662944       8.855086   1016.749878 -208.137756  12.015429  3.193680   54.724968
350  131.414124  -7.628337  109.124771  0.343894  1.097237       7.932745    804.447693 -169.401123  15.482035  2.874755   66.068390
351  131.972519 -22.897327  119.206207  0.340142  1.761596       7.891509   1363.032593 -227.186554  21.107969  3.764294   75.090340
352  129.456360 -25.570919  143.792374  0.342805  3.461720       9.272716    855.464111 -166.265747   7.990800  3.306594   55.682873
353  129.081421 -15.838157  127.601814  0.327870  2.673917       8.283837   1030.024414 -149.498520   8.344346  3.420689   74.627533
354  128.983566 -14.904371  133.733704  0.347033  2.588453       9.608670    765.932556 -192.727509  12.129103  3.166398   55.242527
355  110.183189 -17.705812  127.069290  0.323552  3.814418       7.409120    978.781311 -205.601868   8.884702  3.887044   61.691036
356  120.655426 -17.157072  143.822189  0.329301  3.382116       6.033653   1844.901367 -151.711517  10.941750  3.959853   92.187866
357  133.621765 -17.145390  110.622261  0.320963  1.250551       7.291863   1874.122925 -194.018143  19.830589  3.942759   57.334923
358  130.743774 -11.366849  117.076576  0.325464  2.218985       8.996521    825.096008 -200.926102  15.194620  3.925280  121.487038
359  127.830811 -11.843028  119.734283  0.348133  1.697922       5.245040   1594.338501 -106.348320  12.948307  3.254820   90.827637
360  129.988480 -24.621679  130.634216  0.347637  2.405013       5.861441   1805.139404 -172.213226  10.793742  3.407461   82.325569
361  120.499695  17.140116  130.722610  0.275916  1.140137       8.086531   1069.286011 -129.617432  11.117117  2.922745   53.829517
362  128.750671 -16.571630  126.062859  0.349462  1.980592       6.847630   1035.287109 -237.100784  17.218493  2.389677   78.655434
363  122.026497  -3.572731  121.461861  0.298778  2.145877       7.620843   1159.751465 -162.138855  12.434953  3.737357   67.247795
364  124.839508   3.820833  125.866714  0.336791  1.302151       8.163680   1177.795410 -109.264076  11.297186  3.736535   68.963120
365  131.862030  -5.290642  116.029282  0.324661  1.189389       8.767330    957.555054 -190.556320  15.822871  3.956976   84.590851
366  129.300690  -3.732702  125.968903  0.331811  1.453034       5.534087   1856.901611 -124.568825  10.913687  3.325493   72.860863
367  131.690079 -16.253597  131.160858  0.346734  1.389018       8.508554   1576.783447 -175.833099  17.779655  3.755363   55.678410
368  128.288742  -7.340964  125.201080  0.326305  1.571591       7.937904   1076.311523 -160.398911  16.115425  3.378241   69.491600
369  122.054756 -15.774683  131.759735  0.325682  1.954917       6.306100   1910.085449 -180.877518  13.411141  3.951072   68.381958
370  123.294418 -23.238926  134.292038  0.349491  2.958233       8.847709    858.281799 -221.426849  11.758792  3.132562   53.433350
371  131.757858  -6.358378  116.533920  0.344046  1.289024       5.156695   1775.078979 -140.659683  12.764745  3.078579   75.347847
372  126.018372  -2.232650  123.334618  0.333987  1.474001       5.270976   1957.745361 -146.820358  15.425694  3.547661   87.908897
373  126.262558 -18.345613  128.854568  0.339072  3.438304       8.253181    864.274963 -218.535629  10.868599  2.766905   50.596561
374  120.548973 -10.760088  129.765152  0.348160  1.889596       6.497795   1554.123779 -215.346344  15.556346  3.596483   87.475891
375  121.836540 -17.776457  131.055359  0.340069  3.264124       7.359781   1028.321533 -199.238342  10.232103  3.463057   55.450890
376  119.797470  -9.471083  122.234215  0.339858  2.082564       5.613736   1883.648560 -172.843781  13.734100  3.869914   79.003799
377  128.704742 -30.109686  141.014542  0.349588  3.495304       7.245305   1879.863281 -224.907822   9.994397  3.961065   55.399925
378  133.433853  -1.560773  117.941734  0.329480  1.079474       9.951227    836.750854 -108.176514  13.023371  3.778042   97.402023
379  113.180336  10.973383  134.167328  0.338544  1.606423       6.458697   1708.025269 -145.014328  11.294550  2.981678   74.275871
380  131.888992  -8.691360  141.608627  0.321960  1.174863       9.492146    702.285278  -87.105164   9.937160  3.430859   78.022430
381  130.075455 -27.760265  146.952209  0.313173  2.852338       7.146956   1343.739990 -239.816132  12.720733  3.491061   53.068188
382  128.622086 -11.634088  135.540421  0.328443  1.461293       5.295107   1617.465820 -222.864822  17.728315  2.947807   59.428555
383  120.412148  17.271006  125.758430  0.281296  1.690541       8.406249   1128.498535 -147.720352   7.534876  2.995331   72.064079
384  119.635918  -2.236515  135.833542  0.320901  1.709432       8.122923   1326.219727 -204.847260  12.479953  3.731131   60.509209
385  121.300598   9.745339  141.079636  0.284710  2.041906       7.317246   1595.035889 -206.263641   9.260547  3.571141  111.527870
386  118.680801  19.929880  125.134171  0.326714  1.174943       8.179498   1932.196533 -239.699615  12.443009  3.697503   50.247887
387  127.118576 -14.989532  138.876389  0.345133  1.634450       7.499020   1441.786987 -133.428909  16.617538  3.205117   53.933773
388  131.155746 -15.301990  129.187775  0.316825  1.754247       7.117121   1682.317627 -204.144272  16.728075  3.825323   75.870667
389  130.531998  -1.964880  112.700287  0.346526  1.385696       6.795973   1569.698608 -207.032349  15.658029  3.599590   68.693642
390  121.398682  -1.120466  113.411407  0.339444  2.045763       6.378521   1621.875854 -221.570389  17.420038  3.933344   95.944817
391  129.427170   0.048521  129.030472  0.317527  1.027726       6.804809   1205.791016 -129.050247  12.883690  3.329133   82.691948
392  121.902908 -16.687000  144.583466  0.320218  2.221603       6.908686   1600.014282 -164.729462  11.288198  3.840376   55.517059
393  128.305679  -6.315043  142.073853  0.326172  1.365700       7.030755    984.255493 -156.409470  13.304700  2.667052   73.824944
394  130.269409   3.658910  122.815750  0.312023  1.230858       7.031992   1583.946167 -117.647858  13.138207  3.828522   56.079056
395  119.934914   4.236161  129.646561  0.316531  1.717931       6.170674   1738.932861 -168.373993  10.722846  3.522732   71.695374
396  119.869781 -20.385019  136.154404  0.345658  3.198910       8.504831    826.747131 -120.410080   5.917379  2.534981   54.750969
397  124.299934  -3.043315  125.833092  0.338890  1.936108       9.438408    701.119934 -147.285858  12.583408  3.569440   92.457146
398  138.023392 -16.209286  143.859390  0.328446  1.654602      10.179472    810.561462 -175.017487  11.859220  3.740866  105.317024
399  130.200989  -1.995332  124.936539  0.349104  1.458531       6.780085   1362.579346 -129.439331  13.263543  3.343322  134.627457
400  116.347946 -11.213740  136.684586  0.335246  3.314025       7.461931   1376.794922 -195.891846   7.855378  3.607308   62.775269
401  137.140564 -16.929512  135.376114  0.339288  2.038527       8.568927   1006.467896 -141.523300  10.615385  2.678829   83.591049
402  125.555161 -19.973585  131.825729  0.345599  2.875942       6.391973   1961.647949 -249.973877  14.380488  3.529777   80.540245
403  130.036606 -19.638830  100.652191  0.344353  1.461178       6.806292   1942.010864 -234.128540  18.004583  3.493058   54.088673
404  126.071007  -7.620438  129.459351  0.349234  1.907168       7.834653    894.742249 -159.430679  12.480000  3.444646  143.442856
405  116.917137  -3.682612  126.224052  0.335369  3.280397       7.784338   1062.755737 -221.924576  10.782054  3.871701   97.829453
406  134.164597 -18.344757  129.248779  0.336414  1.787654       7.257476   1396.489136 -181.204544  13.396273  3.441158   51.235931
407  129.601593  -6.078066  132.564484  0.334757  2.078541       6.362603   1377.729248 -176.780884  12.474432  3.415834   84.854034
408  131.537903 -22.950048  134.196594  0.344597  1.816221       8.926109   1066.362915 -205.024902  17.280293  3.935962   56.068233
409  130.378418 -18.937662  135.345383  0.330934  1.985077       8.163753   1124.517334 -179.218277  13.187512  3.838362   84.517662
410  121.852806  -8.665915  118.534912  0.339131  2.169765       6.890086   1683.388672 -207.104202  10.430488  3.763446   62.073074
411  132.310272 -22.021246  123.459663  0.339869  2.027365       7.752937   1388.492310 -202.980759  14.667254  3.687478   77.476570
412  129.400787  -8.615860  122.690056  0.326494  1.687743       7.093760   1929.490112 -105.314606   9.166754  3.995226   55.603188
413  134.103043 -31.425432  154.276276  0.344078  2.410603       8.493990   1514.927002 -151.146149  12.187413  3.927599   54.905304
414  121.442543  -5.042558  121.397232  0.323816  2.270732       6.406996   1093.928833 -129.972733  10.598105  3.021832   82.342651
415  127.471794 -12.391298  137.617874  0.323207  1.662628       7.829097   1451.324707 -198.495758  10.736182  3.778947   60.702133
416  123.297432 -10.301085  116.961632  0.344494  1.962686       6.896250   1391.550903 -185.742462  14.143971  3.190075   63.032539
417  126.373093 -16.499512  125.069855  0.331093  2.878687       8.580217    910.542725 -218.577316  10.758000  3.556267   57.886387
418  136.236710  -7.772161  137.330658  0.336892  1.335441       9.252250    743.061035 -164.010117  13.541145  2.495663   57.406712
419  134.983307 -11.247275  135.042770  0.323475  1.295137       7.436537   1608.770874 -146.712524  13.682869  3.829319   97.639542
420  128.067673 -12.425638  132.907990  0.334882  1.866150       6.529166   1683.195923 -216.826843  13.600003  3.425658   50.697849
421  121.772186 -11.081288  124.893448  0.310314  3.314528       7.065313   1777.624756 -162.845642  10.245386  3.926657   59.071358
422  129.564697 -23.179790  132.200699  0.338458  3.087156       5.325860   1923.681763 -213.671448  13.181043  3.205007   79.614296
423  134.005722 -19.386150  130.458130  0.324096  1.510219       8.457423   1396.713379 -185.036270  13.332710  3.730582   64.340126
424  122.768463  -5.173793  125.154144  0.346139  1.940914       6.051599   1416.544189 -190.006012  12.529410  3.344054   97.149536
425  116.100433 -20.964869  116.569931  0.346949  3.693929       7.509525   1047.149536 -245.050461   8.379232  3.607528   51.425163
426  127.188560   1.432037  139.419769  0.325672  1.038437       6.872382   1652.589355 -123.171944  13.792706  3.354583   77.546097
427  134.906570 -18.851366  126.902527  0.340461  1.888228       7.060881   1489.471802 -211.445374  17.354597  3.980780   77.999367
428  125.711067  -6.120726  124.063354  0.330981  2.152202       8.139446   1123.839844 -148.728424  10.279302  3.701600   55.148090
429  123.883560  -7.917500  136.441681  0.322092  2.203376       6.541092   1550.762451 -229.436371  14.622191  2.913558   57.697586
430  131.812027 -14.221554  121.096405  0.311378  1.614113       9.250089    736.055054 -189.555496  15.991656  3.580243   60.343361
431  134.916397 -20.307520  128.517761  0.342001  1.860664       7.939304   1632.176147 -193.132965  13.885075  3.769110   78.199951
432  124.130615   2.254988  101.326485  0.329391  1.903869       5.646644   1814.716797 -191.130234   8.727868  3.694218   57.544735
433  134.734253 -19.459484  126.173775  0.344166  1.422243       7.711188   1340.909424 -226.298828  17.323652  3.806939   86.332458
434  135.564331 -20.327732  129.484039  0.341269  1.492424       9.124582   1223.903076 -198.895889  14.529495  3.896042   51.688457
435  115.300644 -19.410200  118.088737  0.342780  2.675717       5.224319   1846.817627 -169.907120  11.338243  3.369769   50.647930
436  120.707298 -11.748963  115.496201  0.342911  1.820209       7.070458   1243.868530 -209.831360  22.077591  3.212444   54.175137
437  134.953033 -15.878111  132.350266  0.317258  1.435712       8.012562   1225.916138 -161.748856  12.329108  3.675646   83.015350
438  126.341660  -2.522550  129.150543  0.332709  2.281168       9.091311    872.738159 -198.523834  13.334854  3.544316   83.177551
439  125.337234   5.578212  127.587288  0.318610  1.070510       8.064898   1290.594238 -179.957764  14.025652  3.944508   67.965347
440  127.052795  21.442635  115.274704  0.342088  1.358732       8.510328    911.755066 -160.254044  10.297780  3.984907  149.226578
441  125.726540 -12.197050  136.602753  0.331535  2.322388       7.999374   1015.780457 -221.166351  13.886346  3.205035   84.905968
442  118.299660 -19.973743  137.412796  0.338155  3.611007       7.821015    795.136353 -223.038422  11.674632  3.238449   83.281677
443  131.362152 -17.408318  133.142944  0.347917  2.031308       7.940857    856.514160 -214.276062  14.292821  2.935926   71.677620
444  135.548965 -12.826715  125.501541  0.322087  1.136627       6.749760   1359.870239 -155.531769  19.238802  3.179651   84.643227
445  120.475815  16.020248  125.496979  0.348090  1.548738       7.048634   1523.375488 -106.731125   8.954835  3.212188   65.182472
446  120.322540 -12.424358  114.022110  0.346938  3.189334       7.316950    946.313171 -230.259033   9.539618  3.193765   74.090744
447  120.558922 -23.609468  131.007797  0.325956  3.959221       9.340702    717.640442 -202.489807  11.225341  3.806610   77.463509
448  122.273949 -14.022762  121.439316  0.344166  1.824564       7.925377    808.932129 -163.374695  12.207587  3.505601  103.112595
449  130.864532 -19.503485  130.074539  0.332385  1.585762       9.033036    874.199158 -241.432083  22.517916  3.986286   89.170395
450  130.737640 -17.260342  133.420395  0.348849  2.090446       8.565371   1256.469238 -178.247787  13.344657  3.108191   62.078087
451  117.788261  -4.651384  111.494156  0.344797  2.316585       6.968365   1133.872803 -198.025635  12.509646  3.483294   61.030678
452  121.587463   3.413878  120.581512  0.341769  2.091058       6.806458   1227.676270 -189.874146   9.734149  3.275961   58.754009
453  135.430466 -10.586602  119.499176  0.330384  1.705700       8.102334   1048.202637 -189.552429  11.043892  2.713747   59.837341
454  132.964462 -18.480898  126.349663  0.339562  2.070575       9.012674    958.232117 -248.313721  16.805134  3.750644   90.061966
455  117.590500  -7.250509  113.696007  0.317330  2.840222       6.008960   1696.920776 -135.771286   6.858025  3.912331   55.865776
456  132.532959 -25.111223  142.246704  0.347423  2.600369       7.924910   1328.717285 -241.359726  13.761971  3.246050   50.820114
457  116.668388 -15.963472  133.225616  0.348809  3.264918       7.465078   1469.946167 -234.075470   9.830560  3.133243   64.080856
458  138.293655 -15.032479  135.474060  0.317373  1.346298       7.530860   1640.398682 -199.615341  14.311001  3.940542   63.223595
459  129.018295 -18.979231  126.411102  0.338655  1.756994       6.229557   1320.306519 -131.053741  12.248998  2.657439   72.571236
460  119.608963  -2.134647  140.300415  0.343877  1.994219       7.691098   1114.275879 -181.597717  11.676329  3.253728  127.897400
461  116.382011   2.106405  108.244476  0.348360  2.262916       7.486601   1090.961426 -208.902115   9.349163  3.600144   81.259712
462  132.450256 -21.415819  115.082848  0.323247  2.042569       7.133245   1403.958984 -197.449844  14.702841  3.058260   61.351910
463  130.969879  -8.340811  129.412384  0.329193  1.048319       8.196646    891.022095 -173.773087  14.942988  3.474640   88.569008
464  126.474648  -6.166578  131.074036  0.347529  1.968634       6.641694   1399.116699 -201.427399  13.696855  3.079037   64.759010
465  121.917923 -12.312989  122.802643  0.345374  1.955052       9.199277   1077.849243 -153.252975  14.730168  3.832542   51.018894
466  126.007149   9.436192  129.801224  0.329411  1.026628       6.904363   1670.898804  -87.720192  11.707568  3.359704   66.551842
467  123.450226  -4.807645  109.250153  0.347031  2.321413       6.775036   1080.884888 -211.312698  15.270358  3.699846  114.347618
468  126.260651 -26.385702  132.550232  0.349710  2.630113       6.091090   1996.352905 -172.038101   9.667979  3.633117   58.780300
469  124.323143  10.668917  130.549347  0.275571  1.241814       8.641408    866.912659 -150.016739  11.073565  3.441488   70.883286
470  114.036720  -2.918105  131.311813  0.316607  2.047703       7.450883   1381.969238 -216.707306  10.658744  3.787475   59.421829
471  127.100044  -5.838371  119.710548  0.324385  1.438132       6.228516   1825.481079 -201.923218  15.420833  3.300385   62.175751
472  127.660522 -13.444277  113.055428  0.347061  1.293224       8.042144   1255.425171 -118.119659  15.075058  3.466144   80.131020
473  127.019264  -2.932753  124.220673  0.324215  1.052619       5.824739   1745.124878 -113.355164  12.651786  3.165674   53.789627
474  131.761612  -1.982706  123.587959  0.312099  1.195181       7.268088   1365.776733 -156.291824  12.513402  3.501644   81.159668
475  135.146591  -8.901151  122.163605  0.323113  1.057581       5.131283   1798.390137 -121.996536  11.809595  3.023082   82.353668
476  126.898949 -18.035492  121.586906  0.341536  1.969407       7.815451   1097.306885 -246.518066  19.546152  3.265961   79.588028
477  121.661285  -6.493856  128.783386  0.327145  2.263184       8.396816    874.287964 -214.344833  12.897803  2.828731   58.384861
478  124.207840 -15.669651  113.558281  0.339655  1.597911       6.408586   1521.102417 -127.456459  13.618301  3.977691   92.332970
479  132.296432 -14.193027  135.559998  0.338321  1.128248       6.719512   1701.335083 -115.266571  12.558217  3.313666   74.341553
480  125.149887  -1.836530  130.622513  0.344769  1.383269       5.890085   1812.316650 -208.826096  11.722234  3.391991  101.215172
481  127.655762 -31.609531  135.888000  0.348443  3.373910       8.679494    886.727051 -230.920364  11.059215  3.740217   75.063538
482  128.460770 -17.464788  121.915649  0.348982  1.759379       7.003939   1350.763550 -135.380188  11.853179  3.227246   54.388176
483  121.929832  -2.019601  131.000641  0.348946  2.303868       6.988315   1365.795288 -228.730026  11.565424  3.439763   90.349068
484  128.097427  -3.576504  124.121056  0.342153  1.380733       8.447979    929.809509 -200.407318  16.607935  3.496298   57.768261
485  123.158424  -6.852134  126.191399  0.325004  1.606354       9.488879    902.571167 -174.259354  11.163417  3.438344   68.520744
486  141.890472 -14.040218  136.552109  0.332593  1.380311       8.029937   1587.467163 -173.880035  13.767674  3.483234   75.170212
487  129.073929  -6.518944  119.538376  0.348536  1.853089       7.413791    998.069031 -107.989311   8.478726  3.037736  134.070480
488  128.995712   1.261993  120.755409  0.287972  1.096522       8.917408    816.043091 -201.624344  13.911494  3.501958   53.048721
489  118.495445  -6.736540  124.716347  0.331206  2.319869       7.696017    916.968140 -217.117599  11.659401  3.356303   74.530922
490  132.237213  -9.865401  117.749245  0.340927  1.113754       6.658530   1684.814209 -172.228500  15.159772  3.338052   67.562660
491  127.050262  11.042804  112.493706  0.324965  1.269663       8.451602   1073.637939 -157.652512  14.020174  3.713370   76.517769
492  125.610619   7.832410  134.005753  0.305794  1.106019       9.927937    868.511780 -188.027344  15.579575  3.568323   84.626022
493  129.416306 -19.366165  133.682663  0.341504  2.213392       8.748275    996.926086 -243.257324  17.752579  3.544965   80.766731
494  126.699829  -5.842921  127.840225  0.331238  1.325000       7.717083   1182.057129 -124.518860  13.409819  3.471590   71.656708
495  127.898232  -0.360439  125.241585  0.307607  1.573473       6.741837   1730.106323 -247.842667  16.176027  3.512476   56.707466
496  116.627953 -12.628206  136.863724  0.341962  2.704968       5.952170   1420.364868 -221.456573  10.427794  3.212648   71.362221
497  120.996933  -3.360578  131.168549  0.315282  1.626911       7.165032    874.217102 -153.654953  14.850446  2.480685   74.157143
498  132.042587 -11.269117  131.134888  0.340810  1.049920       6.814332   1628.941528 -148.917633  19.791344  3.976064   84.741539
499  125.793747  -8.845824  132.793488  0.324763  2.143790       5.610310   1383.617188 -231.708771  13.791421  2.760501   60.884434
500  128.807877 -15.798010  125.974579  0.317101  1.828368       8.470372   1069.375122 -201.325607  13.428264  3.667670   70.540466
501  120.586945 -17.174652  122.660263  0.349186  2.909630       7.737384    996.222717 -205.225662  14.522790  3.773922   95.852432
502  131.374802 -21.715702  116.425636  0.345880  1.419564       7.623710   1499.930908 -190.823135  16.200783  3.500774   61.581108
503  119.350769 -18.801424  119.809448  0.347852  2.482972       8.866137   1245.217163 -220.266083  13.400719  3.774368   58.976223
504  123.326889 -18.085745  131.996048  0.344937  2.579326       7.515633    918.080078 -150.577850  12.253639  3.191257  103.033302
505  126.522415   5.246120  123.522552  0.332916  1.232042       8.917320   1107.089600 -140.087219  10.281052  3.887215   56.601135
506  126.637520 -14.282334  127.033356  0.345322  2.316042       7.614483   1216.045410 -176.899460  11.849698  3.558827   54.631065
507  128.860031  -6.884564  139.548218  0.292803  1.676553       6.503386   1992.222168 -153.503952  12.271112  3.630774   51.170727
508  125.383263 -16.188068  135.729843  0.346306  2.663246       7.811775   1400.873291 -176.278702  13.212951  3.965798   79.833969
509  130.288208   6.594369  114.658989  0.326263  1.585848       8.598929    920.425293 -160.265427   9.654651  3.719933   97.675056
510  126.947479 -17.682455  135.712708  0.340012  2.271426       7.389096   1285.768066 -234.704071  13.999955  3.410311   71.281677
511  133.209030 -12.589466  116.308960  0.343906  1.675776       6.253064   1919.881836 -203.129730  15.129067  3.268707   59.834625