            lon        lat         inc      D1AU     delta  launch radius  launch speed    t factor       B1AU     gamma         vsw
0    130.982727  -6.952749  122.885109  0.326146  1.138236       9.048306   1219.893188 -187.383438  17.861975  3.783299   58.460331
1    119.907310 -15.195214  109.601921  0.328320  2.016332       8.058708   1118.094727 -220.473038  17.487993  3.944917   69.971924
2    127.031685 -23.927908  136.317673  0.329174  2.768652       5.010307   1875.706055 -213.667496  12.164098  3.221801   65.051865
3    121.951225   5.638673  138.235016  0.293226  1.872610       7.294390   1574.166870 -229.484879  13.634888  3.429686   64.543991
4    126.441544  -4.985112  102.900764  0.328149  1.602795       9.042189    798.597595 -168.327927  11.783397  3.864212   50.755722
5    127.397102 -15.296325  130.234756  0.334030  2.260520       7.708619    982.118164 -182.832611  10.749198  3.774991   95.011917
6    126.095314 -20.895744  125.472595  0.337557  2.576226       6.497818   1536.959839 -241.841980  15.659974  3.120677   76.873985
7    128.218903 -15.153121  139.451859  0.333617  2.376780       9.396997    731.916138 -133.037735  12.230435  2.796948   51.452805
8    130.687775   1.963057  133.337250  0.321030  1.230450       6.914650   1054.218506 -107.737259   8.236141  2.997144   80.399284
9    133.150085 -15.768272  124.564880  0.326081  1.505233       8.256791    735.094788 -164.095917  18.425806  3.734595  135.922241
10   129.638184  -3.789200  141.832230  0.330997  1.025630       7.462013   1620.874878 -156.308151  15.462054  3.456376   62.051884
11   125.218102  -1.576981  107.064819  0.349238  1.905088       7.006561   1473.203125 -186.871323  14.057465  3.765889   53.903744
12   126.159164 -11.842463  125.751114  0.329567  2.226760       7.141507   1667.589111 -156.679947  10.141461  3.817159   53.210419
13   121.901283 -16.541231  129.846710  0.332444  2.613296       9.624743    766.922302 -225.927185  15.283833  3.834303   54.699291
14   132.554413 -19.282419  133.205048  0.336995  2.089163       8.673216   1406.951050 -215.795868  13.861699  3.956858   76.378975
15   138.221649 -14.892258  125.683983  0.328988  1.035691       9.919243    776.718567 -236.490646  20.227444  3.410532   52.263561
16   132.144989 -19.437649  131.325806  0.347563  2.006312       7.710590   1231.080322 -242.676849  16.099588  3.526864   88.363243
17   128.041245 -12.553614  113.274315  0.334566  1.507580       8.042685   1071.609009 -187.697083  14.556170  3.404499   56.790508
18   134.796860 -20.552340  127.096649  0.340248  1.921561       7.959143   1829.771851 -186.408615  15.602550  3.782208   61.607643
19   138.133469 -13.637679  127.919998  0.332601  1.154725       8.235472   1503.658203 -177.609436  15.230805  2.941370   64.184593
20   123.976418 -19.687098  133.953033  0.328128  2.686372       6.322165   1782.240723 -176.757385  12.132107  3.565906   58.284985
21   122.526649 -14.539889  139.515808  0.342054  2.423632       7.880838   1337.271606 -207.201202  11.313449  3.451426   61.914970
22   126.945091 -13.976710  112.965820  0.335249  1.750889       6.883045   1286.976196 -226.731323  14.525524  3.342236  101.871613
23   132.547195 -25.327700  132.117966  0.336672  2.512194       6.542498   1252.845337 -227.061935  13.053401  2.476949   56.957188
24   135.679855 -12.747972  114.716194  0.339016  1.224734       7.140931   1958.068237 -221.720810  19.286777  3.847797   50.513535
25   134.927277 -15.335626  136.349274  0.338372  1.696750       7.156511   1136.061035 -183.577454  16.057047  2.757124   58.962528
26   116.095322 -17.731728  125.026894  0.339578  2.723711       6.502183   1219.059204 -223.985748  11.808002  3.608419   80.556892
27   130.744980   1.106655  124.847374  0.334268  1.131009       6.962753   1464.622437 -178.108566  18.429136  3.569043   99.551918
28   125.234406 -15.547423  143.660431  0.339186  2.255105       8.044000   1104.853394 -218.497421  11.925605  3.456308   83.663338
29   123.339485 -23.739952  113.880196  0.343832  2.371566       7.800268   1163.134399 -170.974625  12.737343  3.541427   53.288124
30   118.884933   3.098720  134.445251  0.325608  1.936889       7.957823   1415.788696 -207.307297   9.762236  3.335710   65.615158
31   128.514923  13.358161  118.107819  0.311115  1.526224       5.978557   1369.207642 -191.122620  10.739803  2.938336   84.745422
32   132.075394  -7.802780  115.188911  0.341369  1.000843       8.352181   1166.609009 -153.517410  18.994375  3.517125   60.968948
33   122.120773 -17.122246  130.796906  0.331120  2.429330       7.099288   1196.424072 -227.835388  13.983135  3.259557   72.498131
34   140.481873 -13.661682  132.308884  0.349991  1.457724       9.733632    927.155029 -212.325729  14.727672  3.430691  109.061455
35   118.488495 -11.969300  129.491531  0.338699  2.536192       7.480405    950.357849 -175.782715  10.107708  2.990674   81.262138
36   127.997826 -20.594938  126.708145  0.321349  2.095845       7.780521   1262.334595 -171.719971  13.908865  3.800185   83.195686
37   135.744202 -18.441896  127.039749  0.344354  1.236330       6.128280   1885.402344 -196.261124  19.114985  3.058725   68.506882
38   133.251450 -26.917185  143.455887  0.338422  2.899652      10.131176   1023.617981 -246.915421  10.962972  3.476906   50.494221
39   127.366959  -2.200216  115.152748  0.328686  1.522764       7.509188    960.352234 -160.282898  10.843246  3.138637   51.273109
40   127.492744  -1.318564  139.014374  0.337181  1.149963       5.841742   1924.260498  -97.549797  11.099912  2.848626   73.016975
41   131.537735 -21.866945  140.672287  0.337616  1.732778       7.696036   1628.226074 -239.674210  19.037374  3.863132   63.574936
42   112.707909  -3.010048  133.941406  0.333581  2.865978       9.170836    792.065186 -211.352478   7.598335  3.497466   52.524319
43   130.138977 -10.373475  117.046944  0.323693  1.256781       7.018994   1320.874512 -179.571350  14.784802  3.607558   66.406166
44   124.482491 -24.784021  130.421371  0.340554  3.806410       8.758389    982.911072 -224.531311   9.307864  3.335893   57.708069
45   136.591400 -12.022402  137.345688  0.314068  1.199767       7.934698   1249.748169 -221.002396  16.627518  3.919419   85.604584
46   123.252419  15.371807  119.746841  0.312064  2.087894       8.844844    744.389404 -179.701752   8.318320  3.220713   84.535583
47   132.661621  -9.153612  124.908829  0.329169  1.079049       6.249012   1727.909790 -130.786240  11.719150  3.448455   73.108017
48   127.732658 -17.611984  125.762054  0.344857  1.941509       8.353075    987.467957 -174.411377  14.196801  3.700028   79.805206
49   133.199020  -5.071764  125.475975  0.315331  1.070728       9.255930    831.592529 -112.740768  11.510918  3.621415   81.618111
50   127.375854   2.441979  124.525902  0.340854  1.157269       8.182222   1159.200317  -97.898010  10.640929  3.394696   50.411533
51   114.850861 -20.691221  133.975555  0.349712  3.557610       7.462001    851.594482 -171.162811   7.220825  3.761499   98.752968
52   139.207428 -16.051155  133.385620  0.325482  1.355609       7.537996   1739.349243 -164.060196  11.177412  3.560638   57.013901
53   120.195381  -9.666451  123.832901  0.342621  2.349247       5.790267   1403.359253 -217.405334  14.836678  3.062779   87.394966
54   120.268822 -15.755494  119.895721  0.324403  2.506153       8.187226    848.354675 -192.211975  13.329125  3.094151   56.244080
55   132.842941 -22.478954  123.308411  0.333464  2.410996       8.685635   1121.554688 -181.204590  13.613811  3.748895   67.601273
56   131.520416  -3.062729  129.800018  0.337033  1.115149       7.215970   1192.231079 -133.524384  12.916220  3.883668  109.621857
57   144.977692 -19.192909  139.798904  0.346875  1.670433       8.335656   1678.942993 -172.156097  12.362053  2.954704   54.154263
58   118.479012 -18.601330  119.141319  0.336466  2.143927       6.889939   1432.086792 -165.966415  14.932323  3.639313   56.417782
59   125.088951 -18.425041  134.441238  0.337481  2.097873       7.825233    938.345337 -128.291199  10.162070  3.004094   87.207611
60   129.609116 -21.721842  135.215317  0.349720  2.200832       7.195995   1438.275391 -192.735352  14.724926  3.525326   83.674141
61   119.284904 -13.980138  125.765831  0.349428  2.631504       5.657825   1860.096191 -168.693497   8.870243  3.649626   86.884621
62   128.195862   6.491691  125.656639  0.295506  1.172836       7.100681   1360.744385 -165.506149  13.357970  3.406784   71.424828
63   125.746613  -1.053113  121.320755  0.339101  1.649282       8.398042    788.992981 -180.166153  16.558296  3.807611  114.900429
64   129.682159 -15.957502  145.240143  0.348959  1.903278       8.560192    786.281006 -146.301666  11.223288  3.367679  104.715187
65   125.501411 -22.267052  134.516479  0.348850  2.625161       5.328576   1734.182983 -169.739258  12.239590  3.037388   81.428970
66   127.763863 -20.749437  114.544960  0.325569  2.531547       7.947735    942.944885 -189.107178  11.659059  3.037465   51.299919
67   135.280090  -7.622098  138.267441  0.339536  1.409387       6.902544   1453.453125 -123.134041  10.753457  3.154806  106.812386
68   131.258682 -12.287597  132.841202  0.306079  2.780491       8.874271    883.404785 -224.632965  14.237992  3.432141   73.542702
69   132.691620  -9.880684  130.882217  0.306170  1.582065       7.516367   1277.878296 -196.531815  15.249859  3.676955   56.917316
70   124.693886  -7.912540  129.018341  0.335398  2.283508       8.932756    941.695251 -173.659973  10.393891  3.808841   70.338898
71   122.079773 -16.645201  114.549942  0.329652  2.058447       7.730265   1141.035156 -211.717972  17.214067  3.731296   53.661335
72   122.942665 -14.317777  137.354553  0.346962  2.376343       7.761333   1285.123047 -200.974869  11.998878  3.760769   64.184746
73   125.540329  16.841070  122.507515  0.331617  1.418467       8.121317   1112.703125 -174.342438  12.197716  2.857388   90.297707
74   115.497131 -23.337309  141.109695  0.347560  2.948244       6.675551   1699.649902 -207.371994  11.564404  3.839680   60.046608
75   129.380417 -23.981108  143.616241  0.341939  3.190336       7.464406   1323.567017 -187.765778   9.261649  3.824791   84.587990
76   137.667480 -13.787382  136.089355  0.336226  1.775434       7.468609   1092.745605 -180.652420  16.207155  3.239180  121.290466
77   125.094872 -13.821557  130.003510  0.343526  3.168729       6.625595   1765.116699 -175.146317   7.841628  3.662555   98.405296
78   135.773987 -16.704176  136.675522  0.323431  1.441057       6.140270   1679.601807 -103.415306  11.926067  3.142347   58.095894
79   125.270584 -20.519775  120.231850  0.345471  1.948131       8.318604   1046.704590 -150.738983   9.689630  3.854856   76.133430
80   125.055901   4.120475  125.504860  0.343402  1.399950       5.959940   1841.408691 -145.339874   9.431247  2.821188   68.836517
81   133.442139 -12.871668  121.819008  0.343078  1.431475       8.927600   1227.827393 -222.342590  17.422260  3.859027   53.951092
82   131.855194 -12.598020  122.369354  0.332238  1.121480       7.405229   1577.059448 -194.026489  18.261093  3.854972   54.467533
83   124.472603 -10.992517  126.987801  0.349520  2.130953       8.584066   1174.645630 -189.360184  12.497669  3.885319   86.499191
84   127.908897  -5.805047  117.506569  0.319383  1.349547       6.670798   1455.114502 -200.097641  18.412525  3.635373   72.465164
85   128.205658  -0.230477  132.915207  0.330447  1.204437       7.329830   1656.172729 -151.170197  12.013989  3.649302   58.282440
86   129.079468 -11.691838  130.831696  0.335376  1.229675       7.615079    969.633728  -85.571594  11.655204  2.878470   63.836647
87   124.997780   4.970393  134.961563  0.334173  1.056352       9.592014    852.960632 -114.102715  10.223546  3.522583   64.711594
88   136.354874 -17.148037  111.763275  0.348399  1.048344      10.371131    737.377869 -175.737732  12.889226  3.581722   81.340164
89   126.789177 -27.972544  138.692215  0.344199  2.810646       6.063923   1595.289307 -207.570679  13.190506  3.035076   63.078259
90   131.872284 -12.951962  128.714371  0.324988  2.092782       6.407915   1685.819824 -225.816162  14.183771  3.535785   62.360146
91   122.168808  10.849652  123.066986  0.328798  1.531498       9.760089    745.682922 -223.461014  11.606983  3.505141   61.670719
92   136.567642 -10.226542  143.723007  0.332569  1.008308       5.941502   1990.005615 -150.673569  15.509668  3.448783   66.256737
93   131.821579  -2.283760  113.194229  0.336251  1.245724       7.991713    992.255859 -144.883545  14.698370  3.916944   82.754799
94   122.198547 -12.481833  133.970627  0.321136  2.646904       7.397729   1098.852905 -248.147156  15.178121  3.587365   53.332767
95   125.948387 -10.259221  130.139175  0.340234  1.714663       7.218872   1753.320068 -126.646286  12.053159  3.734308   81.006432
96   120.353935 -18.240938  116.142586  0.343603  2.410567       6.792472   1483.846802 -183.465622  13.185244  3.579074   69.585823
97   130.766678 -16.911659  139.554306  0.341077  2.634686       8.627110   1348.350952 -203.918900  14.311824  3.612261   89.789757
98   131.045502  -2.841267  113.248558  0.335803  1.282935       7.489612   1002.480164 -141.465317  14.087261  2.995354   93.631828
99   132.583542  -7.232399  112.467453  0.328284  1.157292       5.675282   1822.742432 -148.884613  15.407825  3.502658   88.828850
100  123.616295 -20.912436  132.757309  0.340652  2.447036       7.877709    953.248352 -182.009933  13.758168  3.749575   81.286079
101  133.091965  -7.025554  120.958710  0.328250  1.136819       5.749328   1643.585083 -147.923279  15.608089  3.814619  107.527077
102  133.235016 -16.773857  131.242569  0.329517  1.615221       6.652705   1482.144409 -173.359253  16.216305  3.474272   79.878288
103  132.234711 -23.307234  127.231232  0.342569  1.987749       7.101326   1506.352417 -161.257492  15.463380  3.210641   83.989136
104  126.065529 -16.876583  122.537140  0.348047  1.928651       8.005342   1212.302612 -215.425186  17.016180  3.742350   55.455536
105  131.399292   0.488352  124.588989  0.294323  1.025154       9.135257    929.993652 -126.135765  14.766367  3.734944   50.360573
106  127.248390 -17.882744  121.662529  0.342360  1.952138       6.253880   1692.845459 -158.311859  12.537583  3.947414   78.257942
107  113.731171  -7.110302  129.243042  0.336177  2.708051       5.820167   1399.247681 -230.357239  13.941427  2.786976   61.739258
108  130.276520  -2.669490  130.566666  0.332590  1.036688       9.236490   1168.239746 -189.697571  17.328476  3.996280   66.049751
109  124.794022 -11.761679  128.250717  0.332752  1.847146       8.408154    900.250671 -182.412262  16.416597  3.752198   64.065582
110  130.466461 -14.968513  126.978333  0.343701  1.745682       8.267326   1040.745972 -206.933319  18.034624  3.660485   61.646656
111  129.809250 -18.596909  120.901047  0.321052  1.950928       8.653590    973.359131 -185.379028  15.423796  3.765121   65.402794
112  127.556229   2.882390  121.634224  0.338821  1.017894       9.491722    999.065063 -123.924095  14.419456  3.757269   55.033939
113  125.100540 -20.022532  130.037689  0.322562  2.163365       8.445917   1024.341309 -239.792435  13.507207  3.773719   54.426296
114  124.329369 -17.127314  140.427261  0.348830  2.545263       6.671195   1449.745605 -233.847641  13.573190  3.875331   73.980164
115  127.442009 -19.328447  115.818359  0.302307  2.458390       8.629704    858.759338 -245.108780  14.454374  3.782404   73.362183
116  126.677444 -10.754016  125.156654  0.339865  1.820174       6.837920   1467.954102 -123.376770  13.231242  3.268569   80.598434
117  133.064804  -3.418391  123.820114  0.323938  1.004279       9.665505    904.503784 -179.976196  12.259928  3.725122   65.733871
118  122.068497 -11.317712  130.802567  0.344216  1.798290       6.498087   1403.634888 -158.492157  13.623808  3.318144   69.466049
119  119.038452 -15.784352  130.759567  0.341097  2.653296       7.728086   1510.764404 -214.557755  13.171481  3.844229   76.385696
120  127.408569 -17.043577  123.333305  0.346178  2.148800       8.540476   1045.948853 -248.124710  14.968563  3.547039   54.116886
121  116.599022  -5.647779  129.885941  0.341026  2.295703       7.533936   1225.450562 -186.471680  10.857463  3.805836   50.191025
122  128.543671   7.571625  122.293312  0.322587  1.479669       8.791517    764.247253 -144.967163  13.423791  2.988995   59.183441
123  128.863556 -16.931719  130.544022  0.324008  1.704082       8.866770    863.132935 -242.924057  20.875017  3.713049   87.738701
124  130.911423  -4.583011  124.751099  0.344600  1.236400       9.573589    813.862976 -153.498047  15.161904  3.578179   88.152725
125  120.435638 -23.953939  121.195610  0.344795  2.667891       6.907991   1407.835571 -192.000977  11.858137  3.936297   67.934624
126  126.990158   0.499430  117.966255  0.341616  1.346444       7.858510   1315.198975 -122.863716   9.784157  3.478665   89.016289
127  131.264084 -14.192102  134.129715  0.344298  1.367308       8.902434   1195.269409 -177.327179  19.569683  3.879734   96.739235
128  134.651886 -14.532541  131.575867  0.338250  1.702024       5.941953   1791.270630 -136.464798  12.401927  3.511281  111.214630
129  127.470222  -6.493893  124.361481  0.329726  1.418990       7.543788   1046.898682 -139.441345  14.918720  3.312734   56.807259
130  128.078903  -9.477007  130.007477  0.328151  1.328904       6.792649   1765.002563 -139.315033  14.040619  3.693644   69.045639
131  123.392670 -16.694626  129.731842  0.340070  3.113867       7.262240   1017.346680 -236.104126  12.257472  2.889229   60.001801
132  130.805725 -13.458067  138.550262  0.329330  1.661219       5.723325   1714.644897 -181.394394  15.337832  3.107209   86.440857
133  122.752151  -9.137064  115.409012  0.341291  2.652307       6.042420   1620.335327 -207.489944  13.530799  3.719801  102.116631
134  132.700378  -5.721704  122.306152  0.337797  1.014151       8.155826   1194.655151 -129.337387  15.098468  3.642345   59.987305
135  130.833786  -4.869694  108.753136  0.336776  1.065587       9.595972    792.481689 -186.513092  18.821352  3.355319   55.960342
136  118.537178 -26.687994  128.190857  0.349887  2.924828       6.106108   1474.936401 -204.585052  13.844151  3.275434   57.662704
137  123.135567 -14.999969  130.272842  0.323899  2.938386       7.376773   1235.886841 -241.578156  11.102523  3.520176   69.431343
138  128.923843   1.019666  131.572510  0.348738  1.113582       7.890177   1185.445068 -119.226997  12.117719  3.940252  139.773270
139  131.012939 -13.520555  141.387268  0.342376  2.363505       6.779582   1656.756836 -200.046005   9.272981  3.980242  109.580635
140  111.808273 -10.764615  113.332947  0.340643  3.338401       6.576169   1413.955322 -189.851715   8.643464  3.572642   64.194931
141  125.079002 -10.721435  127.855591  0.348345  1.367788       5.256322   1761.670654 -118.307747  16.167088  3.014629   56.785656
142  133.569687  -3.194069  140.087082  0.315142  1.020691       7.610298   1737.831299 -128.850540  15.161917  3.266327   68.984459
143  130.412354 -10.289892  132.577026  0.333177  1.475075       7.396041    919.862854 -144.394913  12.718024  2.714691   65.950287
144  124.235596 -19.465361  136.102844  0.344549  2.153238       9.854407    748.460632 -185.990631  13.443096  3.452795   66.488655
145  124.859856   4.766405  129.404465  0.325130  1.722023       6.166129   1965.435059 -248.066208  15.696625  3.256556   53.452171
146  137.928223 -20.235689  131.318054  0.347946  1.434953       9.619212    852.706421 -185.433609  15.016468  3.137217   79.008423
147  130.539627 -12.218805  117.635559  0.347280  1.296261       7.511179   1259.295654 -167.525711  14.902979  3.329206   73.012100
148  132.954117 -23.591246  127.968567  0.346325  2.925294       8.440106   1382.687256 -181.670441   9.622561  3.269947   83.543930
149  131.106964 -15.569272  113.061821  0.325497  1.537014       7.782334   1447.318726 -162.838440  15.998268  3.932355   64.696152
150  128.414963 -11.963685  130.296661  0.347878  2.013381       5.865221   1717.191528 -114.570328   9.919050  2.777022   65.732590
151  128.602890   5.477972  126.688599  0.332760  1.185707       8.578892   1215.121094 -163.958755  10.861745  3.856947   89.079445
152  124.007050   2.050543  146.825821  0.323915  1.474852       7.047863   1117.588135 -247.193619  18.166695  2.998845   84.279556
153  123.364799 -17.338968  130.838623  0.333834  2.922806       9.036322    937.914246 -200.186829  12.318269  3.382003   59.208717
154  130.794983  -7.944211  111.193916  0.344876  1.166993       7.307143   1669.718018 -237.125488  20.510015  3.703861   50.053581
155  126.437187  -1.278753  113.412842  0.342341  1.634209       7.388632   1260.201782 -186.621246  14.995366  3.448363   64.014198
156  132.169601  -4.407536  122.836952  0.306640  1.090034       7.400513   1614.231812 -176.491272  14.719463  3.818606   54.199081
157  130.971695  -2.383211  119.953293  0.324798  1.201969       7.752192   1562.307373 -211.507858  13.219754  3.504401   53.987892
158  127.752907   5.990223  134.563492  0.317770  1.699593       6.554162   1957.181885 -175.352814   9.927682  3.678036   83.457870
159  134.118332 -12.402777  121.253899  0.347043  1.010374       9.053988   1143.772095 -121.235054  13.492177  3.437196   76.387924
160  118.136398  -5.574056  142.045807  0.341670  2.046857       8.976631    756.567810 -205.573441  11.284435  3.442959   92.422310
161  133.511093 -15.195172  113.059631  0.344518  1.551621       6.037255   1665.212158 -162.808716  13.481183  3.342088   89.711258
162  128.369873  -6.165008  123.478706  0.349407  2.025654       6.619198   1337.664551 -219.999130  15.683574  2.962748   85.439568
163  119.540031 -15.234209  133.676071  0.325588  3.045174       7.728402   1260.170654 -222.280334  12.338280  3.766891   69.365112
164  124.456711  -3.938858  130.418686  0.310471  2.543331       8.804846   1238.025269 -210.958603  13.934871  3.761719   56.763733
165  136.406616 -19.426208  135.136887  0.336505  1.990146       8.834278    875.938721 -183.475113  12.361094  3.086828   70.496498
166  127.506088 -19.994061  130.889725  0.344898  2.210501       8.026799   1215.335327 -181.005142  13.436707  2.935275   56.154934
167  137.476440  -7.870199  128.883575  0.327896  1.552388       7.349730   1439.725830 -220.847794  11.145193  3.825068   96.753616
168  123.298691 -20.277185  111.755844  0.347304  1.979156       7.902180   1140.571533 -220.307648  15.281807  3.479757   59.793777
169  135.388229 -14.669633  120.573471  0.346219  1.456444       6.788937   1991.744507 -205.260910  13.419536  3.690678   70.194588
170  131.788971 -23.009857  139.723679  0.344035  1.888878       7.623538   1120.850586 -170.019989  10.292256  3.312969   71.242935
171  132.629700 -11.491175  120.588379  0.325057  1.400478       8.252852   1106.898682 -219.749237  15.522835  3.837413   53.831226
172  132.306839  -0.131823  127.842400  0.319194  1.151609       6.497703   1578.772949 -176.402176  14.793811  3.333471   61.008549
173  126.416840  -1.299253  125.491913  0.335575  1.266409       6.333897   1776.244385 -222.026215  14.724724  3.485479   50.869125
174  120.944855 -15.301888  122.062035  0.324704  3.109515       7.842217   1227.957764 -173.674835  12.631491  3.947067   68.791618
175  120.506943 -22.185682  124.596069  0.347648  2.340073       9.377003    704.544556 -161.159195  13.405713  3.855138   64.168282
176  123.264351   2.852790  147.611221  0.333559  1.056957       8.532178   1071.190430 -187.321671  12.396894  2.563719   52.438065
177  122.322289 -15.325328  124.545616  0.320532  2.275295       6.745130   1516.950073 -210.981491  14.296435  3.823990   79.875015
178  119.881439 -22.420828  131.707764  0.336384  2.528831       7.412643   1421.116455 -211.132477  11.895992  3.886225   51.725677
179  134.618439  -9.355435  120.311531  0.342505  1.177747       8.593710   1039.320068 -203.890045  15.445753  3.867347   68.961456
180  120.869408 -17.686325  116.263443  0.349976  2.186336       9.126335    788.504639 -140.546402  12.208178  3.064308   63.665638
181  130.719498 -18.578362  116.492325  0.347952  2.050145       8.120908   1334.656738 -201.852081  13.974216  3.586227   65.849899
182  126.847549  -8.041289  115.009422  0.345644  1.521159       7.358702   1013.439941 -179.221512  16.145737  2.546224   78.945969
183  120.422173 -18.797342  136.769104  0.340119  2.528965       7.071167   1661.104858 -164.008255  11.188487  3.888804   57.203484
184  131.818024 -18.547743  131.448364  0.343701  2.174942       7.446670   1253.512817 -187.214233  13.974969  2.475460   52.161125
185  123.470161  -2.108642  138.659195  0.333730  1.183923       6.520734   1154.295288 -100.299744  11.950314  3.681220  124.102287
186  120.626282 -19.913279  134.457184  0.345429  3.219026       7.942325   1373.445923 -220.234909   9.926756  3.452001   57.004772
187  136.163940  -9.836653  112.510147  0.331736  1.076900       7.777828   1195.749023 -125.104805  13.672490  3.729224  101.110672
188  129.499237  -6.235871  108.633087  0.328329  1.142633       6.419012   1360.786255 -146.411575  14.899621  3.747047   79.603973
189  120.855125  16.698149  128.044769  0.319978  1.110966       6.739272   1522.966187 -131.191116  11.090611  2.966926  100.134750
190  125.091957   2.271172  110.450623  0.320304  1.707486       8.191326    983.675415 -248.898270  15.364021  3.767462   60.220249
191  125.942947 -10.917359  126.544472  0.328811  1.994827       7.814081   1101.982910 -243.003693  16.048571  3.533459   81.328094
192  121.791153 -21.270050  137.755249  0.341054  2.703600       5.134375   1893.118774 -181.701767   9.627625  3.122497   52.785000
193  128.381500  14.216127  115.017822  0.310952  1.200778       8.052552    952.581055 -184.073349  13.245995  3.263460   85.911598
194  130.226959 -20.564724  135.773849  0.329245  2.016930       7.937163   1312.529175 -147.598297   9.500847  3.576345   66.507362
195  143.001694 -16.736906  141.488617  0.329689  1.368273       8.214493   1613.252686 -182.418762  17.759165  3.928834   90.478905
196  129.324234  -9.203539  125.160736  0.335280  1.614160       7.261105   1335.663940 -126.824539  11.400630  3.580546   51.673496
197  130.780716  -3.575424  118.838905  0.325494  1.038020       8.753855    919.167175 -176.465439  16.175207  3.927945   63.645729
198  124.790344 -21.695068  136.985107  0.344417  2.980573       6.859486   1344.919800 -171.620438  10.278521  3.156115   55.342655
199  126.471161 -14.920691  137.456009  0.334641  2.239016       6.313666   1790.605103 -199.114059  12.348987  3.702244   74.773804
200  120.267632 -11.850152  121.648643  0.340566  3.104536       6.010500   1917.176880 -202.490982  11.012994  3.893090   56.948566
201  131.075012  -6.689698  135.920868  0.333782  1.285938       7.415515    796.010620 -158.722183  14.454769  2.205811   52.158745
202  130.663574  -6.883377  133.598877  0.339690  1.733450       7.690138   1071.538208 -170.010559  10.747913  2.685747   56.702145
203  127.368736 -14.425899  134.150970  0.331726  2.167674       7.647156   1022.421509 -223.451614  13.669094  3.260052   65.047272
204  122.000351 -11.508648  127.279030  0.330991  1.913989       7.568152    943.268677 -105.459496   9.819223  3.305167   56.167957
205  126.964149 -17.736238  105.219643  0.325391  1.965081       8.503513   1059.232178 -249.877380  15.644258  3.906779   58.534279
206  129.236938  -8.819148  128.029831  0.335846  1.294961       7.741241   1015.744141 -156.060379  16.244019  3.568424  106.512665
207  140.496872 -23.823038  137.572250  0.328502  1.473953       9.536718   1361.458008 -207.654602  20.607260  3.921325   55.910870
208  129.963882 -20.148220  132.952637  0.342528  2.541536       6.773193   1558.182983 -209.000427  13.644041  3.383924   64.862968
209  124.093040 -11.694223  128.889420  0.319440  2.566259       6.939869   1599.938232 -193.187408  11.104465  3.798387   60.125656
210  130.939285 -15.420501  131.409988  0.327282  2.413372       6.751589   1612.072510 -230.048141  12.844822  3.758795   69.447517
211  132.262375 -17.226208  138.804825  0.344584  2.294060       6.267086   1767.277100 -201.326218   9.461549  3.249520   77.611206
212  130.098602 -19.206902  115.668747  0.339484  1.772183       8.144835   1170.334717 -165.600266  13.767000  2.975291   54.472416
213  127.117249 -21.248978  134.199570  0.325831  3.351556       5.767445   1995.221680 -156.649796  11.186751  3.439143   80.532417
214  133.004868  -4.933011  112.743462  0.331733  1.098681       8.941460   1025.184570 -241.005737  25.648394  3.693957   51.680317
215  134.932434 -17.343561  122.145386  0.340175  1.041150       7.830874   1449.239136 -133.510315  14.917884  3.497495   52.052628
216  117.972260 -11.917007  133.656616  0.332753  2.528929       8.799120    927.699768 -185.464676  11.955324  3.346089   57.096661
217  131.240173   1.861211  123.940102  0.348940  1.021734       7.638893   1288.230957  -65.645699  10.696730  3.089867   57.409622
218  123.234116 -21.187744  132.000656  0.349832  2.493836       8.345415   1063.549805 -209.325760  13.754929  3.857041   72.409637
219  117.327812 -15.278204  125.142647  0.322665  3.280978       6.820070   1500.133179 -203.338989  11.843725  3.609401   50.532082
220  130.231506 -16.669893  116.564331  0.331894  1.670680       7.556365   1345.795776 -166.810181  14.091664  3.804907   59.346657
221  122.714775 -10.131301  115.182724  0.297361  3.052217       7.756092   1020.912292 -248.389359  13.547323  3.598619   59.970985
222  113.639534 -20.747477  124.172592  0.349583  3.145193       6.215212   1310.311035 -145.209412  10.419029  3.807971   72.466156
223  133.660904 -12.996275  119.160400  0.325355  1.295201       8.422099    874.344299 -249.522049  18.989300  3.575606   85.420792
224  119.233665 -21.063288  125.052902  0.343098  2.817768       7.125751   1308.438843 -183.049744  12.428641  3.852327   55.657211
225  125.946297   4.214657  125.560059  0.325963  1.633954       8.337895   1347.990479 -153.581818  10.611703  3.657825   64.732185
226  130.127151 -10.677973  147.928406  0.337555  1.689350       6.026275   1627.202271 -150.516037   8.922804  3.145972   75.162544
227  120.492828  -3.989677  122.101189  0.331115  1.767798       7.994614   1174.799316 -210.303741  16.970257  3.910325   81.484711
228  131.121796  -8.411592  134.640396  0.337673  1.155336       8.273971    906.380310 -106.977150  13.548201  3.065542   65.956024
229  129.144440 -30.596062  128.915649  0.343992  3.002839       8.804293    836.850220 -203.115540  12.296719  3.616843   99.117607
230  132.957321  -7.296266  126.469849  0.321843  1.225322       6.175025   1713.857300 -170.100510  13.169937  3.433334   53.725048
231  133.257660  -3.719216  115.691414  0.338971  1.333021       7.297910   1429.422852 -179.768234  13.594736  3.486833   60.012047
232  122.630989  -5.956897  114.003128  0.338193  2.264169       8.092532    825.122192 -206.250046  13.320476  3.276903   74.924973
233  125.801231   5.620168  130.145432  0.346969  1.519484       6.740010   1160.647217 -227.220184  12.757944  3.516997  134.183746
234  134.369675 -14.778575  132.905487  0.344278  1.913534       7.832448    958.751953 -160.382080  11.539702  3.761372  118.678230
235  125.691292  15.086503  122.346306  0.316662  1.346026       9.361459   1066.817139 -159.444931  12.191039  3.864710   57.597584
236  120.883850  -9.208955  124.388229  0.347552  2.077446       7.892313    923.840637 -138.807358  11.389407  3.619183  109.745262
237  133.236267 -15.494897  129.686798  0.340009  2.031215       8.670250    719.723633 -218.554459  16.644972  2.943300   62.329388
238  122.166908 -12.002821  126.683998  0.347742  2.110983       8.316746    719.082031 -171.398010  14.614795  3.264052   75.836365
239  126.956245 -15.356246  130.234894  0.345293  2.265576       7.075289   1213.611450 -205.144760  15.837719  3.385140   73.050728
240  130.136749 -15.877040  134.786194  0.341632  2.061942       7.799712   1253.750122 -210.587418  14.593568  3.310055   69.845779
241  137.369766 -29.876623  152.220352  0.344855  2.967595       6.258594   1871.822632 -182.413727  10.477179  3.264796   67.264015
242  127.966385 -11.124625  125.581192  0.338478  2.975079       8.708259    840.990356 -170.004608   9.521136  3.851214  100.816238
243  126.943054 -15.916273  120.558334  0.338625  2.097305       9.465036   1079.133057 -237.459549  14.959275  3.678759   56.894592
244  134.687805 -15.545831  130.651581  0.341864  2.072128       7.510273   1849.564941 -217.296295  12.827192  3.587784   78.285225
245  121.647942 -22.568600  123.731094  0.340836  3.293992       6.978945   1401.495239 -202.934036   8.952203  3.743251   75.265434
246  128.286377 -16.810902  134.121597  0.331514  1.473054       9.125684    918.276489 -103.188881  11.263554  3.632980   70.609200
247  125.920876  -5.445962  127.846863  0.323907  1.541039       8.286860    837.860596 -248.860291  22.327536  3.657388   98.100266
248  137.849564 -11.141176  138.058105  0.344045  1.079976       7.189727   1184.026123 -222.419281  17.339705  3.476852  133.312027
249  124.221718 -30.431459  133.644653  0.344928  3.519306       6.051683   1880.440552 -247.443451  14.462425  3.594825   59.735226
250  122.265282 -17.606920  119.596687  0.341596  2.263103       8.284725    872.922302 -189.408463  14.117330  3.420501   58.493568
251  124.699219 -24.886515  133.989502  0.329248  2.486932       6.507097   1920.363647 -230.713333  16.164164  3.922190   60.071507
252  132.631714 -16.088921  119.256859  0.348121  1.411076       6.466424   1062.380371 -163.296005  19.391176  2.523170   84.664520
253  124.342651   7.736647  134.633911  0.313480  1.220471       6.506335   1713.421509 -180.964615  11.150383  2.972374   68.174065
254  138.778793 -21.092840  149.333527  0.346716  1.904605       8.719002   1644.815552 -178.183868  14.018458  3.930497   83.072426
255  127.633041 -16.134983  121.089149  0.315519  1.971551       7.445198   1038.947998 -146.867126  12.902388  3.412730   71.512962
256  130.758789 -17.291142  123.492371  0.342416  1.721862       9.774406    841.112061 -212.642426  16.478964  3.942324   55.199444
257  128.974655  -4.594960  128.140884  0.345896  1.184432       6.973284   1272.377563 -141.790237  13.779602  3.023902   94.184380
258  119.487991 -11.616908  116.992088  0.342903  2.194952       6.344438   1719.132935 -130.076187  10.395015  3.762301   63.780861
259  129.373077 -16.524673  112.845535  0.348258  1.548198       8.747412    754.434753 -199.261780  17.933088  3.264084   81.358490
260  123.447350 -29.065384  137.323624  0.346370  3.265168       9.270103    860.675415 -196.689468  10.964220  3.393809   58.821774
261  129.820297   1.272469  129.473236  0.318274  1.237032       6.815280   1701.343994 -176.931458  16.883850  3.614949   64.120415
262  132.626724 -12.545048  131.836578  0.328736  1.474429       6.274488   1857.712158 -117.455223  10.919024  3.170682   52.828945
263  115.901901 -12.275697  135.008698  0.343397  3.385180       7.793594   1231.486450 -248.147842  10.109509  3.160859   60.404369
264  126.629616 -20.713890  116.634117  0.344949  1.925375       7.357693   1437.483398 -228.965454  15.357065  3.132897   53.279316
265  124.638405  -4.693644  133.139404  0.333345  1.382807       6.683396   1590.714722 -186.011780  13.754496  3.923758   74.402405
266  132.622147 -13.000118  131.178802  0.345425  1.993835       7.007221   1319.423218 -220.217438  12.846946  3.122445   60.597328
267  125.324471  15.705066  116.778183  0.304061  1.569612       9.387424    796.066895 -157.291122  11.132382  3.912316   71.601982
268  125.165352 -23.395182  133.897491  0.345335  2.456803       8.819040    908.575134 -207.026642  14.362639  3.678552   83.121925
269  126.827873  -0.047401  130.077560  0.344865  1.159734       6.543743   1029.195679 -165.073776  17.255430  2.139539   50.480511
270  118.673164  -9.024616  133.517365  0.341004  2.368240       7.288203   1035.199829 -248.875793  14.048497  3.175898   57.567646
271  129.831436  -9.632290  117.864357  0.327575  1.642123       6.597999   1772.808838 -215.889450  18.170576  3.937956   76.788048
272  132.646378 -22.330755  137.075714  0.344681  1.872775       8.482853   1317.423096 -185.970566  14.449507  3.950199   61.158337
273  125.683205  -8.287644  121.292091  0.344686  3.322024       5.932002   1789.629883 -230.222214  13.150000  3.478356   80.854530
274  134.173218  -9.901261  130.866638  0.347946  1.115619       6.535305   1162.535400 -154.854477  19.937618  3.072329  117.734062
275  137.122345 -10.957249  137.296432  0.332841  1.876092       8.728259   1012.424927 -204.967972  12.986298  2.903011   58.629234
276  133.195892  -3.092108  118.314659  0.327067  1.087507       8.948327    758.494812 -186.134460  17.982346  3.709959  104.952225
277  117.648201 -15.533948  128.704849  0.345205  2.775098       6.393296   1133.100098 -227.449692  13.864027  3.037861   61.505295
278  130.853058 -16.081636  121.279030  0.308037  1.821940       6.679881   1355.752319 -246.414642  18.012444  3.544084   79.966408
279  119.283043  -4.600723  121.554367  0.347333  2.489760       6.427302   1270.837646 -128.563889  10.843192  3.613881  101.155617
280  134.813431 -12.058210  119.509621  0.346215  1.252867       9.972138    946.054260 -153.961639  12.495643  3.990711   53.897392
281  133.405914 -15.557923  126.885201  0.344280  1.396618       9.758821    796.807556 -217.160751  19.052473  3.891332   78.036270
282  120.159805 -12.266014  122.649002  0.332363  2.283462       8.155898   1291.586914 -159.730255  11.086769  3.928882   76.454491
283  130.369843 -20.903458  132.746826  0.334261  1.675808       7.681180   1353.083130 -199.769089  20.096397  3.569626   56.139050
284  131.836548  -4.818604  134.625610  0.324804  1.184438       8.247466   1489.385010 -209.070908  14.599891  3.974994   88.250977
285  127.758110 -25.426554  135.703812  0.344824  2.547321       8.472734   1009.123779 -207.964890  13.026817  3.628014   67.519554
286  127.706360 -14.115405  134.081039  0.337619  2.014110       5.761056   1704.405518 -198.865356  16.014956  2.483144   52.246693
287  120.174965   3.186654  133.949295  0.344104  1.723052       6.931294   1598.520020 -138.338745  12.566632  3.573812   79.174080
288  128.112183 -14.664091  105.257248  0.340235  1.344566       7.958267    893.610840 -154.239319  18.135582  3.051238   66.007729
289  132.819839  -5.530725  125.273849  0.341700  1.154588       7.430849   1210.966919 -201.264420  17.594963  3.550651  118.089836
290  130.942261  -9.687172  123.747704  0.337549  1.234562       7.197372   1411.635986 -193.008743  17.261244  3.370981   66.404243
291  141.870514 -23.493235  129.917374  0.339156  1.325535      10.440508   1295.372925 -167.309372  14.777542  3.977586   52.799480
292  133.914978  -8.713250  116.110519  0.344104  1.362002       9.094019   1141.328491 -243.711349  16.296822  3.631985   88.130348
293  130.023376 -15.580707  100.675278  0.340184  1.164400       9.757373    915.367859 -173.758057  15.895507  3.788731   69.081139
294  128.826385  -3.129129  119.182571  0.318361  1.576237       6.649781   1005.040710 -134.831451  11.095807  2.866276   86.567825
295  124.671135  23.493294  119.537491  0.335845  1.180292       7.875684   1725.488403 -108.916862   8.510381  3.895223  110.377876
296  130.886963 -12.821665  115.981766  0.337883  1.220196       6.313370   1665.091431 -132.569382  14.719721  3.850233  105.890846
297  131.460419  -5.113840  118.682716  0.346169  1.211916      10.068101    831.575195 -211.253357  18.829592  3.583217   54.495838
298  127.012291  -0.053629  128.467026  0.334239  1.106027       5.277962   1534.631226  -87.037796  10.746675  2.996389   89.497742
299  126.893448 -14.582901  119.119247  0.341847  1.779311       7.929694   1307.973633 -166.382462  13.598986  3.761721   58.783180
300  131.760727   8.762878  108.346741  0.335543  1.015521       6.173855   1750.776733 -124.564781  10.129091  3.647978   75.275482
301  123.290390 -10.175008  101.547188  0.343616  1.937074       7.784725   1044.544922 -225.139084  14.965520  3.968327   91.616379
302  128.285995 -13.191506  135.466965  0.331005  1.826291       7.796834   1247.414429 -209.586258  13.692844  3.031101   52.954712
303  128.565063 -16.923384  134.458527  0.335647  1.748801       7.648767   1318.447998 -191.824432  15.431523  3.673976   90.206535
304  134.570526 -15.766227  125.150558  0.344975  1.425452       7.302918   1477.866821 -221.307343  16.450737  3.916120   66.522675
305  121.147667   4.564023  130.428558  0.339796  2.370193       6.691279   1528.215820 -248.112900  10.638917  3.174465   64.183495
306  127.521973   3.878259  136.420181  0.325031  1.206573       9.778803    829.967712 -194.618591  13.457075  3.511265   67.672325
307  135.691360 -16.949715  149.009857  0.336736  1.677630       7.620179   1486.531738 -127.943352  13.011230  2.897758   65.813576
308  118.640083 -11.379685  125.682190  0.334249  2.359036       7.976025   1244.983398 -237.630386  12.710349  3.847647   61.282532
309  138.832703 -11.585155  134.935760  0.336264  1.163167       7.852426   1618.075928 -233.006012  19.486282  3.724729   75.709648
310  126.203613  -3.147654  127.719238  0.307056  1.481419       8.960516    770.555359 -180.557114  14.715897  3.719962   71.432777
311  121.995552 -26.697260  134.983704  0.349662  2.989748       7.715539    895.917969 -204.746033  12.558270  3.344182   68.008484
312  128.524170 -17.375530  133.408524  0.349033  2.259165       7.588596   1114.131958 -218.568863  14.218925  3.411976   81.395294
313  128.673447   2.742948  132.856064  0.291398  1.022910       8.114510   1576.248779 -161.731049  17.350130  3.975576   61.484905
314  131.800705  -9.632207  125.646469  0.343490  1.286796       9.713032    830.607239 -160.120697  15.188175  3.480444   63.127384
315  125.447227 -20.970787  140.286163  0.335491  2.793737       6.977512   1739.859009 -246.642685  10.371773  3.133249   53.452599
316  134.290237  -9.874678  140.684875  0.328122  1.635305       7.404710   1456.022339 -217.947205  14.113169  2.987206   61.207520
317  134.292252  -0.501237  107.558334  0.319343  1.172613       7.160920   1071.781738 -119.127029  12.988613  3.638589  127.441055
318  132.902008  -2.010589  113.145279  0.335557  1.053617       7.029872   1456.459351  -98.515373  15.451894  3.665007   94.672600
319  118.298065 -22.674070  123.095413  0.347824  2.332056      10.195548    710.451294 -153.871719  14.235446  3.689434   61.194054
320  121.615303 -18.831112  120.863167  0.331569  3.094436       6.267006   1735.482300 -235.500229  11.896817  3.557913   68.050362
321  120.762970 -11.262577  119.095161  0.334452  2.151988       6.171439   1147.276367 -174.153885  13.788015  2.781321   56.865582
322  133.144562   1.084517  129.161011  0.329646  1.111571       6.373007   1810.006104 -202.220230  16.534628  3.184945   60.172989
323  124.973579 -15.416254  114.707878  0.339832  1.863078       5.460248   1710.729980 -140.011963  13.368742  3.167451   80.071754
324  132.525803 -14.235086  129.482498  0.347585  1.771312       8.556582   1012.924316 -190.635422  12.888512  3.661286   53.111992
325  125.812614 -18.752645  129.411240  0.324086  2.581168       8.284060    841.154907 -224.348267  10.910880  3.624446   72.135635
326  132.289062 -15.317652  119.028488  0.349599  1.274509       5.063347   1921.525635 -172.783905  16.827492  3.404488   87.600372
327  116.499939   6.510302  117.058624  0.315229  2.739625       8.140531    843.966003 -217.419876   8.759226  3.445048  109.864471
328  128.403473  -0.126719  129.342896  0.339012  1.217456       6.004276   1237.375122 -157.595352  14.820633  3.185467  112.877495
329  126.935936  -5.830723  117.027931  0.340617  1.209112       8.428465   1069.485229 -158.083679  16.223936  3.935747   77.486259
330  126.720024   6.215841  136.615631  0.338343  1.291560       8.677201    903.498840 -156.265778  12.877887  2.045991   56.117203
331  129.940094 -16.451674  124.331718  0.335612  1.562283       7.529389   1434.956787 -216.927887  17.389374  3.535512   62.021114
332  132.965698 -21.425335  154.368134  0.346012  2.044606       6.137967   1655.673828 -204.364975  15.047148  3.478719   83.192169
333  123.202858 -15.664345  127.347054  0.336931  2.844912       5.841773   1458.148438 -162.501343  11.349914  2.748481   66.932465
334  125.239532 -20.022312  133.624252  0.349517  2.224836       9.916844    826.417969 -170.768753  13.539740  3.080101   60.314190
335  134.228821  -9.173968  137.957626  0.343282  1.167826      10.439654    711.928528 -119.984642  13.036185  3.115964   72.874069
336  131.385818 -13.086822  130.954453  0.340564  1.722536       6.931262   1601.111206 -166.494629  14.548108  3.349959   86.748390
337  128.951248 -13.807981  120.026627  0.341746  2.730747       6.648854   1672.085205 -222.485840  14.138923  3.869686   71.908188
338  132.099380 -14.214958  116.514114  0.339051  1.203146       7.459298   1791.504395 -143.650314  16.253992  3.522283   56.546677
339  139.409882 -18.541168  142.395935  0.337755  1.562227       6.384780   1913.537720  -92.870361  10.169966  3.902415  127.014023
340  129.262543  -8.939696  132.380371  0.346945  1.873064       7.478348   1142.485718 -206.339050  12.817828  3.446810   61.498638
341  123.761040 -26.498762  129.845673  0.349818  3.006117       9.364185    833.593567 -218.257019  13.062365  3.475225   70.874275
342  132.047745  -8.942519  109.707008  0.342463  1.029850       6.821203   1493.232910 -125.680359  15.277483  3.782833   99.140175
343  123.129684   8.186421  137.749161  0.334186  1.202617       8.910991   1055.166382 -184.657242  12.796900  3.684209   96.725334
344  136.841949 -14.283958  117.285522  0.343911  1.285178       8.753055   1249.207397 -186.533432  17.359779  3.886181   53.763828
345  134.392532 -10.900121  126.502640  0.318160  1.172076       6.422062   1873.734497 -142.533188  13.046652  3.957427   86.537056
346  129.740540 -13.108985  116.533943  0.349326  1.526763       5.803773   1378.331543 -178.443237  12.962668  3.242601  112.899307
347  118.089302   7.880680  129.625565  0.322065  1.533285       7.197633   1541.748413 -229.016663  12.929930  3.778097   84.241592
348  131.493240 -11.413608  131.690842  0.314391  2.095312      10.242249    740.284363 -199.667191  11.193172  3.919155   57.225098
349  123.395081 -21.081470  135.459534  0.332691  2.702311       9.855631    721.588196 -210.871399  10.456145  3.673369   70.689796
350  136.381271 -20.696350  145.391098  0.335163  1.569797       8.331716   1570.624878 -176.300034  16.695751  3.531667   65.994957
351  118.571922 -13.160579  129.176407  0.329940  2.623417       7.525042    938.978333 -120.844887   8.552078  3.040521   58.223557
352  127.250336 -17.016815  114.713470  0.330325  1.732520       7.520316   1320.233032 -211.350082  16.888464  3.744115   59.911430
353  130.872437  -6.644376  116.792122  0.345567  1.265932       7.081037   1509.525024 -193.578140  14.671446  3.942103   66.979897
354  126.688477   0.153753  124.473824  0.303143  1.311521       6.178132   1379.453369 -146.470078  15.981158  3.829206   98.722488
355  133.251633  -6.035784  121.895287  0.330070  1.039863       8.574357   1371.176880 -146.821762  14.988537  3.930217   52.711189
356  141.291870 -15.450933  139.496613  0.332953  1.161130       8.478670   1813.052490 -217.576080  15.858157  3.968252   60.143185
357  126.536949 -28.794985  141.027023  0.347570  2.939312       6.633971   1202.512573 -206.559677  11.640799  3.052140   51.983162
358  120.885124 -13.236805  132.305389  0.345110  2.608422       7.501692   1673.205444 -217.775711   9.890036  3.874949   53.667980
359  119.115967 -13.220781  114.478539  0.328025  2.549854       6.994976    986.726379 -215.323959  14.779600  3.262143   82.090248
360  120.440422 -18.949423  121.919228  0.345253  2.520412       8.080952    790.509460 -241.820496  16.260551  3.292451   93.621864
361  133.562759  -7.895328  122.409805  0.346201  1.150775       5.347842   1661.097290  -83.715309  10.130532  2.945791   57.497753
362  128.104233  -9.253273  109.589256  0.335469  1.406593       7.146864   1382.892944 -206.400650  17.479475  3.738024   56.360153
363  128.442154 -11.216575  138.293884  0.321758  1.323113       7.832741   1206.824951 -160.955688  14.863751  3.722877   79.036491
364  127.825775  -1.325189  135.695419  0.334837  1.250215       7.063033   1739.094238 -216.025986  17.467041  3.807557   77.785751
365  122.082878 -10.382751  106.228119  0.327565  2.350822       7.277901   1355.814453 -175.166748  10.740962  3.741614   65.967575
366  123.922394 -17.859951  127.118721  0.335425  2.144637       6.952233   1521.051636 -243.585251  16.223892  3.450306   54.579685
367  127.985611 -21.350925  141.201080  0.328750  2.802042       9.031775   1004.653381 -205.235931  12.478977  3.773923   58.572952
368  127.527924  -7.459830  126.996078  0.334777  1.468414       8.708990    882.801270 -132.093338  10.443038  3.829634   69.080208
369  129.358551 -27.985552  141.233765  0.345632  2.669010       8.272234   1223.609863 -165.120224  10.929119  3.843434   68.676590
370  128.416382  -7.227292  120.943588  0.277532  1.578092       8.767897    798.400085 -129.914246  10.807404  3.849186   64.697144
371  122.677551   0.052570  123.955154  0.339857  1.778482       8.487536    948.836304 -187.976074  12.470989  2.890626   57.789925
372  124.023193 -21.763872  130.696793  0.343104  2.970900       8.423754    769.034485 -207.060059  13.800892  3.353646   98.774216
373  122.371819 -13.814129  132.830765  0.328602  2.659235       6.665864   1135.774780 -235.529327  10.640438  3.222951   81.557167
374  132.041641 -19.031319  130.536728  0.327263  2.227344       6.847558   1702.759399 -230.934448  16.425041  3.583679   92.520630
375  127.145851 -23.279699  127.814415  0.341738  1.923130       8.467077   1068.440308 -193.403015  15.642161  3.376090   59.066917
376  126.420746 -14.320161  146.989777  0.335739  2.695822       8.423755    993.552307 -210.902832  12.666388  3.142532   64.931534
377  125.723480  -7.418027  127.565147  0.317016  1.689168       7.545059   1101.994629 -167.639297  11.014288  3.957772   72.737236
378  133.188339 -10.174401  123.628059  0.317219  1.527016       7.879905   1162.525635 -159.239029  13.523810  3.575862   89.938065
379  130.521408  -4.608143  130.876312  0.341053  1.570993       5.407532   1514.122559 -108.970741  12.653217  3.210281  119.893898
380  126.327271 -16.501366  142.440811  0.315652  1.935681       6.073096   1579.551270 -166.257919  15.516100  3.842348   84.983719
381  131.433304  -4.691556  127.554337  0.343123  1.192235       7.477255   1685.741821 -113.665138  10.169786  3.988892   95.998329
382  122.648865 -26.430670  122.019981  0.346401  2.223240       9.209965    836.253723 -189.728394  14.902526  3.875489   53.048912
383  135.251953 -21.463188  128.215836  0.345038  1.490410       9.546060    892.278320 -174.469131  16.842701  3.275491   65.336647
384  139.937637 -11.214219  133.043793  0.343819  1.072809       8.224849   1240.802490 -137.785507  14.229291  3.633699   55.215435
385  130.418152 -14.322452  120.856384  0.312673  1.405209       6.926334   1809.974731 -232.928391  21.306980  3.753268   54.468857
386  135.584045 -21.672272  125.134308  0.342684  1.476767       9.556945   1135.410400 -231.664398  20.262228  3.934019   74.473877
387  128.050552   3.272571  123.921547  0.341815  1.600563       8.006637   1483.919434 -176.409424  11.768837  3.966006   51.347591
388  127.988228  -7.613068  123.920158  0.304960  1.969437       9.005231    795.750671 -164.452789  12.394877  3.353454   59.070072
389  128.357162 -14.633044  142.369598  0.334299  1.999296       8.025420   1195.552490 -204.362045  15.647332  3.885521   91.815659
390  128.488556   2.189012  123.560677  0.347402  1.509263       9.185599   1015.458618 -200.007645  18.193481  3.960728   97.701393
391  137.768127 -18.235106  122.736786  0.326734  1.277942       8.789039   1681.858032 -180.070404  16.747213  3.858969   54.484806
392  124.064140  -7.640611  119.484680  0.339121  1.756403       7.054811   1220.621704 -177.654816  11.529150  3.072514   62.529575
393  132.974091 -18.063494  130.431992  0.342084  1.811735       7.153426   1175.110840 -222.818024  19.694138  3.526811  101.247978
394  131.491608 -23.129364  113.993286  0.329476  1.948085       9.569258    927.750122 -225.899612  14.183455  3.882393   61.855469
395  138.458847 -15.658355  130.877991  0.346749  1.264778       9.118415   1235.144531 -248.743027  14.729755  3.226509   75.128654
396  117.894867 -24.143326  127.113464  0.324166  3.120049       7.627866   1020.253418 -182.021530   8.266389  3.828187   50.244598
397  125.577843 -22.767145  134.153381  0.348730  2.577817       9.956066    999.360657 -218.248871  12.888655  3.792795   63.574192
398  135.476318 -19.021275  109.673256  0.348164  1.196953       7.902250   1480.965698 -209.434753  17.508524  3.248682   73.324432
399  127.238152 -22.560078  132.298889  0.338345  1.923598       6.935804   1515.623169 -240.703369  16.574701  3.594460   67.402908
400  119.683220 -13.643880  106.236305  0.348517  2.166400       7.677249    878.215881 -195.947083  16.843004  3.118041   84.195709
401  124.134827  -6.927100  122.498634  0.328877  3.139129       6.748749   1274.463501 -194.296204  10.685601  3.874413  108.131721
402  131.719879  -6.939624  114.325813  0.335345  1.434987       9.339449    814.825195 -155.533829  13.253274  3.650793   91.378014
403  123.629936 -28.421307  131.316772  0.342782  2.788725       8.569009    970.912537 -217.208359  11.334497  3.933359   53.788704
404  125.434120  -4.810645  112.230667  0.335577  2.084947       7.074696   1522.181519 -143.908569  11.485434  3.519690   60.339180
405  122.972603 -25.442593  131.338623  0.334346  3.015262       7.004668   1990.205688 -222.516647  11.738251  3.947103   58.705368
406  128.475266 -13.948148  113.401123  0.338684  1.605759       6.189426   1950.883179 -242.465561  18.716328  3.744207   60.480656
407  123.072594 -22.196093  126.691498  0.333217  2.613575       8.502324    903.208923 -180.750931  11.956941  3.363809   52.270172
408  134.228378 -24.398888  121.720871  0.321350  2.141047      10.339435    791.048279 -196.716019  15.910007  3.783175   79.924072
409  127.094315 -21.280128  134.243378  0.338197  2.264586       6.436307   1733.106812 -242.472656  17.085196  3.831868   88.724464
410  130.884155   2.375309  126.727600  0.328757  1.227130       7.674687   1204.756958 -124.025887   9.673910  2.849583   71.083809
411  133.670563 -20.603197  134.585999  0.347042  2.021952       6.808816   1310.782959 -206.790741  14.250492  3.277172  107.638474
412  124.409431   1.480451  122.026505  0.300414  1.805893       8.039710    842.007324 -245.047867  12.169034  3.377686   66.247910
413  121.269958 -25.617571  143.300507  0.349577  3.411945       6.174779   1538.541016 -177.238129  10.575170  3.281400   54.205002
414  132.890701  -5.703857  129.682693  0.339803  1.020854       6.512787   1517.472046  -89.612526  10.768086  3.588748  120.932053
415  126.727867 -17.876200  131.263260  0.329065  2.119630       5.699456   1921.844727 -200.345016  14.295282  3.334987   62.467587
416  124.849838  -1.333575  127.898422  0.341816  1.734146       5.346672   1463.295166 -158.751404  12.766654  2.841452   56.243286
417  131.400909  -5.260084  124.264236  0.345112  1.151320       6.284845   1577.766968 -102.114578  12.648661  3.956164  106.499535
418  128.769501 -10.388962  122.218872  0.346474  1.623119       8.718955    838.835815 -161.549622  14.427972  3.863569   62.473621
419  127.471970   4.571673  130.260956  0.312564  1.151652       8.338647   1181.624023 -193.095215  11.543283  3.761249   59.880787
420  121.911087 -11.471956  112.097466  0.324728  2.378301       7.059712   1221.448853 -203.842712  13.467043  3.588469   54.790279
421  123.542496 -15.086072  116.156433  0.323990  2.571489       6.923450   1331.864746 -235.802490  14.419754  3.488600   64.183350
422  135.729401  -6.185560  118.071861  0.340831  1.300190       6.571290   1953.677246 -209.006012  16.429224  3.412906   95.852829
423  128.068756   3.761042  134.700638  0.319625  1.024951       7.317904   1531.251831 -157.162308  11.164793  3.234284   50.283424
424  132.157730 -11.619246  125.267494  0.341771  1.131928       7.649891    910.719177 -160.446167  15.920821  2.920211   74.902443
425  123.803276 -33.792900  147.888855  0.334122  3.960809       7.205957    902.348938 -206.856430   9.488578  3.335559   68.362984
426  127.838158  -2.727955  134.921509  0.324288  2.149690       8.958810    999.994202 -207.909012  11.240442  3.802352   63.136707
427  124.402939 -18.892387  131.131363  0.346468  2.668936       8.564565   1273.436890 -191.228149  10.718815  3.357475   60.926632
428  133.649979 -11.323544  129.227859  0.344769  1.079451       7.988807   1150.349976 -144.956528  17.008961  3.288559   72.932526
429  126.416374 -16.884260  123.956093  0.334385  2.434958       8.552353    942.953125 -188.720520  13.514562  3.752513   93.418129
430  132.217834 -16.052095  124.873138  0.346180  1.675300       8.873766    957.727112 -184.856232  13.745973  3.455019   79.343414
431  133.565735  -4.903345  113.529915  0.336684  1.084772       6.457500   1609.417114 -168.232681  15.376137  3.962483   72.362968
432  130.773865  -0.203989  129.527267  0.340609  1.202929       6.585315   1440.268188 -116.602127  14.243964  3.132264   59.123459
433  133.590942 -19.861864  121.997322  0.346746  1.338784       9.883410    976.927856 -146.854431  15.293780  3.404986   63.237335
434  129.093750 -12.161695  128.904984  0.346512  1.710154       7.318712   1190.975708 -186.090393  14.594829  3.746095  103.158745
435  130.519791 -11.056198  119.688675  0.329923  1.438524       8.004267   1128.625732 -168.743195  13.667284  3.490020   70.821663
436  125.962578 -16.313536  131.595337  0.349000  2.548089       7.223258   1626.368896 -221.871277  15.918210  3.645310   64.701851
437  130.342834   0.315104  122.446579  0.348806  1.052744       9.672363    911.862915 -105.604607  12.929632  3.261284   64.799736
438  129.564392 -10.415973  122.475594  0.333307  1.286252       6.435250   1521.080811 -135.749832  12.201238  3.177203   53.790722
439  128.001740 -20.335739  123.231575  0.349026  2.748556       9.300239   1067.912720 -158.544281  12.648471  3.568450   74.708626
440  134.987015 -11.558013  137.019806  0.318846  2.192204       9.477414    757.857971 -220.973129  15.532743  3.311423   82.528908
441  130.873413  -6.926208  112.711037  0.328600  1.086928       7.115344   1680.423340 -113.512032   8.761312  3.900651   52.249580
442  137.345490 -14.937112  116.282196  0.341077  1.130469      11.250789    789.415710 -184.342285  13.448899  3.948139   56.283375
443  128.620697 -16.485462  145.719620  0.341969  2.373494       7.719767   1447.873779 -234.991104  14.550708  3.373609  103.960381
444  123.345421  -6.001909  133.980118  0.298461  1.599079       6.661050   1602.932373 -199.969254  12.418141  3.444736   59.535671
445  124.896263  -0.892510  121.253563  0.332611  1.872100       6.576069   1560.715698 -229.954041  16.231831  3.850976   51.049301
446  134.939468 -10.206081  122.555946  0.323917  1.133741       5.334583   1591.552246 -176.332642  18.381277  3.244005   98.637840
447  124.731308 -25.983854  130.259262  0.340398  3.004368       7.605214   1520.917969 -225.757614  12.618882  3.795909   60.983318
448  127.824028 -31.495333  139.159546  0.339108  2.868254       9.269935    733.063171 -232.916565  13.747334  3.609390   56.855309
449  116.870140  -7.295612  126.760315  0.330582  3.311010       7.467690   1234.014771 -218.920471   9.035228  2.821387   55.850647
450  140.854950 -24.237648  142.852921  0.348707  1.506754       8.248563   1601.056763 -196.781570  15.310643  3.327123   53.712578
451  132.563065  -2.614185  127.421501  0.327135  1.221213       7.864594   1133.672119 -141.656906  14.131731  3.128139   52.847076
452  128.884354  -4.279545  119.400879  0.333934  1.316350       5.803284   1277.622925 -132.788284  11.904806  3.118523   89.791695
453  137.309174 -19.784954  118.784935  0.329471  1.052999       7.631938   1247.019287 -149.647202  17.288496  3.369203   63.160507
454  123.494789  13.850326  128.172073  0.320111  1.153285      10.414753    837.814636 -207.023422  11.847662  3.829291   67.372894
455  127.226501 -13.178578  120.373734  0.335021  1.828289       7.790940   1187.025391 -201.925491  12.837136  3.623049   52.186378
456  126.389671  -2.266671  113.858566  0.339891  1.375825       8.411943   1199.489624 -136.120972  12.830234  3.946058   51.412968
457  130.292847  -1.250765  118.070244  0.338658  1.054345       8.317251   1084.931030 -143.000137  12.209568  3.916260   79.110336
458  132.253906  -7.974885  123.203629  0.334283  1.159622       9.274366    707.922729 -169.322006  16.259260  3.691817   84.255638
459  128.254089  14.454390  122.356804  0.288151  1.424596       7.842528   1242.223755 -143.435928  10.429340  3.670738   80.047569
460  125.051460  -4.449892  143.164963  0.345931  1.271811       7.305485   1988.845703 -191.959976  12.527306  3.992473   53.484589
461  133.596237 -10.695117  134.650696  0.336576  1.203598       8.379506    908.443726  -84.315750  13.025249  3.660398   73.675438
462  132.672684 -13.685260  136.660751  0.348454  1.309332       8.076928   1269.797852 -147.349869  13.221146  3.286703   65.231178
463  129.718079 -18.963903  116.692039  0.347969  1.510285       6.020637   1686.690186 -233.807922  16.212179  3.257361   62.906631
464  129.001923  -7.018412  133.484650  0.331607  1.466013       6.680008   1727.165649 -168.168732  17.855270  3.451362   58.779411
465  131.360596  -5.333664  118.965103  0.335519  1.087526       9.252754   1010.346802 -174.535873  15.389757  3.736333   71.833549
466  116.189323   2.718738  114.547165  0.319584  1.920584       6.161169   1891.877563 -204.230057  14.713912  3.919248   53.828590
467  131.776535 -13.705956  119.398285  0.329550  1.795027       6.943341   1313.859741 -157.730225  12.761249  2.959824   64.399536
468  123.945953 -27.070946  136.846405  0.349936  3.850643       8.592176    915.834290 -241.144943  12.336555  3.906595   76.941788
469  118.575356 -10.495925  120.275398  0.343118  2.668952       5.099548   1400.130615 -227.003204  10.535578  2.594897   83.050423
470  131.757095 -31.121828  146.217682  0.335322  2.739130       6.905068   1281.027710 -185.213531  11.875220  3.172845   67.414406
471  134.468216 -13.728317  111.837898  0.324353  1.031906       7.605895   1174.573853 -128.411926  16.281216  3.661971   63.031475
472  125.814156 -24.379890  133.779785  0.343014  2.226543       6.527556   1703.531616 -176.958649  13.531041  3.787867   57.819054
473  132.162033 -12.012537  124.743820  0.345773  1.291216       7.372362   1300.532471 -166.300858  17.839451  3.162283   64.499763
474  128.374863 -17.915228  130.340851  0.337264  1.728957       8.814743    797.068237 -237.542877  17.974224  3.905679   84.938446
475  121.985504   8.906148  138.993530  0.335957  1.085070       7.888125   1216.027344 -179.337051  12.634920  2.570811   77.038063
476  134.056961  -7.301714  137.208176  0.333688  1.411401       7.652166   1392.308960 -121.255630   9.452867  3.640153   75.683907
477  131.207199 -24.758930  134.037582  0.332717  2.197209       9.869928    732.427063 -241.686523  11.077559  3.739704   53.899700
478  127.824425   3.737638  116.684853  0.345120  1.373921       5.227385   1602.209961 -118.176788  11.125896  2.897424   55.523991
479  117.311592  19.633980  130.943512  0.313736  1.730335       8.113709   1081.965088 -169.599045   7.316572  2.439594   68.611519
480  128.440613 -20.115038  134.473801  0.333556  2.438297       7.840890   1320.349609 -234.065216  16.515026  3.600513   60.765995
481  133.395737 -20.319582  127.085167  0.332479  1.624289       6.007702   1787.726562 -170.549927  17.065420  3.314609   71.054840
482  134.562820 -11.530444  122.482147  0.320752  1.136629       8.896870    880.434875 -132.304565  13.385372  2.736623   62.822475
483  135.739395 -20.209932  131.330429  0.345289  1.849658       7.739779   1626.780518 -194.615189  14.097290  3.217564   56.205414
484  126.906067  -7.751829  101.450317  0.344028  1.205283       5.972334   1530.158569 -218.457657  20.097010  3.707598   79.398132
485  126.813499 -10.383413  126.286316  0.339150  1.519439       7.158956   1334.528320 -171.638718  16.066736  3.946232   90.146973
486  121.897766 -22.373707  138.525482  0.325628  3.378127       5.471327   1652.978394 -203.947708   9.741918  3.485077   77.376167
487  128.551422 -17.796555  112.280571  0.338862  2.103960       6.520949   1594.587402 -208.430511  18.921452  3.330945   71.969841
488  124.044785 -13.879848  126.112877  0.314812  2.350038       7.256819   1549.057373 -162.447800  12.048069  3.685886   63.413643
489  128.436798 -14.803978  127.066254  0.344154  1.642246       5.508327   1671.371704 -125.446915  10.966113  2.983088   81.007545
490  128.053375  -3.413807  108.333023  0.349170  1.219343       8.629769   1061.067627 -246.634552  19.215837  3.710750   51.390148
491  121.943069  -6.787090  126.324219  0.306825  2.294032       8.727923    726.586365 -181.450897  12.685927  2.866742   61.236996
492  129.422150  -7.954048  109.631416  0.343671  1.340012       6.734038   1962.345947 -147.761505  14.646584  3.996789   82.337402
493  134.516968 -29.977089  133.856659  0.346871  2.503213      10.887816    772.663635 -241.532547  14.578398  3.891136   50.055134
494  120.691742 -13.586390  118.098824  0.339236  3.421819       5.961603   1494.401001 -200.797897   9.896580  3.803844   97.783852
495  129.390945 -13.411583  117.976791  0.325799  1.841058       7.040793   1174.347290 -176.925110  14.396239  3.088894   68.323235
496  129.138779  -4.081178  121.065956  0.337852  1.410344       8.693107    846.472046 -167.095566  11.247332  3.664608   78.213692
497  132.230865 -26.718666  135.060776  0.346337  2.913629       9.058892   1381.741089 -207.596436  11.816297  3.365425   50.591389
498  122.789307 -13.165215  134.973892  0.339986  2.020119       8.443400    921.172852 -198.177444  14.246489  3.567012   66.090408
499  118.742416  -3.235751  123.852577  0.328726  2.277741       6.649522   1155.919189 -184.906738  11.474273  3.181444   73.969933
500  121.718025 -20.706078  126.285378  0.345793  2.388564       9.201927   1119.240234 -175.871658  16.506966  3.757583   54.649673
501  129.776688 -23.796148  126.124344  0.349518  1.589682       8.121807   1219.651611 -235.177887  18.642859  3.909393   88.522842
502  123.581573 -13.574261  127.475739  0.331578  2.376499       7.705947   1538.582520 -206.546539  12.971741  3.746885   55.197605
503  118.463089  -8.351215  126.331535  0.345676  2.632212       6.806458   1376.334229 -179.143799   8.861548  3.462538   57.782013
504  125.729401  -4.377318  135.713760  0.333066  1.366985       7.094991   1445.591187 -204.254929  20.792683  3.549284   71.015854
505  125.199211 -11.753663  126.346748  0.318590  2.474899       7.974047   1076.997437 -241.388367  14.308833  3.964479   61.721722
506  131.378937 -11.502100  133.666794  0.335599  2.022318       8.549825   1274.585693 -209.658997  13.945090  3.138879   59.716354
507  127.640900 -24.510715  135.138123  0.329934  2.690938       7.166248   1492.416504 -208.132233  11.306020  3.629181   71.084877
508  130.251053 -14.618499  132.083603  0.334981  1.489306       8.990787   1385.617310 -128.830109  13.258198  3.829457   52.770210
509  117.137466 -12.043034  126.273788  0.335504  2.443290      10.081917    758.940063 -162.025818  10.637300  3.849798   69.306023
510  124.340546  -4.393987  122.940880  0.308446  1.530972       5.836176   1492.522949 -153.311035  13.052216  3.234655   58.942150
511  123.761299  -2.496645  139.312759  0.344085  1.198750       7.650556    738.856934  -79.393120  10.691011  3.512843  156.753235