            lon        lat         inc      D1AU     delta  launch radius  launch speed    t factor       B1AU     gamma         vsw
0    127.786385 -18.632298  117.742874  0.338482  2.023776       6.988912   1459.395020 -137.184250  13.248611  3.619555   65.120979
1    128.055466 -15.007288  130.762939  0.338323  2.050960       8.031214    750.274902 -105.732025  11.815139  2.943350   87.873131
2    134.034729  -7.610589  129.393570  0.342845  1.209808       7.819522   1542.277954 -139.646622  14.151650  3.984909   90.348328
3    138.651718 -16.399218  128.152206  0.341468  1.047672       5.904176   1604.759399 -116.451866  11.684498  2.715703   50.348698
4    129.969513 -15.747215  109.594315  0.334999  1.367426       8.192035   1494.073486 -214.701889  16.702620  3.868124   68.191994
5    130.171875  -6.245279  129.301071  0.346105  1.040111       7.603842   1511.334717 -191.989395  15.820911  3.353969   84.552788
6    123.443214  -9.980980  134.226624  0.330231  2.694046       5.339177   1877.918701 -206.293640  10.686832  3.650704  113.731667
7    134.931076 -14.398093  115.877640  0.348441  1.173398       9.237746    860.911804 -207.594940  21.025587  3.910199   95.585587
8    126.591934   4.698625  131.067490  0.330866  2.022058       6.605244   1501.726685 -236.102768  12.548458  2.967687   72.509949
9    135.715714 -12.759684  136.900925  0.337048  1.190904       8.415233   1357.822021 -142.000946  13.140947  3.724486   70.317986
10   116.997307 -30.217134  130.004730  0.346543  3.052279       6.284838   1515.767334 -225.288620  12.236527  3.760484   58.618397
11   126.657288   2.767063  131.409302  0.342677  1.521435       5.758584   1966.855469 -155.958191  11.117170  3.453768   93.588356
12   128.414398 -12.805824  122.240662  0.346131  1.614310       6.112812   1510.067505 -188.310715  16.440372  3.144593   66.576614
13   128.396805 -20.275795  131.579269  0.342684  2.421226       8.109153   1573.798218 -157.576904  11.626637  3.883831   61.276794
14   129.027985 -20.706083  123.183998  0.349557  1.757759       8.390390   1268.747070 -198.377808  14.314931  3.870166   76.713989
15   121.261803 -16.557659  131.232819  0.349988  2.678750       6.030401   1608.384521 -212.030685  14.407498  3.263320   79.078278
16   133.530884 -25.390100  128.681976  0.341734  1.809144       9.463124    995.902100 -193.035492  15.634030  3.199432   60.241108
17   132.074081 -13.579736  145.074402  0.340582  1.341317       7.394098   1965.518188 -120.112587  10.007232  3.772913   53.688679
18   127.051949   0.082156  124.926414  0.332093  1.026220       6.350915   1447.819824 -222.977753  17.520445  2.935710   50.883488
19   132.655762  -6.808924  121.914948  0.338343  1.246213       9.312922    993.112000 -200.688034  19.530378  3.293873   71.401459
20   129.299942  -9.138084  135.831192  0.331010  2.103499       8.537407    836.523315 -211.972595  11.723446  3.481858   53.271706
21   137.733368 -22.689966  130.748856  0.347316  1.429650       9.862386   1074.494141 -142.866394  12.098842  3.458099   50.558140
22   117.200027 -23.732693  139.283875  0.325627  3.606641       7.747102    768.670288 -210.563889  12.058317  2.993210   55.319336
23   128.944809   0.029455  127.891190  0.311693  1.152645       9.245209    702.839722 -159.169083  11.309630  3.980008   78.914810
24   128.265839 -17.306021  137.302765  0.349496  2.170429       5.285320   1914.615112 -158.682968   8.957217  2.583526   56.265617
25   121.552750  -5.462485  137.601273  0.318436  3.182140       8.903165    989.730896 -191.391602   9.730546  3.689202   64.819344
26   135.325851 -12.533808  129.069077  0.345408  1.125918       7.660442   1210.280640 -147.223190  13.250442  3.819443  100.020226
27   119.429924  -9.160466  120.730522  0.326585  2.585793       7.036797   1311.470215 -219.261063  15.008865  3.841391   70.103615
28   128.293243  17.089689  119.443741  0.322448  1.199462       8.464935   1227.746826 -192.506134  13.473587  3.674322   83.288208
29   116.069962 -17.554110  130.866943  0.335947  3.061834       6.845473   1088.447021 -222.251358  11.543465  3.693698   77.066887
30   138.054886 -26.136597  128.415314  0.342654  1.813164       8.549210   1281.240356 -147.737396  11.880909  3.627974   92.135735
31   126.177628 -12.133422  110.718704  0.328303  1.771066       8.192950   1189.695679 -213.970901  15.700294  3.563951   55.642532
32   130.295120  -7.954649  127.735619  0.305961  1.785601       6.908309   1906.869873 -210.852371  16.457582  3.858722   75.647118
33   132.268906  -9.841749  129.391647  0.335113  1.525099       8.438756   1292.482788 -142.234879   9.812185  3.803203   67.178894
34   130.269653 -12.301447  132.084976  0.318636  1.696573       9.217620   1259.277588 -155.105850  13.308193  3.809240   53.834553
35   128.725021  -5.284187  130.601288  0.344696  1.108405       8.097788   1351.055176 -113.123993  12.594720  3.884788   92.773903
36   130.497406 -18.301464  104.664787  0.337636  1.178910       5.831495   1702.582153 -199.295319  20.312431  3.178140   51.596302
37   131.340561 -13.960714  122.431534  0.348778  1.691084       6.558793   1692.891235 -144.210159  12.158477  3.134834   61.839901
38   132.051086 -24.014299  143.828796  0.349039  3.041784       7.791212   1658.848267 -231.526077  15.105364  3.575582   72.053162
39   128.953445 -12.474237  124.099617  0.332110  1.816396       6.583535   1677.223633 -246.307632  17.613081  3.843520   63.401718
40   129.394867  -2.848075  116.334663  0.347172  1.174210       7.662437   1623.838623 -159.310867  16.647518  3.412642   51.929283
41   135.617920 -11.490968  139.938889  0.337234  1.456690       9.253174    975.352295 -188.655762  14.958226  3.096238   51.975864
42   127.682457  -6.732706  122.280807  0.337269  1.427120       7.450640   1854.453003 -189.129333  16.434155  3.788449   57.436047
43   122.122940 -21.317366  140.642258  0.345297  3.150348       7.936275    881.410156 -201.385147  11.458099  2.311899   63.935730
44   126.517166 -24.008709  135.357101  0.333334  2.458059       7.638224   1432.261230 -240.584122  13.422775  3.469549   50.310612
45   126.536499 -23.835173  132.182205  0.346144  2.584434       7.853529   1008.548645 -178.816849  10.206175  3.102393   70.521042
46   130.896667 -25.434168  129.821320  0.342816  2.174515       8.642134   1199.770020 -229.783356  15.856456  3.594096   70.816254
47   131.807877  -1.298717  138.184113  0.327585  1.041848       7.961424   1471.124390 -127.342484  13.001845  3.923528   81.886703
48   128.664032 -12.927249  115.318619  0.337322  1.647094       8.240549   1201.381104 -206.031479  15.163927  3.573886   60.794434
49   123.612022  -3.649342  132.506912  0.308962  1.242193       8.054211   1281.547974 -132.301529  14.533403  3.744071   50.279373
50   129.390900 -12.442964  126.975540  0.341046  1.930867       6.660385   1338.515747 -196.843857  15.473384  3.356591   75.302658
51   120.456398 -19.576601  122.480988  0.340877  2.132325       7.856229   1364.714111 -221.022675  15.896816  3.536828   50.105553
52   123.435509 -14.715640  117.959091  0.348089  1.911414       7.967729   1092.530396 -201.486420  15.579725  3.647840  103.991493
53   130.128464 -19.702686  120.272171  0.337110  2.395648       7.605796   1744.100952 -236.227356  11.876733  3.961040   53.950401
54   133.749435 -20.518349  133.513336  0.331653  2.307357       8.333502   1165.738892 -163.690170  10.472269  3.846513   92.630569
55   135.507629 -17.365665  124.041748  0.317999  1.441903       8.248976    804.946594 -156.484070  15.181308  2.776988   61.453194
56   135.867203 -18.568893  136.049133  0.328121  1.580315      10.342484    916.229431 -247.669739  17.652327  3.768078   68.149376
57   128.705276  -1.513428  126.866447  0.331540  1.370167       7.371506   1463.734863 -240.183624  16.636158  3.992635   77.727280
58   132.024002  -9.036777  137.085312  0.336411  1.226366       7.542007   1545.588745 -127.309479  13.948638  3.893644   71.820732
59   127.237740 -20.006174  134.428329  0.339128  2.379114       8.089000   1374.959839 -180.457062  12.915273  3.932879   70.000969
60   136.112289 -16.416988  115.406410  0.329032  1.089547       9.684584    849.462646 -186.688889  18.545242  3.637306   86.649483
61   133.589066 -18.218908  120.773125  0.326152  1.398715       9.047436    878.878540 -178.113770  15.939838  3.869240   85.751945
62   130.380936  -6.509448  121.681763  0.346771  1.523755       8.500834    930.537659 -196.804153  14.459913  3.098695   65.366982
63   120.970818 -28.321943  132.851273  0.346095  2.530972       6.505774   1464.992188 -246.054825  18.219418  3.749349   62.263397
64   131.588333 -17.371117  118.502525  0.339094  1.667206       7.465662   1194.747314 -189.561234  16.058596  3.002095   66.623573
65   126.299675   0.303311  128.348022  0.340178  1.993102       6.874341   1049.141357 -101.244507   9.444859  3.633440  115.140076
66   131.805359 -22.663237  121.699409  0.335555  1.838701      10.593215    874.034363 -246.816193  14.717088  3.807068   68.105759
67   127.473396  -8.150277  129.639679  0.338990  2.034640       6.769104   1821.181885 -199.205032  11.438567  3.510892   71.061798
68   128.037888   8.472237  111.738373  0.328505  1.129661       7.124911   1722.647461 -201.142258  15.888428  3.483276   71.203827
69   128.598740  -4.004215  134.019440  0.333783  1.195742       6.506868   1701.130005 -119.044640  10.963967  3.572486   71.194565
70   136.457840 -21.164339  142.026505  0.331896  2.324981       7.401157   1539.542725 -202.506210  13.827279  3.393950   71.046974
71   126.502220 -28.786423  130.176437  0.349220  2.334771       9.688573   1029.957886 -208.224915  13.854033  3.873528   51.979763
72   130.780685 -13.165063  119.429596  0.327593  1.522154       5.626076   1758.146362 -143.114151  11.258868  2.987184   67.412636
73   119.331734 -25.149147  113.615250  0.336122  3.141097       8.339121    955.249878 -183.887802  12.214545  3.752697   58.479546
74   128.549759 -23.000040  128.676270  0.346196  2.717469       8.469330   1087.626953 -218.691391   9.525299  3.857180   50.489323
75   117.053459 -19.255569  131.117249  0.342556  3.764226       7.720285    891.008423 -236.031296  11.459908  3.264521   72.408867
76   123.400986   3.944278  141.233383  0.314327  1.050832       6.537044   1775.473877 -148.175522  14.089108  3.506422   54.497906
77   130.328964  -4.728875  122.654770  0.346392  1.052587       9.059298    802.121643  -96.743874  13.339617  3.239426   82.110451
78   129.793655 -13.434946  120.385735  0.331261  1.952582       7.987577   1144.641846 -165.267700  13.534743  3.432372   59.336922
79   123.099327  -6.862341  109.499931  0.319438  2.308529       9.704894    707.777832 -175.712204  11.749726  3.938643   53.850956
80   127.677933  -6.183564  111.415199  0.333325  1.707577       8.133855   1085.206665 -127.834641  11.359207  3.714053   52.117447
81   133.161484 -10.534513  129.176529  0.347471  1.528493       7.252468   1516.635010 -135.047256  10.767286  2.936666   56.991508
82   132.400665 -15.372347  114.253334  0.344319  1.173298       9.040939    785.475098 -184.038528  16.931036  3.242391   88.116020
83   141.377319 -18.817795  131.537369  0.347577  1.148448       7.000257   1806.237793 -145.253891  15.771605  3.536303   86.097107
84   131.363342 -15.483652  101.993401  0.336673  1.157869       7.366902   1436.693237 -188.221786  17.015009  3.908559   75.217712
85   129.082260 -18.918009  134.811981  0.346668  2.021443       8.402626   1209.071533 -159.059189  12.918484  3.379083   58.399342
86   136.305405 -13.265010  126.539268  0.343891  1.052592       9.363298   1058.218994 -167.419800  15.795106  3.937779   97.265411
87   131.828339  -5.929286  109.406647  0.299706  1.580737       8.423526    781.666992 -151.687027  12.470356  3.425379   62.781651
88   138.336334 -12.783806  131.579803  0.345978  1.294508       8.603973   1259.426025 -159.927109  11.515149  2.667952   65.677505
89   129.629929  -2.212092  125.717598  0.316966  1.165306       6.169243   1660.327637 -162.469162  14.858431  3.348386   55.392986
90   129.885223   0.127419  130.454315  0.347354  1.029035       8.573443   1259.449341 -155.862762  16.750288  3.637302   66.231094
91   135.173218 -14.872029  118.108383  0.321870  1.393553       7.633954   1509.341553 -153.625458  14.075706  3.672828   70.645729
92   123.475349   8.438134  126.500641  0.332353  1.322782       8.258379   1461.368164 -124.593765  10.643912  3.975132   70.341438
93   130.079376 -23.304672  126.817368  0.341720  2.470982       7.278911   1879.167114 -186.039307  10.567417  3.723505   85.629883
94   133.456390 -19.111525  145.460907  0.319484  2.389807       8.681043   1146.397949 -224.809952  16.031301  3.190686   64.514946
95   132.613480 -23.437710  136.248383  0.346968  1.824426       6.937253   1611.390869 -132.861801  10.670026  3.576662   97.337082
96   131.437195 -13.704424  125.823593  0.345906  1.379604       7.573655    893.049072 -179.155258  16.829790  2.667921   70.204063
97   125.555916  11.383269  125.039101  0.312042  1.153367       6.860778   1653.443604 -170.971527  14.956759  3.592947   64.525558
98   135.938766 -13.369742  116.823708  0.330031  1.040922       8.469184   1274.972290 -213.930359  21.690613  3.663382   64.417564
99   134.648926 -22.119833  126.481544  0.341729  2.034223       6.880139   1877.594116 -187.520966  15.874066  3.632553   54.979988
100  131.264328 -13.327336  127.370308  0.324913  1.525206      10.116240    755.686218 -219.327362  16.512728  3.958743   82.570770
101  129.536880  -9.766048   96.171539  0.342094  1.332745       6.633323   1402.698608 -240.290405  19.002485  3.583796   50.735889
102  126.329597   8.105378  125.630829  0.334478  1.022237       7.131409   1704.268921 -201.615524  18.763634  3.217350   76.888252
103  131.047668  -4.803896  136.171310  0.339163  1.046145       7.410438   1302.130005 -106.542839  10.549994  2.947725   68.270767
104  113.027618 -16.667749  139.003616  0.334738  3.295394       7.915063   1020.617859 -242.046417  10.431819  3.237955   60.644897
105  126.594719   0.162559  121.805283  0.333316  1.945716       5.697659   1507.213013 -227.590775  14.290914  3.210770   78.153229
106  130.010635   1.564771  131.448257  0.311175  1.311210       7.690715   1362.994263 -186.710114  15.671297  2.904655   51.256805
107  124.502480 -12.505604  137.558594  0.328839  3.315053       6.910935   1612.357056 -218.218842   8.563824  3.824548   68.805038
108  131.274521 -16.724010  123.670639  0.347909  1.663103       7.802712   1076.000488 -232.747787  19.032309  3.900911   95.496788
109  120.451157   2.813166  132.324814  0.340753  1.584902       7.614608    743.732117 -108.311790   9.324149  2.177334   55.644558
110  128.889847 -12.585048  119.414772  0.340058  1.446965       7.795012   1195.632446 -201.867279  14.605159  3.445700   58.682415
111  132.990616 -14.332273  112.556587  0.347918  1.093905       7.134471   1085.100098 -124.569534  16.842289  2.776543   52.875977
112  127.650284 -21.331572  121.842247  0.336385  2.435887       7.670142   1597.234985 -203.686310  13.621196  3.856971   63.044693
113  129.915848 -17.108284  131.996094  0.332707  2.411006       6.534898   1433.332397 -159.037247  12.589272  3.272091   71.107338
114  117.353821 -12.145297  109.121490  0.344298  2.705746       9.500494    843.408936 -216.802704  10.352216  3.777961   68.332893
115  129.981201 -22.989969  121.229485  0.342854  2.103188       8.217946   1083.132446 -185.639526  14.235909  3.554518   89.138954
116  128.210892  -6.095904  127.914848  0.340843  1.591704       6.220603   1778.687622 -162.132431  12.964729  3.273395   81.785660
117  122.950569 -20.566315  124.718788  0.344215  3.007351       6.448094   1817.236572 -232.661545  15.127409  3.344976   62.490307
118  135.343948 -11.245263  119.604622  0.335483  1.032104       8.945928    833.702393 -180.172592  16.522104  3.741418   95.078941
119  127.395752 -13.715392  110.281265  0.348770  1.479277       7.354475   1267.010132 -147.646164  14.095884  3.085116   63.617924
120  125.386452 -13.267673  126.954216  0.341918  1.723533       7.709181   1162.451050 -140.569305  13.244127  3.658104   84.436493
121  127.785110 -25.699690  125.189087  0.347625  2.179726       7.728569   1227.719604 -220.655258  15.367504  3.324936   57.032089
122  128.561401 -18.822844  125.369995  0.339454  2.184869       8.111346   1071.436279 -188.244965  14.023912  3.151310   54.386829
123  131.223892 -17.670628  134.618622  0.338727  1.987550       7.850511   1404.335815 -139.359238   7.887368  3.909682   69.902603
124  137.158127 -12.852963  123.353813  0.320491  1.084737       8.213602   1182.636230 -206.573257  19.453983  3.731431   89.630478
125  122.621712 -11.238769  110.923317  0.346608  1.902469       7.259291    945.429199 -160.371445  17.745815  2.816201   50.841202
126  132.503326 -11.544907  119.935501  0.348523  1.358348       7.714584   1206.740845 -195.502060  17.154852  3.180526   70.197807
127  126.623444 -17.159494  127.858025  0.345216  2.239214       9.445954    871.065002 -217.592026  15.509723  3.632138   63.585556
128  130.583878 -10.202088  129.104218  0.319931  1.408890       7.246584   1200.557861 -111.319885  11.720177  3.386159   85.978546
129  127.150459 -30.185415  135.962906  0.346043  3.374797       7.097533   1386.062500 -248.187454  13.179826  3.432924   51.685535
130  127.187218 -13.978607  125.507515  0.348525  1.615307       8.902128   1169.340698 -214.718567  16.326994  3.689323   64.211823
131  127.394440 -20.000214  125.941956  0.340575  2.403290       6.870594   1425.688232 -210.726013  15.551544  3.598200   76.778831
132  116.191978  -1.068103  124.069954  0.329586  2.542674       6.127738   1622.653320 -187.344620  11.096650  3.246922   57.164131
133  134.316513 -19.595406  126.109161  0.319701  1.573883       7.918765   1335.060303 -194.970261  17.652676  3.559190   54.867882
134  126.017456 -14.294179  117.622726  0.333347  1.773911       7.009013   1681.581055 -206.872620  18.560616  3.905275   56.221855
135  135.597458 -15.438131  128.400375  0.343275  1.639596       8.645954   1059.970703 -163.519135  12.627634  3.579055   85.432587
136  136.128830  -5.364528  135.024643  0.328477  1.017655      10.179499    778.860962 -138.721436  10.758141  3.830695   70.785332
137  120.513290 -19.014883  132.536224  0.338286  3.924082       6.390835   1906.096802 -218.465256  10.242762  3.433203   61.386745
138  129.846588  -8.109801  144.982010  0.341756  1.967828       6.479381   1499.965088 -165.604340  10.367856  3.014998   72.347473
139  122.813538 -20.469463  133.452927  0.337063  2.755836       6.906136   1382.307129 -176.398514  11.465748  3.322966   81.767784
140  115.476685 -21.898361  120.278992  0.347528  3.765633       7.741465    965.654602 -201.165466  11.452888  3.613611   50.559719
141  129.300232  -0.274591  129.348389  0.349603  1.009439       5.390579   1823.785767 -141.384399  14.177407  3.124293   77.945129
142  125.002449  -6.198236  116.025513  0.337901  1.759564       7.070915   1423.652344 -112.340355   9.386539  3.214612   68.535942
143  129.544159 -13.761639  137.087997  0.321135  1.793622       6.502559   1894.823242 -143.769104  11.462122  3.331821   51.904610
144  128.920532 -20.463369  131.043854  0.344987  2.223730      10.167733    725.574951 -231.474503  16.978794  3.894675   84.678879
145  117.609802  -6.050303  116.274384  0.338972  1.935222       8.365108    929.850525 -194.643768  16.004143  3.547393   61.876984
146  120.436089  -8.573880  140.356689  0.320702  2.277706       8.754668    773.775330 -154.886261  12.795464  3.884411  112.762352
147  128.075623 -12.394879  132.360779  0.315924  2.139855       7.436498   1730.381958 -187.623291  11.949539  3.649501   53.731850
148  128.064468 -15.581676  133.058731  0.344476  2.010394       7.405071   1336.463623 -127.859947  10.665428  3.431632   58.517906
149  129.540283 -11.819522  125.807938  0.333644  1.302027       9.196200    928.055359 -126.332664  11.987226  3.414050   62.216625
150  126.865807 -23.115290  125.134880  0.344336  2.346793       8.555449    998.379395 -247.855530  14.134001  3.893212   68.097198
151  126.759941   3.539253  125.964203  0.333946  1.264457       7.177487   1223.748413 -126.609848  11.385463  2.939660   63.074226
152  126.844475 -17.459198  125.684822  0.343219  2.129709       6.810996   1634.202881 -196.373260  16.665758  3.190202   59.294338
153  127.562729 -21.769136  108.181984  0.338923  1.655280       8.299651   1111.352661 -164.480835  15.737386  3.660902   59.490543
154  126.958138 -12.655028  106.948410  0.341261  1.393924       8.386566    966.895447 -199.119476  21.276409  3.989831   91.355080
155  128.521011 -15.889706  117.958206  0.325016  1.938118       9.143137    767.363037 -196.492096  15.826931  2.935812   55.817833
156  123.360313  -8.117290  114.664841  0.319433  1.903093       7.007649   1683.393433 -228.265030  13.363427  3.599558   55.505531
157  125.350945 -24.010912  136.647430  0.347663  2.794070       8.098091   1164.905029 -211.250671  14.654619  3.953457   55.894367
158  132.223557   1.110282  128.235519  0.330239  1.034955       7.483839   1151.478882  -97.108932  12.663886  2.253283   55.871468
159  136.708954  -7.046557  139.805481  0.343779  1.444314       8.374471   1072.885864 -166.476654  12.151920  3.023975   60.601112
160  135.001816 -21.797363  136.255386  0.343366  2.648036       7.912323   1585.947632 -201.823318  13.842511  3.368989   88.819862
161  126.709824   1.498372  137.026123  0.318954  1.071883       7.672607   1212.375977 -143.170547  13.691202  2.979047   53.315712
162  128.261749   2.558719  119.873718  0.329173  1.206019       6.477065   1914.508789 -217.614166  16.909346  3.881918   96.086029
163  135.044662 -22.700024  118.876076  0.347982  1.310964       8.911454    908.265686 -185.006378  15.399004  2.711125   51.825737
164  114.788933 -16.519207  136.442123  0.349986  3.641183       5.280068   1494.420410 -211.754532   9.804338  2.955126   79.828590
165  129.608963 -24.501543  133.114594  0.343932  2.557972       7.274443   1285.715820 -196.752228  14.526945  3.579842   76.752556
166  134.710144  -9.250360  125.218567  0.321629  1.117540       8.826910    857.827576 -159.182816  13.243080  3.479379   65.366684
167  124.096916 -20.634054  128.583054  0.320049  3.156229       9.110790    944.768005 -220.926041  11.589297  3.541296   60.188244
168  132.281998 -14.834689  127.247917  0.337376  1.704549       6.224193   1397.114990 -208.249603  15.199853  2.612324   77.265877
169  132.261276  -8.619844  124.137909  0.343601  1.142769       5.192763   1669.953125 -179.057388  16.067081  2.954209   90.754395
170  137.835526 -20.528194  136.206970  0.333134  1.576999       9.805488    811.438354 -208.304398  14.990031  3.806630   78.300957
171  125.477989  -6.551498  127.382050  0.329391  2.093489       7.880744   1197.134033 -186.633194  11.258200  3.471295   66.978386
172  133.249893 -22.544075  133.331009  0.338104  1.829938       7.905852   1904.858398 -169.385986  11.719761  3.920042   53.397709
173  128.928955  -9.961197  103.359398  0.331184  1.610298       6.837092   1318.176514 -150.716187  13.255817  3.624056   69.498161
174  123.606415 -17.509933  128.324829  0.320430  2.559206       8.749848    989.549255 -237.306641  13.193328  3.635649   58.955429
175  130.468246 -32.301746  148.621643  0.323259  3.311235       7.592490   1233.823853 -222.687027  11.974456  3.890479   63.860092
176  123.551956 -25.113918  132.872833  0.341798  2.943415       8.430036   1082.777710 -187.509796  10.409875  3.819761   60.765083
177  121.019341 -18.519037  130.937088  0.338282  2.647653       7.146876   1745.786499 -203.918884  12.019427  3.851766   52.609417
178  128.641266   0.264769  132.589600  0.337657  1.253941       7.847364   1178.994873 -133.820160  12.553420  2.735096   52.541241
179  123.430283 -18.744024  139.424011  0.329715  2.599915       5.689569   1783.759277 -177.294006   9.872705  3.458124   86.867218
180  125.639587 -10.198736  121.097191  0.347736  1.402715       8.732592    878.017456 -169.290833  16.819515  3.761771   94.629196
181  125.733467   1.947652  139.165253  0.308014  1.014489       9.876161    737.116760 -126.758919  14.437983  3.453057   61.373619
182  121.515083 -13.436769  119.690559  0.344784  1.631119       9.299671    916.539001 -198.736679  17.312292  3.638165   57.873341
183  128.525635  -5.715798  127.038948  0.335264  1.262145       8.183295   1092.110596 -145.824829  14.529776  3.701987   62.964863
184  122.289116 -13.413483  117.332481  0.343558  2.183914       9.330453    784.109680 -191.467255  11.364935  3.117511   55.211155
185  130.646255  -9.870280  126.170181  0.336486  1.295276       7.421455   1618.511353 -173.685257  16.855906  3.956109   53.578609
186  136.114578 -15.209251  119.295555  0.347203  1.214080       9.085656    979.771790 -194.559036  18.494867  3.820261   84.460915
187  133.401077  -9.307841  129.311005  0.346110  1.208447       8.883900   1023.452209 -213.159348  17.083879  3.967230   52.408573
188  127.113495 -20.227510  132.207535  0.337149  2.295285       7.701127   1318.692017 -185.416733  13.482544  3.296560   52.794689
189  139.077133 -16.467957  122.816910  0.343941  1.024666       9.343401    870.240906 -223.692001  20.556137  3.482166   71.119949
190  123.364166 -19.299667  127.161163  0.349814  2.694547       8.483817   1317.768555 -221.319733  13.907026  3.950412   62.674473
191  133.997467 -10.084586  137.705154  0.336605  1.215773       6.171156   1975.566040 -140.956177  16.663443  3.689956  107.132179
192  130.484543 -19.422388  143.497345  0.342685  2.076778       6.728304   1347.549316 -182.296173  15.140093  2.839749   64.638397
193  130.533997   3.134664  128.096909  0.297462  1.036176       7.558864   1910.337402 -205.977585  17.357838  3.527579   61.649612
194  136.698288 -20.757622  125.919250  0.347881  1.442253       9.041211   1347.232300 -187.861877  12.620413  3.600957   72.249649
195  119.328102   3.627032  134.782135  0.319040  2.003501       7.033680   1910.320435 -223.398392  10.446879  3.695120   61.335308
196  125.268105 -16.847815  135.276382  0.336371  2.851382       8.040936   1280.019287 -202.033813  10.761756  3.928813   52.765476
197  125.815933 -13.728464  126.279213  0.319641  1.803800       7.436153   1297.556641 -208.391785  18.725658  3.569118   54.013866
198  126.232025 -15.307279  113.848824  0.340154  2.015041       8.383980    998.851257 -220.528137  15.175920  3.634431   56.031712
199  131.367325 -17.255489  130.320923  0.342596  2.066411      10.674763    779.579773 -176.307693   9.674608  3.906463   51.758232
200  123.566689 -17.849051  112.638924  0.344309  2.230691       6.148940   1693.581421 -169.885941  12.079729  3.422591   72.057503
201  129.757172  -6.694042  127.308777  0.336949  1.494586       5.769753   1905.680420 -231.444336  17.604090  3.453340   68.771652
202  137.059311 -13.751631  120.938095  0.343091  1.035367       8.871253    856.482300 -145.586975  16.042488  3.564216  100.621124
203  124.311569 -18.590187  120.655045  0.333181  2.242556       8.085653   1127.505737 -163.593063  13.080265  3.729007   55.761459
204  119.139099 -11.488681  120.260170  0.344121  2.235791       9.278678    740.431213 -223.987808  16.004526  3.599167   88.456940
205  119.584320  -9.797678  140.476089  0.334792  2.274007       7.242409   1444.627930 -159.160034   9.736606  3.583709   90.244041
206  129.685089 -15.316446  112.488808  0.335834  1.488636       7.236478   1472.964722 -158.505508  15.326554  3.492690   63.228512
207  129.127502 -25.981668  130.954437  0.335779  2.610958       9.069075    807.435974 -199.172607  13.171803  3.498510   89.509491
208  126.196098 -15.363856  123.732658  0.334094  1.990172       7.177049   1612.180176 -155.537247  11.949362  3.745895   58.957100
209  124.410881  -3.265996  125.177406  0.346222  1.527983       7.185166   1899.993530 -147.445328  14.060998  3.638778   53.449345
210  119.532448 -17.509325  117.818756  0.347027  2.913018       5.299628   1817.998047 -201.198532   9.874657  3.426482   53.504295
211  129.865799 -15.026580  131.215927  0.313871  2.302572       9.186468    880.348633 -204.459702  14.031305  3.527923   67.225266
212  121.835892 -22.406527  115.500458  0.347492  2.123087       7.656389   1346.214600 -185.653244  13.375134  3.653989   57.484943
213  128.298706  -1.075317  133.459198  0.341633  1.811704       6.954353   1709.981323 -128.393845   8.945472  3.867240   84.107399
214  125.323219   1.306871  120.381325  0.348716  1.078765       6.834902   1900.117310 -126.470024  14.075257  3.658979   61.751823
215  121.408234 -24.215904  123.132744  0.339109  2.834389       7.696388   1060.849854 -190.866928  11.948689  3.260371   66.341858
216  126.308136 -18.621367  147.048569  0.336779  2.797199       6.201089   1135.049805 -128.325867   9.892204  2.789667   92.528618
217  136.409698 -14.022359  133.627304  0.349783  1.272557       8.363214    916.495789 -113.622536  13.562830  3.026483   59.916702
218  119.095985 -17.156519  126.613075  0.319474  2.582624       6.074600   1615.174194 -232.988510  13.958539  3.570270   55.981030
219  125.756775 -15.152282  137.691803  0.331654  2.537948      10.037703    759.214783 -219.168747  10.953702  3.588928   80.419670
220  130.932663  -7.905721  136.913437  0.325820  1.588509       7.488401   1219.809082 -165.827774  13.330971  3.528411   97.391670
221  135.742432  -5.308597  138.210022  0.342405  1.008986       8.762751   1095.691772 -179.204575  15.474938  2.869308   74.346252
222  124.069084   7.740322  134.292633  0.345590  1.212667       8.463623   1043.759033 -110.876556   9.749876  3.545691  114.518082
223  120.104927 -14.046629  114.544373  0.314485  2.697603       8.855652    787.704895 -210.872437  10.567537  3.898727   54.139530
224  115.230614 -13.502779  144.509460  0.342571  2.940933       7.881647   1055.718872 -213.320969   9.991141  2.900565   72.998489
225  134.052322 -15.553732  129.232300  0.344866  1.510212       6.977561   1735.370972 -198.124130  15.256150  3.776484   69.320435
226  124.538727  -6.644221  130.984451  0.339467  1.722211       7.258925   1131.192505 -144.784409  10.791527  2.816298   64.323212
227  125.185974 -20.918587  126.720161  0.345937  2.292609       8.056521   1052.229248 -192.940964  14.035973  3.705224   64.039589
228  131.342453  -4.223030  138.496994  0.347623  1.060560       8.330235   1356.662720 -154.403564  13.959626  3.980100  124.409126
229  128.705460  -9.213889  140.567352  0.321056  1.995112       8.203296   1489.278564 -156.087692   8.108459  3.998282   87.670937
230  134.555756  -6.596468  142.711700  0.325587  1.098796       7.721096   1496.289307 -171.828552  16.695530  2.988231   60.797035
231  126.613274 -16.073652  127.675629  0.336462  2.015474       6.044821   1789.724976 -203.910965  16.348377  3.617681   61.366901
232  124.213737 -28.489494  140.203125  0.349553  3.754166       6.045464   1500.219482 -248.051529   9.112628  3.592182   85.295822
233  133.285614  -6.623117  122.759087  0.340879  1.214124       8.414331   1286.463379 -204.957397  14.188702  3.344205   57.956028
234  129.055725  -5.470815  123.561371  0.337746  1.174786       8.276695   1199.652100 -132.303207  15.781775  3.380382   59.972000
235  134.314819 -21.207813  137.349869  0.348726  1.842012       7.240147   1468.768555 -173.591599  14.156783  3.221048   55.161068
236  125.087738  -4.584364  131.629959  0.332149  1.636060       6.925961   1509.376709 -178.140793  12.956716  3.520606   85.387428
237  121.262199 -15.101334  116.853340  0.338838  2.632095       8.874892   1009.967468 -249.438675  14.227349  3.632295   55.589325
238  133.021286  -4.972140  125.222656  0.330794  1.020014       6.829000   1887.592041 -164.287109  13.816213  3.622172   52.066238
239  134.783173 -21.598473  134.890335  0.346400  1.939861       7.098674   1291.508057 -201.755661  13.364275  3.498486  118.912323
240  131.874573 -11.567575  120.236572  0.337315  2.264916       5.351490   1496.858398 -186.425415  12.827605  2.707206  110.503006
241  127.583809 -16.772238  124.118965  0.342614  1.856435       8.815618   1088.890991 -189.591125  17.008682  3.608552   53.303631
242  128.786835 -10.109383  125.350838  0.347595  1.204568       7.865176    938.312439 -132.513504  13.764956  2.349366   54.601727
243  122.383606 -18.742802  111.842110  0.341993  2.123892       6.940898   1504.431885 -248.454681  20.481398  3.968956   77.380211
244  135.826904 -23.930243  140.414429  0.345298  2.246893       7.467703   1453.599854 -165.949158  10.782536  2.746770   59.616150
245  126.512756 -23.391840  131.083374  0.341467  2.036606       8.317434    905.302002 -224.960876  14.127874  3.196165   52.503559
246  132.810013 -18.015923  130.282990  0.341412  1.580326       8.849515    701.607727 -196.154083  19.139452  3.662137  118.418358
247  131.040985  -6.544654  134.970535  0.331333  1.163193       7.895513   1200.217651 -139.157166  15.369448  3.954582   65.231323
248  130.098785  -7.879190  129.576172  0.342044  1.087885       5.986825   1788.094482 -103.915451  13.074360  3.660075  101.845749
249  134.520676 -20.070131  121.519882  0.326015  1.446449       7.287184   1791.656006 -192.043747  16.576277  3.588223   50.872417
250  121.853188 -18.406412  133.003616  0.337905  2.941000       6.521725   1370.588501 -176.234802  11.692300  3.487197   65.983879
251  130.408295  -7.440242  117.482933  0.338112  1.015131       6.678362   1509.365356  -92.085640  11.297259  3.922306   83.419548
252  129.080780 -23.727451  125.711044  0.347963  2.062205       8.701755    999.845947 -192.120102  16.628653  3.556221   55.811916
253  127.625717   1.561360  125.229698  0.317722  1.057409       7.120231   1117.152222 -171.628326  16.581238  3.073805   66.133652
254  135.776047  -8.813054  130.125092  0.319157  1.032896       5.749900   1664.638306 -108.313690  12.636032  3.274276   80.000084
255  132.257874 -22.466137  113.793678  0.346761  1.842962       8.806167   1323.855225 -239.491409  17.652046  3.559614   70.213913
256  116.443306 -25.480799  127.940536  0.345068  2.846601       6.427669   1429.389771 -159.734894  10.167147  3.697598   53.278809
257  128.891098  -4.686166  130.127945  0.294203  1.416189       8.758857    802.806091 -147.095856  14.042013  3.566860   81.880005
258  134.005295 -10.091110  127.143959  0.333009  1.068040       8.516557    943.953125 -196.846100  20.312260  3.972460   87.593193
259  136.749023 -18.087244  126.034210  0.335790  1.566439       6.551466   1996.913086 -180.103226  14.591925  3.573629   80.465271
260  124.536064 -18.925045  117.671448  0.341386  2.078748       6.761322   1275.165161 -186.586227  13.104278  2.839026   57.663353
261  116.539635 -22.389971  133.591507  0.346274  3.432624       5.077694   1994.798584 -194.793900  10.046624  3.721742   78.573647
262  136.046051  -5.982894  116.437561  0.324281  1.030985       8.850554   1500.330200 -165.967712  15.409567  3.869099   50.124352
263  134.868729 -16.258362  131.656357  0.334286  1.517752       7.692988   1223.371460 -203.737961  18.544010  3.397241   72.254982
264  126.742065 -25.698610  126.894890  0.349544  1.890993       7.918136   1188.465332 -215.342697  18.036821  3.506150   55.128845
265  119.267899 -21.388870  122.451187  0.340242  2.833195       7.431800   1322.299072 -242.085037  13.852139  3.857178   52.710144
266  124.382782 -20.613655  132.494385  0.339448  1.670344       9.048388   1054.758911  -90.749031   8.790482  3.944414   50.259323
267  128.928406  -6.294218  124.008316  0.349858  1.282196       7.366964   1553.303711 -148.759598  11.622166  3.931315   51.196159
268  124.233429 -18.858999  131.332352  0.349083  2.271138       8.443292    855.279724 -195.899719  13.540786  3.218731   87.496277
269  121.776390  -7.894178  130.088852  0.330829  1.812780       6.785236   1087.286499 -202.800354  13.667286  2.941898   69.312569
270  123.439667  -8.846363  124.681129  0.323929  1.807068       6.833647   1545.577026 -228.418793  17.193594  3.932702   59.268517
271  132.119217 -14.012206  125.860970  0.348918  1.596561       6.452405   1747.597412 -192.518890  17.642946  3.585087   71.800575
272  134.958908 -20.098959  115.734451  0.349808  1.313420       8.842230   1058.407471 -144.290848  14.535324  3.592218   82.776810
273  118.882584 -20.420324  137.171814  0.321873  3.038213       6.037621   1278.427124 -194.246094  13.187120  3.258759   65.995369
274  124.755615 -12.245354  116.967712  0.345678  1.850180      10.054926    728.291992 -183.189133  16.093292  3.495920   68.313316
275  137.187317  -9.914264  135.210541  0.346039  1.060306       9.192801    942.018860 -147.019485  17.918612  3.125472   92.198494
276  127.565208 -11.685635  113.009056  0.340843  1.434046       8.499619   1246.389526 -160.892105  14.568856  3.955591   50.458782
277  132.885910 -16.470531  121.088440  0.344007  1.316643       7.487344   1715.740967 -189.033875  16.826019  3.710591   75.023331
278  128.209747  -3.077145  105.601425  0.347087  1.020754       9.350076    888.087219 -108.986412  13.462461  3.734961   83.510811
279  128.950333   1.828420  135.346970  0.295956  1.104525       7.261450   1214.973755 -146.931854  13.561488  3.514158   86.638763
280  119.173676  -9.221519  129.296860  0.325546  2.588394       8.708799    750.362915 -214.697220  12.202781  3.443756   75.418739
281  130.077454 -11.167760  137.897919  0.332735  2.436338       5.575434   1693.628662 -131.051926  11.554929  3.027540   79.820000
282  124.395020   1.682335  130.722672  0.342224  2.375942       8.460892    906.194519 -180.721558  12.488244  3.823632  121.348114
283  129.139679  -6.237806  124.040100  0.339801  1.207872       9.119990    968.127197 -214.093613  21.455370  3.494143   61.132809
284  133.140640 -10.794528  123.102875  0.336854  1.508763       6.209157   1455.166626 -176.219955  14.847990  3.534275   74.240807
285  120.379112 -16.201752  124.033180  0.346456  2.544476       5.603556   1221.950317 -113.946487  12.365395  2.648926   75.409843
286  126.835075 -18.499517  120.597305  0.340056  1.758193       5.392525   1890.450317 -209.324097  15.137206  3.157254   53.530895
287  126.167458 -24.095875  128.786301  0.342537  2.350572       7.501645   1551.974365 -172.319916  12.241214  3.721749   59.571762
288  125.258972 -16.830515  130.887878  0.342509  2.737331       7.190185   1614.808472 -249.662704  13.294823  3.824669   75.561760
289  128.876221 -14.106726  114.792290  0.323380  1.731910       6.503444   1406.087646 -183.395462  15.616497  3.170426   58.207996
290  119.607086 -14.025488  113.083786  0.336492  2.348435       7.780923    872.900208 -227.425491  14.069029  2.842817   59.950062
291  135.200699 -20.132404  130.241455  0.339526  2.119748       6.799398   1286.879395 -138.279236  13.638899  3.388437  123.080360
292  137.470154 -22.800941  146.970764  0.348168  2.420507       5.168497   1803.483276 -167.683136  11.380314  2.665221   56.880257
293  135.956314 -23.617674  128.879883  0.347653  1.860944       9.709905    827.033813 -234.865860  16.000488  3.692889   89.007095
294  132.054825  -5.762855  121.829506  0.322378  1.045827       7.848223   1813.861816 -211.084915  18.783064  3.949043   61.602879
295  128.979645  -0.175439  130.728134  0.344607  1.050726       6.764120   1750.619751 -166.076187  12.095107  3.599703   56.694969
296  131.286438  -0.047497  130.763992  0.301884  1.274331       9.489802    900.581665 -236.562286  16.064854  3.893005   51.564495
297  123.754517 -24.310797  128.235779  0.349404  3.482466       6.141253   1815.338257 -182.756454  10.678170  3.758296   71.782372
298  118.911880  -5.457232  126.958183  0.336034  1.643748       7.033370   1185.106567 -111.528267  10.503729  3.872981   98.105499
299  132.041458 -14.954181  131.928864  0.343887  2.066132       7.230931   1356.314453 -188.360489   9.066278  3.189176   58.746258
300  132.493683 -13.574022  123.837181  0.336947  1.405517       8.083465   1135.144287 -178.535706  12.189334  3.540835   62.483540
301  124.404137 -20.947180  129.303787  0.349896  2.706631       8.840608    752.439575 -143.864044   9.762410  3.637480  126.681648
302  128.502747 -21.615900  133.443542  0.349201  2.334878       8.023730   1144.150146 -229.807083  15.773387  3.095783   70.538414
303  131.821381   4.460088  119.150520  0.325444  1.398134       6.451902   1582.390259 -177.449677  12.300995  2.719257   52.674026
304  128.242294 -20.968971  122.725060  0.349040  2.641284       8.428886   1023.529053 -249.798416  13.591077  3.401664  100.656670
305  126.649864  10.963314  119.261200  0.313354  1.219163       7.107291   1698.581543 -177.583405  12.250390  3.955848   58.393150
306  127.490326   1.063320  128.848175  0.324630  1.041826       7.072100   1313.547363 -164.375839  14.295986  2.934825   50.889889
307  125.438889   9.344341  114.096046  0.346357  1.255114       8.962009    735.859253 -146.262558  13.276863  2.943104   98.451935
308  117.979568 -18.379900  115.892845  0.346660  2.531347       7.711900    995.126343 -210.096085  10.804795  3.368047   63.394020
309  124.398796  -4.995102  116.590279  0.341603  1.466914       7.865119   1390.043701 -189.978928  17.576035  3.737347   55.542015
310  114.665970 -16.898386  124.850502  0.336551  3.893688       6.967910   1153.771118 -199.031860   8.600840  3.966564   94.146248
311  125.530228 -27.110640  136.904724  0.346969  3.059823       6.857022   1206.872681 -236.260178  13.290340  3.196218   65.965134
312  127.311272 -19.120417  135.648544  0.328882  2.288194       7.512234   1041.923218 -196.885254  12.725091  3.291075   67.037926
313  132.910767 -11.853366  126.821968  0.334581  1.178258       8.743978   1086.143311 -103.656311  10.846307  3.340497   55.868401
314  115.286522 -19.276205  130.656113  0.349641  3.006721       5.464773   1749.631226 -246.613251  11.745635  3.564021   66.804054
315  129.851807 -16.145506  138.769012  0.343613  1.665598       8.459258   1549.297607 -158.066513  15.053932  3.910754   59.793526
316  128.843597 -12.016518  128.648987  0.325607  2.302141       9.127050    705.334045 -217.137604  13.562229  3.803803   61.728512
317  121.352036 -10.369534  130.482666  0.328653  1.906547       8.209940   1179.051636 -174.992371  13.749517  3.822957   63.673080
318  129.892715 -16.199156  124.231201  0.330959  1.792058       8.510339    766.562744 -212.253922  16.625866  3.490919   80.144386
319  123.810623 -21.106745  120.502159  0.349832  2.425338       9.675225    915.587097 -239.919281  17.455496  3.833595   67.840858
320  133.959290 -23.822395  139.112183  0.327021  2.964014       6.916508   1701.549316 -201.468430  10.795407  3.590921   55.537106
321  126.947029 -22.753426  115.699486  0.337139  1.986508       9.001345    894.374207 -235.416931  17.736340  3.515625   56.956738
322  125.773415 -27.364506  131.840698  0.337480  3.054524       8.382922    968.536072 -226.748383  12.879916  2.935307   51.939903
323  129.004623 -10.218435  129.124542  0.336125  1.398718       7.722583   1044.236816 -175.643356  16.186255  3.167063   54.879013
324  126.330139 -15.774700  132.069473  0.347006  2.237268       7.404134   1939.166870 -195.936951  12.710435  3.768216   58.384209
325  124.284828 -23.572149  134.219299  0.348589  2.263285       7.779679    850.597351 -188.977081  14.357763  3.326940   94.068604
326  109.660683   0.411671  131.805069  0.323334  2.264913       5.359876   1826.746582 -230.590424  13.705385  3.010427   58.947830
327  125.031342 -26.379873  119.716400  0.348596  2.480321       7.853225   1352.448120 -229.521011  11.017917  3.978041   67.094254
328  126.037910 -20.971632  117.591133  0.349773  2.220775       7.804505   1226.185791 -232.829086  12.333758  3.577052   57.598225
329  132.208725 -18.652088  129.965958  0.332700  1.985956       7.421477   1350.529419 -173.359879  13.084491  3.977395   69.688576
330  126.177414  -4.474171  129.061951  0.323387  1.395637       8.926950    971.344116 -162.491257  14.928876  3.693096   52.634338
331  128.139954  -4.090207  118.329094  0.336012  1.367398       8.214725    969.362061 -177.802307  13.254412  3.690071   76.178909
332  126.927376 -16.631355  123.354187  0.344414  2.243407       8.882361    992.148682 -178.420944  12.255015  3.732374   56.966301
333  126.007500 -15.075352  143.899414  0.342101  1.812704       8.347321   1499.426636 -106.243721  10.374309  3.948278   72.715637
334  130.300644 -18.680193  123.754265  0.338752  2.227720       9.107746   1395.323730 -238.349197  14.551777  3.793617   52.828396
335  120.035568 -22.777979  135.229416  0.342066  2.717429       6.167467   1604.957397 -232.595612  12.050297  3.644982   54.712616
336  127.892723 -11.016296  123.635551  0.342541  1.974312       7.901865   1209.015381 -187.524292  13.217905  3.937359   89.720787
337  124.238937 -21.124006  129.762405  0.341654  2.495131       8.629288    997.869751 -179.009064  12.615887  3.223422   54.169426
338  126.159073  -7.015556  123.893608  0.311072  1.946738       6.759130   1235.734863 -204.303894  11.986889  3.296605   60.540100
339  123.614807  -0.707433  108.315010  0.297855  2.026092       6.522901   1211.781372 -221.657440  10.050727  3.314957   70.241257
340  124.648491 -22.082537  128.641449  0.341897  3.159987       7.003502   1629.246582 -234.380600   9.560151  3.920711   78.508835
341  136.231323 -18.680643  143.978958  0.329025  1.697664       7.918904   1071.517944 -132.837936  11.983132  3.077392   55.123875
342  135.777664 -17.491594  122.228523  0.347352  1.183031      10.794976    722.240967 -122.243790  11.871984  3.756654   61.262978
343  127.299980 -15.021138  114.675758  0.334040  1.969432       7.304009   1576.624146 -225.138229  16.527847  3.979151   60.966938
344  122.083725  -6.815105  127.771950  0.346775  1.712565       6.271194   1360.353271 -182.831085  13.288849  3.660487  100.542114
345  131.175705 -11.594720  120.023781  0.332279  1.484948       6.465097   1933.412598 -210.432968  18.603710  3.914208   71.972511
346  128.358826 -26.649698  139.029099  0.348582  2.661887       7.525303   1257.727539 -153.639557   9.868155  3.316845   72.718666
347  131.696091 -21.673552  139.937836  0.349925  1.943329       7.209561   1346.957397 -199.610840  12.219809  3.620486   94.505272
348  139.341019 -11.543692  132.622253  0.346285  1.238140       7.077438   1953.119385 -155.379684  14.334871  3.684049  114.936066
349  130.542099  -6.928300  120.290672  0.343051  1.410880       5.934088   1631.971680 -194.078796  14.671906  3.233915   92.471581
350  132.867035  -5.586752  126.438988  0.328542  1.593077       8.008641    794.694336 -187.562408  14.727820  3.356902   78.490662
351  122.549751 -18.754381  116.895813  0.344690  2.181808       8.510856   1048.784668 -191.821671  15.058778  3.413035   58.889332
352  131.840607  -8.093223  121.437126  0.324049  1.420324       6.311935   1734.916626 -212.149750  19.246231  3.951328   80.042358
353  130.850464  -7.289567  125.353241  0.332518  1.095204       7.621602   1091.600098 -148.056641  13.406352  2.937027   54.520252
354  123.097549 -19.374529  127.932335  0.338568  2.234149       7.603150   1363.286987 -223.761871  15.130083  3.955746   59.564770
355  124.580353  -1.940236  108.398773  0.346186  1.726311       8.584455   1076.459717 -187.437408  12.039783  3.952455   56.326126
356  140.239990 -16.466179  140.565170  0.338353  1.442323       8.331202   1343.587158 -193.476028  14.574572  3.551927   74.210907
357  130.881363 -17.245897  131.545898  0.348564  2.112313       9.227281   1026.800049 -233.032043  17.255314  3.768185   59.581188
358  133.239700 -14.433673  126.951950  0.342268  1.485941       5.301547   1672.318115 -133.131119  14.384398  3.541530  139.761124
359  130.385391  -3.221925  125.737389  0.319639  1.376791       7.428038    996.418091 -113.530777  11.763809  3.610313  120.398193
360  132.443420 -23.042547  133.082443  0.330918  2.471245       6.499454   1338.760864 -197.510880  13.709079  3.318411   98.987846
361  130.243179 -14.461010  121.858162  0.346110  1.427748       6.781203   1930.032104 -155.004990  15.029109  3.905763   66.583717
362  124.966476  -0.210718  135.659943  0.346073  1.458031       7.540014   1616.583008 -142.975571  13.762315  3.829441   63.630215
363  129.561478 -11.370917  134.395004  0.331552  1.874479       8.880662    991.763672 -158.870392  12.727942  3.498614   52.679306
364  127.175232  -1.679071  119.289856  0.343538  1.586930       6.371010   1699.043701 -221.379166  15.762856  3.910480   89.100426
365  126.690559 -31.428839  139.119766  0.347493  3.208204       7.525316   1649.483276 -188.161209  11.176872  3.699685   56.660770
366  127.051956 -19.137655  116.893173  0.348051  1.630427       8.301489   1068.388794 -115.160316  12.196199  3.457188   55.837734
367  125.971313 -13.499060  137.149963  0.347909  2.498435       7.869638    954.390381 -227.986847  13.986403  3.592705   93.385254
368  129.338821 -19.007477  131.279572  0.347889  2.423686       8.795368   1412.937866 -219.217514  11.519320  3.902182   59.130604
369  134.022308 -15.117172  120.010246  0.328558  1.305303       8.468985    806.801453 -245.098663  18.812151  3.919507  114.264999
370  132.477264  -4.364068  111.685669  0.328593  1.082658       8.198020   1085.703857 -150.909103  14.213188  3.378520   58.885918
371  126.816345 -21.746387  140.362061  0.333167  2.358921       9.047769    702.641235 -168.352585  11.649621  3.002292   68.409622
372  124.981628 -13.018595  126.462158  0.336304  1.691537       8.988035    881.680908 -185.105392  15.967630  3.665251   72.487099
373  116.357178   5.042414  125.640251  0.313705  2.231416       6.816823   1618.059204 -214.606186   8.446950  3.653723   50.019291
374  129.292786  -6.898022  106.989906  0.344316  1.230750       5.177207   1898.993652 -163.991196  16.700850  3.453551   68.067375
375  129.789078 -17.069487  132.208893  0.340073  1.635133       7.443662   1124.244629 -196.772064  18.999605  2.920618   50.666637
376  127.032990 -27.893686  135.366699  0.335139  3.346376       7.272200   1384.048828 -226.287140   9.007178  3.822288   69.268661
377  136.866104 -13.170533  131.866043  0.328872  1.742711       7.675100   1533.135742 -228.667145  16.925714  3.147412   71.115555
378  120.681870 -16.073202  119.857353  0.345532  2.314266       6.301028   1421.394165 -142.173462  11.274613  3.862652   87.622948
379  129.317200 -12.464383  115.554451  0.333589  1.275053       8.775146   1066.888916 -202.892410  18.915575  3.938979   78.200775
380  127.112572 -16.075657  129.643478  0.336053  1.901702       9.277362    919.331543 -248.946320  17.372602  3.928849   92.973198
381  135.632721 -32.784702  124.129501  0.341906  2.220890       9.041784   1289.746094 -214.621628  14.016060  3.625830   63.090912
382  129.331528  -0.905173  128.777420  0.336442  1.029851       5.951276   1255.373413 -118.754562  12.351564  2.674301   80.196953
383  134.757477 -12.874802  117.430374  0.328960  1.271123       8.715888    956.360413 -149.197693  14.961695  3.672083   63.523869
384  124.555138  -2.608749  130.434967  0.327114  1.281409       6.552235   1355.064941 -152.918213  14.392178  3.920891   91.845322
385  126.654732 -10.228585  142.823700  0.349155  1.448606       7.975336   1275.320435 -187.896027  13.256721  3.530106   79.999573
386  123.636856 -19.917358  115.258080  0.348625  1.868337       6.426830   1505.488403 -139.525589  14.978407  3.430795   73.213409
387  128.491180 -19.653507  126.318848  0.334729  2.095861       9.423491   1139.705933 -183.407196  13.780857  3.998063   52.431675
388  129.159470   0.437953  137.094940  0.331140  1.039478       8.303267    735.968628 -103.190681  12.910378  2.417703   71.700317
389  127.493073  -6.993181  104.632935  0.341763  1.285713       5.356544   1465.140381 -194.188629  19.319761  2.758482   57.433033
390  130.858948  -0.818414  115.667427  0.321133  1.073321       9.505570    860.630859 -226.613022  20.475000  3.623299   54.555897
391  128.401779  -9.585506  120.498749  0.321470  1.689739       7.178188   1511.007690 -182.531387  16.108589  3.716271   65.009842
392  120.983200 -23.139484  139.101089  0.345376  3.096507       7.029154   1127.949951 -166.658157  10.043990  3.704411   75.679581
393  130.381653 -14.433770  118.314743  0.315752  1.683297       8.706325    896.412781 -189.270309  15.623066  3.672430   54.042126
394  119.126465 -20.579851  114.431145  0.346383  2.545833       9.191369   1102.171143 -186.171143  11.752838  3.939643   52.903198
395  132.177719 -25.465221  133.617294  0.345667  2.085966       8.650209    997.126831 -214.885971  16.182388  3.999854   80.716530
396  128.549164 -29.753157  136.539322  0.341683  2.820831       9.537102    882.989136 -242.150314  14.044520  3.895237   57.733051
397  123.355934 -26.115187  135.426132  0.346816  3.050724       6.983960   1754.069092 -183.457169  11.557251  3.617175   54.238747
398  114.361816  -4.590583  113.412682  0.341257  2.507488       7.877051    945.130676 -180.856964   8.682753  3.377409   66.091576
399  133.079132 -16.853632  130.875854  0.314312  1.680712       7.906340   1111.175415 -186.396561  14.238966  3.269503   54.419933
400  123.290733 -15.385787  118.903839  0.337338  1.851720       8.147201   1193.457642 -209.035767  16.636772  3.999621   51.777988
401  128.606567 -12.372873  123.998421  0.338412  1.905928       7.626510    917.878723 -173.118271  13.706932  3.319393   74.578232
402  129.624878  -1.634886  124.936203  0.324765  1.656986       7.148913   1345.921021 -178.839645  12.612931  3.839974   88.514008
403  126.842117 -10.638607  127.495216  0.344262  1.931426       7.426748   1832.270996 -127.601135  11.793092  3.963939   80.699814
404  123.644539 -12.944228  128.173065  0.342474  1.877727       7.755410    944.982361 -173.318222  15.299541  3.682602   93.435516
405  127.390228  -6.238728  125.596848  0.338384  1.582878       5.441579   1730.541260  -90.814636   9.517924  3.224483   61.546520
406  124.620689  -6.729629  122.659470  0.337707  1.696435       5.045288   1896.919678 -133.724136  12.093705  3.218258   66.863213
407  127.456093 -13.715314  128.233139  0.345841  2.131752       8.634758    790.105469 -210.614319  13.852306  2.459675   55.037739
408  121.394768 -11.634060  125.060165  0.348513  2.615642       6.905103   1488.972168 -205.535049  10.852646  3.352929   69.421356
409  136.444199 -18.764975  143.268936  0.340742  1.499871       8.705931   1254.244873 -187.970413  18.599850  3.892637   82.207382
410  127.494736 -19.461975  130.447128  0.337890  1.893780       8.542008    724.327271 -199.074081  16.934635  3.023011   89.580330
411  120.166328  -4.872909  112.055191  0.347258  1.992350       9.598366    780.808350 -213.816544  12.431366  3.941952   54.892170
412  120.931984 -15.052621  137.714813  0.329486  3.585637       7.550056   1109.769409 -232.548904  11.548513  3.090829   73.868004
413  127.946564  -8.843559  128.536072  0.306300  1.600956       5.604395   1761.894897 -142.672195  11.516418  3.406043   66.240364
414  131.351791 -25.301958  142.044373  0.349436  2.309761       9.400364   1369.324219 -202.010223  10.517008  3.665759   51.959373
415  128.685059 -14.096271  120.325821  0.348651  1.890715       9.288834    814.595947 -184.724396  13.406953  3.856133   81.455437
416  132.659454 -12.868402  116.356041  0.332758  1.026452       8.275659   1175.367798 -175.908020  18.374687  3.592175   66.864685
417  130.669006 -29.224068  128.799332  0.328300  2.203787       9.982473    803.356934 -194.702881  10.789439  3.584466   51.956394
418  134.430679  -6.599016  135.192673  0.310802  1.131360       6.744570   1619.848267 -172.886902  15.094730  3.145245   64.608681
419  121.440681 -18.870031  116.960770  0.341551  2.622425       7.185777   1026.953735 -221.340439  15.975053  3.384413   87.968208
420  127.482773 -28.579525  132.568375  0.349217  2.668170       7.378034   1988.098267 -202.680511  11.503716  3.973995   52.936295
421  133.361176  -9.231194  132.389359  0.344200  1.166571       8.918632    959.631531 -128.228470  13.534432  3.193713   64.000168
422  131.188370 -10.252470  123.093468  0.341723  1.468242       8.612375    899.644653 -175.888550  14.041771  3.919441   86.899239
423  139.951355 -21.330112  127.715813  0.345279  1.228938      10.415198   1155.956665 -217.060287  18.566301  3.752961   68.598076
424  131.976486  -2.749785  126.437698  0.300789  1.334121       9.315232    867.466797 -197.502426  14.805453  3.506893   52.104786
425  131.360031 -12.488995  117.441330  0.343331  1.339575       8.761610   1134.703979 -124.653419  10.941175  3.958880   62.322723
426  121.734680   6.155222  123.247154  0.339880  1.380941       7.728081    977.429260 -120.120628  11.630132  3.715149  109.341064
427  131.981018  -3.965294  126.886375  0.308423  1.202133       6.638354   1536.076050 -153.376511  15.492678  3.550545   76.834190
428  134.487488 -10.718008  115.943802  0.340966  1.074335       7.718389    799.431274 -101.334412  11.041375  2.060980   54.217335
429  117.868340 -22.439482  129.857529  0.346487  3.561275       9.879004    750.870667 -219.188614  11.819093  3.909528   73.542305
430  130.797699 -14.381030  123.429146  0.340347  1.459497       6.646162   1468.450317 -167.025299  14.843328  3.816729   91.538353
431  122.805145 -15.656771  124.658669  0.345756  1.666374       8.971482    750.881165 -102.869461  11.355062  3.189880   55.264347
432  119.248703 -21.405699  119.392021  0.348311  3.246422       9.215118    766.527771 -219.870895   9.536858  3.686062   96.986816
433  132.304565  -7.911240  113.819016  0.332120  1.080868       8.321741   1678.740845 -227.229630  17.480713  3.971914   54.340271
434  126.593246 -23.497910  128.139450  0.346505  2.381005       6.620022   1567.351562 -223.938263  11.546948  3.088294   64.550629
435  124.584587   1.846053  121.273224  0.324253  1.444069       9.103289    832.583191 -215.899643  13.145857  3.485173   91.337112
436  124.045677  -7.080908  115.136116  0.323230  1.956730       5.740447   1790.107666 -226.183975  15.332323  3.674927   64.719040
437  137.837418 -24.120321  140.922256  0.337464  1.946684       9.726670    864.955200 -233.513702  18.391893  3.533382   80.847145
438  129.045349  -8.663149  135.002823  0.329479  2.281157       8.958513    704.823120 -218.071411  11.585100  3.176359   79.364433
439  125.089561 -22.352634  119.406876  0.335063  2.614655       6.892760   1551.484741 -226.953598  14.057763  3.479461   52.627155
440  130.767334 -17.242737  100.518188  0.346636  1.109166       8.053121    990.070862 -193.090683  18.159683  3.415590   57.322147
441  133.762939 -12.115187  133.614746  0.327110  1.620741       8.238306   1115.812500 -226.699829  17.412453  3.722920   71.281151
442  127.834206   2.946334  123.981300  0.329478  1.009962       8.778607   1033.655029 -168.550247  15.540209  3.720911   65.531647
443  129.870026 -18.033934  142.024780  0.346561  2.288545       7.259729   1471.237061 -188.806335  12.490425  3.212896   70.755051
444  132.220108  -5.546472  123.781349  0.336046  1.320537       9.727299    852.039856 -185.050766  17.462532  3.782511   77.481590
445  125.739227 -11.849427  124.468857  0.334825  2.044883       7.138475   1488.108276 -232.104874  17.207972  3.842462   64.347015
446  128.195984  -3.393001  120.508240  0.311992  1.288154       8.249078   1324.062134 -173.209351  15.930571  3.947034   55.480621
447  135.102005 -17.379339  120.059624  0.348548  1.171616       7.715446   1525.559814 -180.367676  15.276418  3.981930   78.215897
448  135.054565 -12.216167  118.635651  0.328086  1.110215       8.363502    970.300293 -228.168320  16.977428  3.920959   98.093857
449  123.555786  -5.904647  129.025726  0.332542  2.686435       9.129732    902.699402 -164.068207   9.879169  3.904967   85.423622
450  121.346672  12.874085  129.043427  0.334922  1.319779       6.610670   1727.134399 -180.997177  13.102731  3.823891   77.706772
451  126.572029  -5.653651  134.888458  0.342383  1.792521       7.906065   1326.461548 -170.285538   9.464265  2.963565   50.345791
452  115.755295 -24.172527  122.608871  0.327652  3.867153       7.107599   1197.313965 -232.984985   9.668057  3.971855   64.171829
453  130.092712 -21.976789  129.545654  0.343155  2.091845       5.805991   1833.553955 -225.082123  14.061126  3.275994   67.906410
454  120.701912 -18.898844  123.923988  0.343032  3.048608       8.947588    817.962341 -187.755203  10.690679  3.567636   81.366135
455  121.291283 -22.559744  116.842506  0.314290  2.901775       8.408581    928.654907 -219.565231  13.329098  3.820305   56.589046
456  130.719650  -5.882317  121.744576  0.333085  1.117484       6.290004   1730.436279 -111.788345  14.246590  3.415641   68.047256
457  129.226898 -17.250662  128.975647  0.330423  1.944344       6.729966   1478.658203 -207.558044  17.462820  3.525616   67.196571
458  128.475830 -20.843800  138.764618  0.335903  2.641342       6.688225   1483.666138 -237.864212  11.605730  3.591137   80.024658
459  129.023880 -20.669065  132.200027  0.349129  2.416076       9.496733   1073.676514 -235.595703  17.540119  3.434637   57.661892
460  122.920372 -16.266230  123.333092  0.338012  2.011561       6.553353   1860.286255 -239.885468  17.260965  3.679515   54.639236
461  117.519402 -23.063599  122.540009  0.345941  3.052302       6.384776   1323.871216 -177.035309  10.129395  3.715746   86.647736
462  139.841248 -14.228295  133.592499  0.339221  1.023263       9.230096   1382.810791 -189.947662  17.532427  3.958246   76.895149
463  131.234314 -24.732828  106.784523  0.338536  1.545438       8.368874   1165.159546 -184.616516  14.334044  3.499851   57.250244
464  130.181931  -6.971529  131.344391  0.314846  1.317487       7.567763   1413.569580 -148.592651  11.396788  3.642972   65.308975
465  128.524017   4.975571  129.288864  0.333119  1.144016       7.719367    900.610413 -130.434921  11.639161  3.156068   89.790779
466  128.783737 -11.694098  130.487869  0.347821  1.619888       7.380743   1058.309692 -183.953842  17.823774  3.369108   77.789757
467  125.373863  -7.562261  123.874222  0.323300  1.422980       6.484459   1861.347778 -198.386276  16.559973  3.756736   72.991013
468  133.349396 -11.758060  115.355492  0.349148  1.160365       7.092904    996.226685 -128.085373  15.562788  3.297324  102.612106
469  129.853760  -3.088350  121.377373  0.334320  1.448190       7.999465   1033.208740 -102.714531   9.000869  3.983455   85.395576
470  123.969986 -13.000393  114.946732  0.332537  1.927401       8.181379   1026.423584 -202.005356  17.012749  3.313912   65.877167
471  130.410675 -16.140985  120.873703  0.330992  2.452361       9.202177   1159.562378 -226.999954  11.276383  3.838787   60.198803
472  121.081459 -15.971313  135.354111  0.346549  2.053452       7.975419   1025.076782 -148.963394  12.489312  3.026008   59.371040
473  129.287323  -1.942794  139.654602  0.349016  1.025900       7.855556   1516.020996 -183.506180  15.168603  3.349985   72.203926
474  133.343231 -16.216629  122.664734  0.345735  1.347087       6.645770   1858.332275 -219.120560  21.347296  3.573593   51.269573
475  131.257706  -9.500872  117.801971  0.345452  1.308279       7.403680   1202.061523 -148.208755  13.961991  2.864950   50.939423
476  120.652634   2.030129  118.287018  0.336979  2.815077       6.606823   1164.467651 -231.089142  10.575643  3.313176   94.741035
477  128.845581 -14.630217  125.402954  0.338025  1.536384       5.665215   1760.763306 -169.632156  16.354959  3.491125   80.271774
478  131.283813  -9.813520  127.261665  0.341176  1.263984       5.887054   1569.049194 -166.204330  12.472171  2.668542   62.871887
479  130.478699  -7.187198  133.938446  0.322270  1.415302       6.406278   1339.772461 -142.166000  11.834664  3.787486  103.898750
480  129.952515  -8.031531  110.595573  0.345881  1.065972       6.886922    925.292603 -193.516968  17.795794  2.467753   64.743462
481  130.221710 -18.993937  124.775269  0.349121  1.731548       7.199841   1448.449219 -168.993652  15.999524  3.675090   79.504974
482  123.964317  -8.554941  110.862808  0.340592  1.710847       9.358043    701.818604 -241.582275  18.864164  3.505445   53.082020
483  123.667519 -19.016937  135.054047  0.324534  2.676548       8.694687    707.706116 -156.091965  10.296741  3.459450   73.020218
484  134.054581  -7.431183  120.389442  0.339366  1.605905       7.392938   1648.159424 -168.628250  14.605224  3.640973   76.919975
485  126.161499 -18.010588  125.586693  0.333645  1.832191       9.228641    767.054688 -184.368042  16.433439  3.658704   90.665298
486  132.149445  -6.361871  124.884842  0.348064  1.084974       6.745361   1687.912720 -137.576080  12.644994  3.421491   96.051620
487  132.007294 -15.023128  115.232651  0.333738  1.161660       6.903639   1693.230957 -224.979843  22.247232  3.826387   64.755150
488  122.368454 -16.891508  137.723495  0.329684  3.883167       6.987279   1427.563843 -235.585480  11.062266  3.076955   61.156734
489  130.019989  -3.650605  131.504730  0.298103  1.328605       9.030438    924.503235 -113.527878  13.158409  3.751237   55.354836
490  124.764977 -20.107481  131.081375  0.347914  2.173441       6.504447   1730.623657 -177.530869  14.463186  3.998417   65.664116
491  129.085754 -21.543324  136.995178  0.337709  2.508437       5.609477   1968.655273 -227.954391  12.629812  3.309873   55.026707
492  119.110626 -32.084457  142.038498  0.344731  3.364218       8.080186    861.437805 -152.845505   9.544406  3.351011   54.351513
493  119.845558   0.902990  117.933327  0.316513  1.935731       7.172983   1284.741577 -191.287689  13.650022  3.747089   68.990829
494  125.200745 -14.581653  140.226990  0.340359  3.101398       6.104026   1202.385864 -153.306717   9.249452  3.581860  137.272339
495  129.961273  -8.344818  115.124519  0.317358  1.354752       6.369608   1613.355591 -180.480865  15.344336  3.747166   50.935886
496  123.552437  -0.450402  130.541733  0.334065  1.582415       6.323534   1235.839844 -159.245270  10.674399  3.816179  132.938507
497  128.687531 -14.082007  136.287949  0.344733  1.787398       7.217985    979.621765 -138.122269  12.581017  3.512686  101.941483
498  130.616730  -6.999485  126.145233  0.349409  1.114056       8.048105   1377.499512 -172.791168  17.958490  3.741910   67.134781
499  118.316864 -21.497244  127.715790  0.342714  3.038357       6.353162   1679.703979 -216.052063  11.424636  3.739354   50.205811
500  125.993622 -13.622112  123.927162  0.341702  2.256608       5.796650   1258.231079 -142.878555  12.464408  2.567685   64.571587
501  137.077438 -15.466610  127.690758  0.341127  1.064887       8.220222   1323.779907 -187.088867  15.129740  3.113856   61.300175
502  130.695068 -14.704131  120.959831  0.334579  1.762557       8.527936   1009.689514 -234.696030  15.714792  3.848610   57.410728
503  120.985214 -28.636309  129.174301  0.347688  2.638332       6.906752   1350.077515 -177.136459  12.485855  3.386592   54.029663
504  132.951828 -11.474676  116.110451  0.334419  1.247118       8.555236   1125.376221 -200.830109  14.421621  3.893425   68.821732
505  134.529358 -19.407288  126.669724  0.346584  1.384236       7.725173   1880.303833 -203.473587  18.329523  3.816583   69.936623
506  133.966156 -15.479398  117.056458  0.344865  1.132915       9.124664   1019.856995 -203.537994  17.675690  3.301733   53.429382
507  125.632416 -11.334733  139.485901  0.318952  2.748673       5.789254   1919.715820 -247.117966  10.416908  3.580810  100.864738
508  137.894165 -14.954969  124.727081  0.320206  1.117228      10.409645    726.930359 -214.132599  16.544323  3.401882   53.280281
509  128.143829 -13.231299  116.407532  0.340745  1.649174       5.942813   1583.722412 -154.574158  14.786938  3.443335   89.102745
510  120.574249 -18.023209  123.003571  0.343913  2.756819       8.535282   1010.791443 -215.501694  10.478447  3.162209   57.011402
511  137.582153 -11.525268  129.749420  0.337113  1.041999       8.860795    840.279907 -204.111633  14.138765  2.898698   74.395966