            lon        lat         inc      D1AU     delta  launch radius  launch speed    t factor       B1AU     gamma         vsw
0    130.695389  -3.841337  118.262260  0.319713  1.052098       6.216549   1577.593140 -111.561768  15.971784  3.461635   77.323936
1    127.960884 -20.521900  127.096931  0.343964  3.172837       7.630011   1160.466431 -235.835388  11.672251  3.211079   84.529572
2    122.336769 -12.721396  122.032310  0.311753  2.178434       6.377182   1637.004761 -226.321793  15.118879  3.645387   57.557194
3    133.196686 -15.283677  129.330276  0.322288  2.031097       7.696604   1293.043701 -231.724350  17.082584  3.767867  106.564758
4    136.403000 -18.351763  130.155960  0.333680  1.630693       8.467273   1042.280640 -123.983543   9.971534  3.691578   80.698860
5    126.635689 -16.481108  136.655548  0.346594  2.877937       7.319260   1590.072266 -218.346649  11.278864  3.289096   73.965210
6    122.195442 -19.406637  123.612114  0.342837  2.977322       5.418628   1564.177734 -185.520111  12.829823  3.890555  134.111633
7    125.719650 -13.953247  131.086746  0.338375  1.968105       8.148984    960.261841 -145.856354  11.924790  3.508181   68.136452
8    133.758728 -16.866194  131.205750  0.349313  2.003814       7.277391   1314.231689 -220.298599  16.563431  3.344553  100.962914
9    128.686066 -15.701062  130.094772  0.314817  2.603475       8.037028   1400.788818 -237.951370  12.605433  3.704858   50.104340
10   123.452545   4.039331  122.017342  0.341012  1.876628       6.722903   1902.357910 -197.832993  13.682595  3.660649   78.575256
11   121.034309 -22.750795  108.787964  0.340803  2.495777       6.571928   1547.356079 -242.444000  13.536300  3.358603   54.493114
12   129.138596 -24.934059  133.077316  0.345817  1.975272       9.972486    896.409851 -241.620239  15.363482  3.838524   66.837723
13   128.173843 -29.196815  149.267410  0.338723  2.928246       8.014180   1131.319458 -230.130814  12.396352  3.245409   51.240505
14   124.205009 -11.691012  127.162407  0.336460  2.164886       6.431912   1713.376465 -206.326462  16.832169  3.639880   98.560188
15   124.034866 -24.285265  117.889832  0.344027  2.288200       7.966740   1076.517090 -197.303665  14.207635  3.411991   59.082478
16   134.005600 -15.533654  124.254684  0.303744  1.350335       9.363147    845.712646 -196.693451  18.108860  3.360456   53.668385
17   137.918564 -14.297600  135.657242  0.347766  1.175794       5.804733   1953.506714 -181.505142  13.651155  2.592685   56.782177
18   131.151291 -24.574078  128.984634  0.345484  2.480386      10.046970   1197.234131 -193.401627  14.566122  3.708427   57.697197
19   121.239807 -16.685041  133.683914  0.299368  3.511838       7.202794   1166.973267 -194.033844   8.940442  3.359695   55.000103
20   139.036850 -23.801764  125.265129  0.340239  1.361922       8.406537   1082.714722 -176.826431  19.735489  2.756799   66.074860
21   117.347809 -24.548615  123.386620  0.332735  3.551741       6.777361   1370.578369 -220.734192  11.206712  3.964948   58.518845
22   127.787117 -20.845207  133.342712  0.331792  2.391307       8.079314    971.830017 -128.807190  10.144883  3.502497   68.736900
23   127.147293 -26.399092  122.212578  0.345786  2.409751       6.865362   1616.017334 -177.434341  13.969597  3.566569   63.682930
24   125.126915 -16.394562  131.570496  0.342381  2.516156       7.706884    971.524963 -214.669388  11.015022  3.210970   71.933792
25   123.757034 -14.408672  139.110901  0.334172  2.119115      10.196841    784.626587 -128.198364  11.616656  3.708459   70.517197
26   125.690506 -16.136150  116.937462  0.337064  2.001876       7.140587   1441.394897 -208.874283  18.376307  3.704049   82.296120
27   132.163101  -7.101132  118.284744  0.341915  1.128626       7.168893   1383.142090 -148.313309  16.616901  3.460714   92.515259
28   128.486694  -3.552800  121.812531  0.334364  1.212689       8.804934    786.342285 -163.531525  16.146217  2.495938   59.067295
29   124.943016  -8.448880  113.239868  0.324818  2.006074       6.186327   1286.129639 -146.669220  10.127614  3.171203   90.146332
30   126.333748  -4.223585  125.595390  0.329529  1.994504       6.833387   1218.676880 -172.186722  12.098723  3.144590   68.138199
31   134.517792 -11.119428  137.602066  0.338042  1.409778       8.255817   1594.454956 -191.236359  15.536327  3.630162   56.956039
32   129.186142 -12.652333  111.458847  0.342947  1.396018       8.663241    788.764160 -184.438599  15.369701  2.898206   51.761822
33   131.865280  -5.502481  136.961044  0.336445  1.087256       7.841792   1733.121582 -151.383270  15.237826  3.901804   54.450310
34   130.977722 -16.133429  111.128624  0.335001  1.353354       6.541911   1694.134521 -208.558533  14.621871  3.450257   62.870358
35   132.855652 -26.496346  133.036270  0.335796  1.907324       8.476057   1367.947632 -188.523987  15.152925  3.914002   61.599930
36   125.075813 -19.580780  124.471458  0.332054  2.460755       9.187382    760.980591 -201.013885  14.922061  3.876531   87.937202
37   134.692947 -15.713961  130.508408  0.332324  1.894455       8.404397    992.191284 -140.195969  13.212041  2.878976   55.961872
38   133.872070 -14.987202  128.229034  0.319380  1.188478       9.375694    841.253540 -193.595810  14.621146  3.458019   67.756615
39   134.365082  -9.804803  131.596390  0.317657  1.053564      10.273965    820.121582 -204.245392  18.287340  3.627565   71.207954
40   136.317261 -14.636109  138.996567  0.321978  1.294891       6.399510   1146.470337  -88.498711   9.904338  2.442079   51.445301
41   129.136093   2.351907  108.574646  0.318693  1.038938       7.273468   1054.277100 -221.386337  17.787603  3.475068   75.256310
42   124.411789  -8.655602  118.423813  0.341942  2.274256       9.657746    885.580994 -207.166321  12.062968  3.529582   54.469193
43   130.217072   1.277638  111.238289  0.336883  1.040157       9.150324    983.041443 -129.389282  13.439219  3.740569   59.713371
44   128.083420 -26.019941  146.313766  0.341021  3.214983       6.568509   1122.120605 -212.150314  10.375226  3.169781   93.077492
45   129.964615 -17.392933  118.376854  0.338564  1.627143       7.729412   1884.641968 -154.084579  12.618322  3.889786   53.823437
46   126.373680 -18.881191  133.728699  0.329960  3.106954       6.920706   1424.845215 -223.982712   9.505541  3.227497   69.610176
47   140.696732 -23.959362  134.501266  0.335970  2.117536       9.797956    916.492126 -206.875473  11.956708  3.983099   94.896011
48   119.507881 -13.960712  118.316505  0.346906  2.315435       7.764959   1156.813721 -201.555923  11.523731  3.934952   51.800632
49   131.456711  -9.225209  127.253487  0.341105  1.410581       6.211127   1580.382690 -230.766739  17.447254  3.659262   79.010536
50   129.628708   2.877595  120.480247  0.311166  1.237304       6.957266   1470.722656 -156.958267  13.393444  2.727572   56.970192
51   130.110504 -13.366044  127.010056  0.330010  1.490000       7.861185   1657.600952 -203.695068  17.291948  3.954411   54.441730
52   132.332550 -10.360507  136.690506  0.305525  1.823919       8.172374   1124.332153 -200.684814  11.094904  3.417747   76.718140
53   120.692619 -29.934925  128.436630  0.349254  3.470886       9.783969    742.746582 -243.927368  11.027920  3.585441   50.360542
54   132.287979  -8.132325  122.163902  0.332745  1.572744       8.201017   1283.473145 -178.463989  14.212242  3.569370   76.629623
55   137.005219 -19.572960  141.330643  0.347795  1.470712       8.178677   1260.113403 -151.168884  15.390027  2.802992   66.299599
56   119.031303 -23.488491  126.682823  0.340246  3.003306       7.665572    911.512939 -244.550934  15.773718  2.898317   54.709858
57   136.771759 -24.212652  136.381592  0.344312  2.232931      10.125064    755.696899 -243.089600  16.989264  3.305212   90.755424
58   124.428719 -20.664347  133.863373  0.335545  2.480418       9.604637    848.717712 -153.043762  11.045322  3.953297   55.313725
59   117.923592 -17.207001  128.579849  0.318986  3.154374       8.854006   1068.514282 -221.612534  12.868941  3.984995   58.426243
60   136.460754 -13.167048  123.846138  0.340492  1.108333      10.642577    720.812988 -180.376633  14.212669  3.588465   72.529053
61   131.330399 -13.625144  133.597977  0.319223  1.315141       7.544831   1509.917236 -157.968689  15.571291  3.609414   52.874065
62   123.146088 -24.385590  132.919495  0.349941  2.342838       9.500376    950.287048 -196.451141  13.633104  3.783515   73.221436
63   133.935272 -24.738628  132.633881  0.349641  2.043514       8.874155   1662.775879 -200.159790  15.112003  3.902588   66.912544
64   125.913284 -14.673114  124.925262  0.323782  2.348635       7.340277   1148.385010 -167.558487   9.173457  3.252851   71.144806
65   131.729492  -4.217739  126.832146  0.322693  1.133301       6.293412   1620.003662 -146.047043  18.756145  3.239181   87.156815
66   129.689865 -22.129732  124.053741  0.343568  1.843138       6.454862   1661.261719 -162.045944  12.555058  3.234326   77.901756
67   133.379898 -10.290824  121.223732  0.343066  1.170802       6.915126   1724.060913 -151.268539  16.311449  3.389309   78.788551
68   132.735779  -8.561298  125.189186  0.330960  1.240573       8.569594    822.118103 -174.615570  16.914635  3.342880   77.929848
69   125.804398  -6.316028  113.568314  0.321446  1.629830       6.434756   1823.633911 -193.630508  16.367329  3.910737   59.901730
70   125.991608 -10.340298  109.111862  0.349977  2.261138       7.039974    945.676331 -216.965347  14.075021  2.716734   58.474964
71   120.293961  -6.984373  108.882172  0.319114  1.846314       7.141701   1262.513672 -183.368027  13.227670  3.685879   58.229725
72   121.938423 -29.172321  143.452133  0.344113  2.906426       6.037872   1583.155029 -215.589584  10.596208  3.585377   69.273773
73   131.577881 -15.992528  138.243042  0.345321  2.217841       7.088363   1971.861206 -173.353409  10.570844  3.685986   90.674911
74   134.355637 -24.249035  142.766144  0.336259  2.856158       9.317801   1141.885010 -227.261856  10.870915  3.743414   89.727043
75   118.000694 -19.162876  123.708435  0.340180  3.411478       6.563508   1632.128906 -204.763596  10.812681  3.910028   65.155991
76   127.478729 -25.814194  144.054565  0.334519  3.861907       6.957728   1587.151367 -232.120255  11.129257  3.487571   75.262901
77   128.324615 -17.465109  142.478241  0.324216  2.015640       8.436911    807.475647 -130.986359  11.385987  2.787549   76.045509
78   142.844315 -22.832312  130.082077  0.329158  1.530593       8.783471   1188.727661 -191.468307  14.081404  3.172317   54.644222
79   126.235023  -1.396831  128.410294  0.349250  1.267540       8.022751    863.575012 -130.133331  14.335404  2.726074   77.866669
80   132.705872 -19.003412  125.547714  0.320857  2.691137       8.711597    977.543823 -221.865845  13.762408  3.941177   84.682976
81   134.167084 -15.206558  123.073395  0.326691  1.196069      10.265944    713.430420 -213.182236  21.630220  3.776308   76.748596
82   131.667770  -5.961215  120.299438  0.342785  1.259147       6.543798   1774.804199 -130.321182  12.794756  3.396322   52.986118
83   126.053200 -26.417017  124.795052  0.343056  2.155823       7.742801   1615.795044 -219.780014  18.790854  3.739871   54.672512
84   127.684914  -4.264398  131.671585  0.322383  1.680024       9.578443    920.194397 -152.710434  10.786042  3.777195   69.578705
85   140.889877 -16.856796  135.595078  0.349360  1.315078       7.250372   1845.988159 -130.671738  10.833382  2.929804   73.015579
86   127.850342 -26.727158  133.199661  0.346459  3.171756       6.886293   1306.603882 -233.059311  12.165800  3.302775   61.494190
87   126.859634 -24.073547  130.337799  0.345217  2.754827       6.605447   1440.737793 -153.988800  12.684056  3.553186   79.543564
88   131.301987 -14.275476  128.527924  0.316667  2.052550       7.022568   1491.986816 -212.269669  12.895813  3.673392   57.163727
89   136.317337 -18.645245  133.024673  0.327949  1.914348      10.232432    728.220703 -218.823959   9.754488  3.663023   53.711777
90   139.574646 -14.903037  130.169067  0.345095  1.174830       8.280271   1674.438721 -157.942032  14.061864  3.997971  111.439972
91   131.757050 -21.185238  122.560768  0.334957  2.080993       9.113574    991.613342 -171.699493  11.402321  3.662340   51.529518
92   141.613571 -21.836155  132.641632  0.338131  1.250730       9.873856   1078.729248 -158.848495  13.928758  3.279883   57.171833
93   131.144272 -13.002881  120.582497  0.323036  1.566690       9.135667    901.152405 -203.319611  16.002069  3.473100   56.816322
94   122.405281 -20.312855  135.152817  0.337584  3.369733       9.495221    775.712708 -219.697372  10.419646  3.551454   73.578674
95   131.171722  -7.137927  128.194305  0.325232  1.331912       5.770652   1564.025757 -144.218994  17.235950  2.906882   92.735138
96   117.687553  -7.162882  119.811874  0.335299  2.584809       8.075222   1446.254517 -240.333908  15.031666  3.764463   53.450577
97   134.336945 -18.320002  133.255356  0.325770  2.033965       7.571272   1605.481445 -217.052109  14.961494  3.621509   53.943169
98   125.628578   4.414425  128.828140  0.302542  1.271918       8.615310   1033.330688 -157.769409  12.764359  3.272241   63.970791
99   121.386703 -17.776133  128.566879  0.345790  1.850692       7.880997   1101.668579 -124.518967  12.587559  3.420380   67.303009
100  136.139252 -16.978292  134.287521  0.327607  1.428323       7.152612   1886.350586 -236.819427  14.971107  3.397682   74.519287
101  128.031158   7.493627  125.378273  0.341168  1.228083       7.790362   1300.878052 -151.487335  13.359334  2.903069   70.346962
102  130.502380 -12.151671  109.365936  0.333088  1.231709       9.198986    909.253784 -121.011734  13.620789  3.682829   55.300632
103  130.546875  -3.482621  120.670631  0.345502  1.334888       8.860250   1098.494263 -181.560287  14.780146  3.981763   72.362206
104  137.268127 -15.286942  130.723969  0.346020  1.279678       6.403130   1947.639648 -164.988922  14.352706  3.299836   70.631119
105  118.781700  -9.518272  111.123009  0.338588  2.542418       7.594985    940.779297 -190.461197   9.734096  3.754251   79.842949
106  130.268265 -23.066301  139.137299  0.342839  2.307073       9.273027    835.044006 -169.340988  11.849928  3.660850   97.140869
107  126.606567 -22.766348  131.602966  0.329059  2.385739       9.331802    767.110352 -208.957336  16.341253  3.771897   75.280327
108  131.432648 -14.240288  118.416237  0.329334  1.758291       8.480449   1022.223267 -168.299652  15.018788  3.460597   62.351810
109  127.043556 -10.363953  139.791443  0.329356  1.447779       6.727773   1212.411255 -185.084991  18.387039  3.354156   98.879570
110  126.745872  -5.547373  128.306656  0.336107  1.469360       7.448912   1297.345703 -161.054642  15.678562  3.912917   61.799324
111  132.514862 -24.334993  142.727509  0.339911  1.978646       8.879243   1159.451416 -156.843781  14.174000  3.966624   70.031479
112  124.166779 -10.676553  136.890579  0.322771  1.762424       6.876287   1365.796021 -132.830780  11.106390  3.141789   65.324036
113  122.036201 -10.722839  121.908386  0.336583  2.377554       7.285188   1033.515381 -143.755402  10.324575  3.323370   75.639366
114  123.216400   7.051474  127.657410  0.323752  1.156843       5.973222   1971.192749 -153.702148  11.655358  3.361165   61.442451
115  127.543655   4.255540  126.149734  0.334224  1.473198       7.391707   1528.945068 -230.726349  15.161486  3.512636   55.480438
116  129.181274 -12.117225  119.084473  0.318223  1.447349       7.198707   1717.798584 -151.056549  13.530447  3.517342   50.352905
117  123.239601 -14.472980  142.719513  0.338671  2.217770       5.772595   1455.151489 -144.315170   9.644939  3.017456  103.582726
118  132.440155  -5.728348  137.647675  0.348707  1.196517       5.787348   1438.807617 -140.845139  13.933075  3.053099   99.712814
119  133.159805 -10.707474  128.393280  0.335488  1.453666       7.227784   1274.290039 -142.629761  13.053020  3.202414   85.257835
120  127.405251 -25.944927  130.256439  0.331112  2.798671       9.667369    723.058411 -239.310303  13.665898  3.928667   57.237171
121  115.782959 -22.784555  135.853500  0.342038  3.469745       6.919374   1528.511230 -241.662674  11.851719  3.724450   58.939884
122  136.223709  -9.365616  136.106628  0.319985  1.390724       9.241355    731.953064 -114.303185  12.489002  2.709600   55.898533
123  122.940010 -21.177132  135.907684  0.334014  2.904782       6.937741   1267.654419 -233.229477  12.203823  3.603998   63.754730
124  128.535233  -5.966269  127.341789  0.345231  1.508839       7.744553    863.250977 -155.188675  14.714123  2.774371   98.350998
125  130.669083 -17.861866  145.136581  0.342192  2.001837       7.604606   1365.442261 -133.922150  11.781436  3.406681   79.831459
126  110.641502 -18.068882  122.135376  0.346378  3.609060       8.317408    833.175720 -162.396805   8.282770  3.966864   82.224998
127  131.681580  -9.625218  122.690811  0.333986  1.179575       9.002083   1033.576050 -194.020401  19.559475  3.980908   78.733704
128  128.823654 -14.944109  117.508827  0.331390  2.112893       6.086619   1211.353394 -189.973328   9.963022  2.535230   72.395294
129  128.061890 -20.102079  134.082733  0.337136  1.930023       6.710404   1281.682983 -188.926163  15.356682  2.781888   54.229259
130  131.032257 -20.014002  128.479233  0.333695  1.931782       7.617988   1522.490479 -209.689880  15.319068  3.732006   65.256767
131  117.559326 -20.050684  124.892609  0.347357  2.920076       7.349192   1099.957031 -173.629654  11.130254  3.681159   70.637230
132  125.964371 -19.298948  115.445099  0.339499  2.560618       5.817282   1854.014404 -235.131241  14.638935  3.487508   60.689651
133  128.038589 -18.066151  135.269363  0.328619  2.177941       6.810202   1330.323608 -186.825928  13.252970  3.552945   87.638222
134  133.871597  -7.953503  117.112137  0.325881  1.006120       7.649352   1588.250610 -179.044540  15.383855  3.904818   80.014297
135  119.198730  -9.241590  122.691238  0.342805  2.918829       6.412478   1382.492554 -248.110428  14.235603  3.461322  109.103249
136  124.524826 -20.508015  108.472160  0.348980  1.936736       8.133164   1203.080200 -204.555069  16.132994  3.305697   66.048027
137  128.199738  -8.865395  142.666672  0.335221  1.661005       5.572776   1765.329346 -183.789612  12.632180  3.511918   89.161720
138  135.682327 -17.751364  124.190285  0.339558  1.380934       8.942388    974.055237 -174.362610  17.135767  3.939758   67.617096
139  130.520645  -3.703182  128.255630  0.346181  1.102324       8.187253   1214.482300 -141.561188  12.795391  2.840886   54.977627
140  130.871185 -15.417357  116.137939  0.333734  1.186348       7.231875   1303.457397 -199.969543  19.508636  3.773108   84.099304
141  130.369629  -5.732246  134.899612  0.315503  1.968683       7.660439    923.070923 -223.059265  14.161862  2.892450   64.596443
142  126.456802  -4.040613  119.878677  0.338179  1.467899       6.825550    888.151794 -193.534012  17.726860  2.559621   80.233032
143  123.643188 -22.491650  131.572601  0.347264  3.397586       9.226989    728.677185 -219.782089   9.861298  2.944350   50.447052
144  119.484711 -17.765337  125.740669  0.335662  2.678703       5.561050   1586.402344 -159.632126   9.048723  3.427175   82.383034
145  132.255798  -3.627367  117.474022  0.345748  1.081078       7.245948   1157.502319 -156.344772  13.928383  3.350109  104.930748
146  127.918915   3.496565  130.474808  0.345677  1.083457       8.346725   1353.538696 -158.530197  14.615260  3.949890   75.636887
147  124.204887 -10.170862  117.919113  0.345379  1.719453       6.508886   1490.122192 -179.842453  14.543662  2.818712   51.210625
148  116.558670 -18.908409  120.788277  0.343298  3.102352       7.633593   1077.519775 -239.774902  12.046060  3.653021   54.724064
149  130.797180 -24.091427  139.109619  0.331770  2.724382       8.541835    960.752991 -222.311401  12.056844  3.002601   54.482880
150  121.760872 -18.833565  133.606094  0.340583  3.180357       8.186489    963.585938 -245.893829  11.684304  3.217876   62.392567
151  135.510498 -15.822716  140.756012  0.340254  1.615549       9.499344   1014.604065 -175.651978  14.142357  3.917057   96.980453
152  125.150192 -22.798756  145.141266  0.338485  2.624965       7.510728   1024.113403 -162.701416  11.491767  3.159198   73.682281
153  126.992439   0.240932  127.176353  0.335111  1.391799       6.638804   1337.271973 -144.366684  13.819372  3.284806   91.184647
154  135.008484 -16.556501  121.780884  0.338074  1.027223       9.821612    938.957825 -181.571762  19.553667  3.795545   58.448387
155  127.221359 -25.831182  125.413788  0.343114  2.283333       6.924815   1823.191406 -203.943726  16.512735  3.823349   66.161263
156  126.937164  -4.148386  122.376534  0.334838  1.252404       8.322012    929.003479 -175.276962  15.583942  2.524462   61.592075
157  118.541145 -17.450277  113.410057  0.335332  2.603229       5.884093   1713.897705 -192.204453  12.647415  3.182021   51.036804
158  127.880333  13.100384  126.009415  0.330402  1.434034       8.756312    973.149780  -99.822311   9.467540  3.511808  101.676445
159  130.313492 -18.589697  135.961105  0.346819  2.100505       9.342847    922.747498 -243.101044  14.412704  3.529776   63.163677
160  128.370743  -6.461109  117.465317  0.340778  1.172456       8.268473   1254.427246 -214.906418  19.724237  3.727517   84.669037
161  124.188713 -16.546392  122.404419  0.349525  2.113457       5.430846   1598.746460 -101.636421   9.564648  3.068315   64.516838
162  124.205101 -27.932657  132.506912  0.345397  2.828996       8.517159    769.409180 -209.117523  12.203934  3.454518   72.136765
163  121.948997 -18.698263  129.982040  0.312472  2.537376       8.997419    700.684021 -220.761688  15.438388  3.729358   67.255592
164  117.840996 -13.397521  116.225723  0.343450  2.714503       8.136121   1147.216187 -202.243881  10.582249  3.949606   60.279747
165  142.123093 -15.705877  139.644653  0.331833  1.174773       8.686517   1479.532715 -176.192368  13.548323  3.911033   74.472595
166  129.179535   0.669524  120.331528  0.324450  1.008250       9.580173    921.358032 -180.616013  17.955589  3.354484   52.483429
167  135.374603 -13.952579  123.949013  0.336756  1.009738       7.990435   1213.001831 -149.562195  17.989466  3.244835   61.573029
168  134.038300 -32.209743  150.706802  0.349471  3.525092       6.778849   1668.823120 -202.648407   9.560606  3.102078   51.394157
169  132.660995 -18.295168  139.331116  0.340313  1.953737       7.002761   1886.738159 -199.422653  14.988680  3.426286   66.162537
170  124.577011 -12.870440  116.363693  0.341012  2.166358       6.378094   1244.037720 -239.143326  16.528479  3.198565   66.244011
171  129.423599 -29.127998  138.815994  0.335060  3.090306       7.887974   1623.484863 -247.647156  11.391180  3.869772   62.053444
172  127.522369  -5.148154  133.587814  0.326811  1.810388       7.565816   1790.678711 -171.666534  10.443601  3.789956   50.888996
173  125.431938 -10.149446  127.898636  0.342620  1.741887       9.619266    812.682617 -187.246414  14.935099  3.763781   70.735214
174  121.745651 -22.023817  125.534409  0.346393  2.643540       7.832059   1175.401978 -200.658524  13.180837  3.929398   98.064552
175  130.278061 -21.712589  114.702820  0.347607  2.000492       7.350041   1293.854004 -236.602219  19.452988  3.169401   78.573105
176  127.427208 -16.578419  120.271286  0.332506  1.913159       9.304568    929.018188 -204.260056  16.008751  3.957058   79.180405
177  126.713341  -4.172882  130.797409  0.332052  1.342577       8.028397    864.452820  -97.596779   8.447497  2.977636   81.783646
178  118.277458 -19.458132  133.522736  0.344798  2.605372       8.948207    741.555725 -127.613609  10.935601  3.290401   58.283642
179  139.699570 -17.418493  143.753769  0.340078  1.276003       8.061582   1508.059570 -104.576210  11.931365  3.754347   87.776939
180  134.465729 -18.641361  148.750549  0.342164  3.089082       6.771111   1111.796021 -186.559067  10.363778  2.565623  101.593056
181  127.909538 -20.545893  122.388840  0.343968  2.224683       5.133946   1780.099609 -196.975525  14.817287  2.863876   56.086029
182  124.123360 -21.427896  125.992020  0.336469  2.027633       8.853367   1150.591919 -199.830856  14.720394  3.628299   50.027580
183  126.669960 -19.495310  121.511253  0.325746  2.951113       9.156182   1235.452515 -191.099777  12.389046  3.582780   58.111610
184  130.209564  -3.915091  112.204300  0.340867  1.022699       6.978528   1562.835205 -167.715302  20.277807  3.596701   66.392960
185  125.484238 -16.011806  126.471458  0.344357  2.291238       7.123628   1527.107910 -219.669769  14.184269  3.833693   63.060635
186  140.266068 -16.892052  127.902397  0.349446  1.095701       9.519893   1110.248047 -138.947510  13.048397  2.672877   50.085884
187  130.827225   0.823178  119.694504  0.337431  1.145802       6.673788   1121.402588  -91.002335  11.607914  3.485937  105.453926
188  125.339821   5.545038  128.822266  0.335699  1.008271       9.172338   1004.944763 -117.122818  13.182454  3.688231   67.249100
189  129.460175 -24.628006  139.690598  0.348619  2.569931       8.328609   1563.181030 -200.051727  11.856087  3.478174   65.449501
190  122.587837 -16.248859  121.363029  0.347793  2.849690       7.948871   1148.851562 -209.667496  10.257510  2.992572   62.856285
191  129.418335  -7.591087  114.318184  0.341650  1.343353       7.420315   1440.683838 -212.684814  17.142414  3.555980   78.507996
192  123.530052  -8.122521  131.490936  0.347408  2.277474       9.364706    732.150330 -157.974945  10.503147  3.339216   63.041267
193  135.864578 -18.787878  123.831520  0.348163  1.763732       7.605889   1262.307251 -169.866196  13.642202  2.799961   78.552338
194  135.092743  -7.601529  132.376999  0.340349  1.003463       7.187492   1639.451904 -172.646194  17.304323  3.725608  109.365356
195  123.872978 -20.074362  121.180084  0.343274  2.311925       6.918501   1764.041138 -245.274338  11.106771  3.698070   72.366692
196  122.891716  -5.434200  121.815811  0.318992  1.687223       7.501055   1089.186035 -187.358627  15.088162  3.785583   71.698448
197  125.367302 -15.354774  123.288094  0.338235  3.089190       6.208323   1529.376831 -212.230545  14.785910  3.375411   55.852543
198  129.112808  -1.476587  138.053513  0.307030  1.007357       8.330580   1282.974609 -134.729919  13.796601  3.696321   55.588512
199  135.172577 -15.469057  123.755569  0.344721  1.395382       7.033242   1316.913818 -218.141098  19.614548  2.586879   68.924210
200  127.836998   0.841158  122.506706  0.313414  1.136050       7.362762   1398.040649 -189.457809  13.796537  3.791380   82.436623
201  132.873413 -21.621908  135.425903  0.349370  2.189240       9.409284   1278.895996 -236.809647  18.958162  3.772990   55.751038
202  126.740356 -11.410175  121.556114  0.347411  1.598850       9.120111    867.495911 -206.775925  15.014344  3.289795   66.541122
203  125.658096 -26.523684  132.842438  0.345824  2.547418       7.704648   1182.772095 -194.917389  13.902889  3.235497   64.733574
204  128.718430  -9.494020  135.744598  0.346925  2.431470       8.058189   1145.842407 -181.142807   9.710060  3.729602   91.201866
205  127.984268 -22.125910  129.634201  0.332735  2.451929       8.116690   1254.860840 -228.532761  10.321383  3.903354   68.086723
206  125.695450 -18.191847  119.842773  0.347272  2.034650       7.591356   1354.766602 -170.597519  13.674415  3.844540   88.150078
207  123.787025 -18.263186  119.519745  0.349390  2.298013       5.759091   1499.846069 -177.528015  13.577905  3.281444  107.111855
208  130.373154 -15.430819  118.803322  0.329493  1.589514       6.917130   1206.804321 -144.098740  14.130437  2.944238   84.260818
209  130.755753  -6.546239  133.950806  0.337999  1.298490       7.088325   1580.467529 -150.888184  12.980702  3.801946  102.818474
210  124.790161 -16.413521  126.671326  0.333678  2.558071       9.446184    751.087463 -169.420334  11.731146  3.997076   71.370789
211  128.290237 -13.836186  134.888504  0.330272  1.834872       8.024887   1376.408447 -154.301208  10.332579  3.759696   56.814930
212  134.339905 -12.344830  113.698433  0.337922  1.096978       8.767028   1270.740234 -175.679306  15.777514  3.986943   52.737858
213  129.814209 -26.263535  119.223770  0.343071  2.025126       9.129410   1010.308289 -207.625137  15.332980  3.601141   62.322815
214  132.568039 -13.176013  126.865334  0.346377  1.477265       6.854343   1481.604126 -214.817886  18.883057  3.116754   62.877068
215  128.612198 -30.646811  119.904396  0.347859  2.851045      10.583665    804.776917 -236.671921  12.301991  3.981473   73.036644
216  134.336044 -25.202543  143.912689  0.330719  2.121892       8.749281    937.732605 -156.641464  12.611329  3.318267   64.525108
217  126.546448 -18.111635  134.390869  0.329465  2.151502       7.891567   1132.929932 -226.263260  16.563971  3.277354   71.643524
218  130.192566 -26.302290  127.882484  0.349267  2.132993       9.007755   1014.592224 -193.026657  11.268779  3.650946   56.547901
219  122.958336 -10.122867  129.611954  0.337881  2.740047       7.732852   1203.729736 -201.193726  11.800224  3.340741   76.780792
220  128.007202  -0.338637  127.061356  0.337022  1.257276       7.868104   1194.900024 -193.935104  14.461061  3.504295   50.484695
221  127.607552  -8.450238  116.340767  0.337092  1.716547       5.023553   1813.073608 -197.838226  13.593953  3.312233   78.508133
222  129.446106  -1.968994  135.392761  0.329407  1.055471       6.944169   1988.815308 -116.596611  10.609787  3.546328   73.429024
223  131.320526 -25.683079  125.691940  0.337892  2.491456       8.733952   1027.117676 -220.949081  13.047902  3.465711   84.974266
224  131.046524  -3.259763  132.737015  0.348085  1.010627       9.142779    924.636536 -121.107056  12.574824  3.682075   84.730606
225  129.254684 -26.678675  130.993759  0.341832  2.872377       8.077066   1448.881348 -209.537781  12.452746  3.988795   83.903244
226  128.167465   0.577337  122.987320  0.322470  1.234958       6.715409   1392.641724 -135.507782  13.230414  3.399262   66.344528
227  117.803459 -22.092966  125.634422  0.339274  3.406121       7.361511   1545.699463 -154.623749   8.646311  3.880148   74.969711
228  127.850601  -5.014159  136.968475  0.331106  1.909956       8.367688   1039.414307 -187.458725  12.803116  3.484563   65.573357
229  126.261124  -9.740495  123.115204  0.335876  1.920612       8.122592   1046.157471 -200.619766  14.327969  3.665449  112.086792
230  135.759338 -21.278078  148.529083  0.343335  2.107024       9.055397    765.701599 -188.872833  14.060052  3.636860   93.065819
231  131.354050   1.212880  119.385445  0.349829  1.197053       7.994041   1034.116821 -147.199554  14.035009  3.170960   65.175774
232  125.314095   2.597320  115.761742  0.344265  1.651567       9.868589    773.132202 -227.861343  16.322615  3.689341   51.192734
233  125.668259  -1.242174  136.634567  0.340985  1.476948       8.149527   1222.203003 -158.114151  11.108856  3.588966   90.494164
234  124.149055 -24.623503  149.441040  0.348194  2.876151       8.015059   1397.236938 -190.622314   7.190364  3.772548   60.424461
235  128.361847 -27.654696  130.789093  0.339011  3.180799       5.958543   1838.224243 -197.107101  12.406734  3.245223   66.538025
236  140.446213 -18.794415  136.405334  0.312525  1.468654       6.893928   1695.441528 -143.852264  15.244507  3.281746   51.257965
237  133.306870 -10.727905  125.939354  0.343806  1.554718       8.582199   1194.810791 -200.690811  12.066350  3.592199   64.055458
238  130.564713 -13.846560   98.438011  0.340691  1.237317       8.940813   1297.547729 -223.297531  16.552334  3.891114   59.422482
239  121.140625 -22.445086  123.941772  0.348974  2.061559       9.076690    766.100403 -226.488083  16.154575  3.877920   51.654636
240  135.161377 -17.132879  124.017097  0.346611  1.319379      10.350294   1001.065247 -220.504364  16.534094  3.726396   51.607529
241  124.289497 -25.278046  124.814491  0.333909  2.439445       9.892076    820.177063 -241.718506  16.532686  3.968649   61.984200
242  130.558670 -22.964828  125.838127  0.338933  2.053374       9.147351   1149.038574 -157.502213  12.764040  3.550855   70.721977
243  129.002350  -1.766393  115.396103  0.338384  1.112339       6.162345   1706.334351  -93.286987  10.184040  3.563259   75.018761
244  130.135635 -25.219074  129.147552  0.346914  1.868139       8.876602   1193.201904 -192.262161  14.973019  3.735503   75.996933
245  124.221779 -23.800175  140.036331  0.339160  3.439829       8.059433    756.529846 -234.920746  12.675293  3.301462  100.858910
246  121.813187  -7.921880  126.195709  0.338882  2.301153       7.416402   1249.264771 -239.684036  15.692404  3.812919   96.441818
247  136.469742  -5.020407  143.204376  0.339196  1.017757       8.272277   1132.649048 -157.285553  14.142528  2.601878   64.717705
248  121.432610   6.798058  136.645798  0.285865  1.331576       6.993974   1896.784912 -187.682022  11.711666  3.897798   62.568710
249  121.995758 -17.816908  125.171272  0.338365  2.671325       7.666769   1265.125122 -210.300568  11.275426  3.599224   70.517052
250  128.599762 -11.736663  118.195793  0.317380  1.429994       7.649166   1218.646118 -160.086731  14.680063  3.821957   61.019547
251  122.606201 -20.352821  126.960495  0.323732  3.016326       8.288941    853.310608 -238.413116  10.165705  3.383772   63.430016
252  124.436966 -32.379509  134.598312  0.345878  2.775127       7.483259   1270.161987 -165.106247  14.987970  3.901037   59.763565
253  138.881516 -28.111696  137.088211  0.348728  1.961250       8.772424   1302.133301 -129.453232  10.621342  3.386806   64.967438
254  120.793694 -11.374582  111.394112  0.332175  2.132097       7.798596    961.015930 -127.032486  10.259507  3.606673   99.521416
255  130.984070 -22.837254  135.783554  0.345825  2.190931       8.934218    904.394409 -180.235657  12.446139  3.578722   92.361580
256  129.606232 -16.149548  126.357422  0.340208  1.793875       9.277284   1028.223267 -176.984177  13.310690  3.783072   51.596741
257  138.487228 -14.218946  132.696915  0.335818  1.094250       8.394514   1484.637451 -177.492996  19.441719  3.753905   81.648079
258  125.401070 -25.570663  137.702774  0.338623  3.107519       7.536462   1073.247681 -213.205414   9.867346  3.752371   88.017960
259  132.427155 -11.158636  118.488129  0.337077  1.200042       5.454367   1662.853394 -162.648178  15.911582  3.336093   84.174736
260  130.867294 -10.464724  124.084373  0.340647  1.231055       6.923248   1789.429321 -208.285294  13.709377  3.265966   54.688343
261  118.720787 -21.233957  114.008102  0.344470  2.437067       9.312639    750.806030 -218.699707  14.935390  3.979471   62.920891
262  125.584152 -11.456302  117.758209  0.327285  1.992819       6.689016   1763.240601 -210.053116  15.459291  3.688365   55.282490
263  122.734528 -26.281277  130.570724  0.342524  3.075880       7.590422   1150.394409 -226.760071  13.756558  3.883087   65.434456
264  139.029022 -16.154789  126.111130  0.335301  1.020648       9.550022    812.557861  -86.099335   8.448573  3.022955   60.116501
265  135.242218  -9.212247  127.133797  0.347016  1.011772       7.747381   1256.192261 -208.154648  20.528664  2.779843   61.366909
266  130.538483 -14.843700  121.681496  0.338529  1.236843       7.292839   1303.846313 -127.246468  14.638476  3.334764   58.974857
267  121.312920 -17.074045  123.202065  0.348403  2.938889       7.111084   1331.300903 -240.309052  12.345928  3.505539   69.817436
268  132.678619  -7.052172  134.079910  0.324737  1.016030       8.285924   1210.957886 -141.480865  15.575990  3.643630   71.727928
269  131.351837 -24.082388  134.941040  0.316681  2.222363       8.045834    971.481079 -178.561218  14.000801  3.007568   51.739624
270  132.248093  -8.280446  124.478981  0.334319  1.257420       5.988294   1933.935181 -141.569870  10.306289  3.375382   57.177475
271  138.186172 -19.473577  130.788055  0.346496  1.814494       8.577368   1749.635376 -242.295441  15.229643  3.709163   59.240246
272  123.674675  -1.457408  145.714828  0.319242  1.543689       6.374897    957.505127 -139.697083  12.611485  2.364556   63.068306
273  130.470978 -17.567261  130.778702  0.322132  1.960812       9.311844    828.908569 -191.311874  13.157971  3.382454   67.859665
274  136.876099  -7.006988  137.315079  0.317099  1.126976       8.914167   1119.479614 -143.816956  13.744499  3.397241   79.275665
275  126.798012  -4.723075  118.627388  0.338134  1.534413       7.641128   1036.236206 -221.987274  16.488180  3.586109  104.994431
276  130.044220 -19.275431  124.461891  0.349762  1.717048       9.036829   1444.186157 -189.494461  16.693491  3.701035   56.355659
277  129.217941 -24.286091  130.229675  0.333101  2.764445       7.644525   1329.365112 -228.484146  11.923182  3.907086   78.798218
278  126.846321 -21.316549  140.504730  0.330236  3.295747       7.263974   1302.015503 -213.105209  11.699275  3.139344   68.817619
279  130.363815 -16.416500  114.311417  0.326115  1.639532       9.043677    864.896301 -227.936096  20.634197  3.588096   71.744560
280  130.958450  -7.444355  125.929955  0.314718  1.222735       6.457102   1815.095459 -162.808365  15.848851  3.642415   52.095947
281  125.788582   8.086801  123.570091  0.334399  1.326331       6.917234   1826.285522 -179.533539  14.727342  3.631581  102.673737
282  121.038460 -10.868361  135.637573  0.329200  2.354573       6.688834   1562.349487 -178.058136  11.826768  3.671269   99.889969
283  126.845375  -3.345120  122.262505  0.304682  1.418353       6.694602   1215.746582 -123.515862  11.188562  3.888580  108.787285
284  124.762238 -15.897743  131.566055  0.333776  2.467195       7.439233   1587.789673 -142.417618  10.196666  3.910697   58.131256
285  129.656296 -18.213722  124.705482  0.342875  1.921553       9.074251   1012.914551 -249.885422  16.907555  3.820902   66.078461
286  130.619064 -16.015326  125.600342  0.333198  1.787609       8.110868   1242.988770 -230.796890  18.287304  3.629091   51.585136
287  124.743454 -10.330188  128.650101  0.340916  1.877218       6.825490   1459.988403 -197.194901  11.578130  3.632993   86.420555
288  123.003090 -21.637760  130.846680  0.341730  2.549916       9.673587    746.733459 -210.077194  12.379375  3.369738   62.637901
289  124.748070 -23.128361  125.966782  0.334474  2.390369       7.707789   1089.053589 -210.544891  13.683878  3.332542   51.882664
290  126.398155 -15.598434  136.327591  0.339057  2.582857       8.951986    904.062195 -209.298737  12.199134  3.281989   50.152916
291  127.708641  -3.367480  128.673752  0.343356  1.272067       7.900473   1329.347412 -227.287186  16.527561  3.464852   76.199402
292  124.856079 -21.384527  128.718704  0.344206  2.807291       9.254750    870.302673 -222.386093  12.045242  3.524235   71.985146
293  139.157486  -9.293956  128.905380  0.339245  1.129097       8.809009   1588.995728 -169.378464  18.489817  3.872945   52.375160
294  131.112961 -13.343171  127.419975  0.315657  1.570984       8.629637   1007.073120 -171.440460  14.401197  3.202244   57.054768
295  117.846283  -9.843184  122.750031  0.346673  2.241395       6.682153   1299.444092 -202.144943  12.503163  3.738543   82.699493
296  132.565582 -20.760315  137.833801  0.343065  2.198676       8.043051   1206.507690 -245.292419  12.438327  3.244721   74.470703
297  137.874084 -14.433859  138.257553  0.338263  1.198923       7.120111   1859.316040 -155.827835  14.154810  3.248307   54.558704
298  134.764282  -7.919005  117.537727  0.329041  1.016559       9.036631    786.380554 -131.784576  14.882792  3.607495   80.632957
299  125.706528   4.481615  136.529495  0.313833  1.291631      10.132151    758.012390 -138.070862  11.481962  3.710927   84.768608
300  116.857735  -8.271225  118.435638  0.333707  2.585172       8.843215   1027.790894 -206.039383  16.096699  3.953784   59.755405
301  124.138542 -18.296040  127.298531  0.340242  2.424847       7.433783   1441.623291 -236.682709  15.640683  3.899497   73.236496
302  128.102478 -20.323851  134.139755  0.343457  2.580796       6.365674   1296.588623 -194.784302  10.837012  2.907009   55.655540
303  128.697754  -6.445887  115.668221  0.345222  1.038384       9.510447    733.182190 -153.048492  16.426693  3.856406  103.074173
304  123.047928 -28.402576  133.674759  0.348047  3.247812       7.350107   1134.438721 -235.587021  11.798658  3.583475   68.014938
305  137.904938 -15.434396  140.993912  0.349122  1.410523       8.656034   1226.231079 -141.922470  16.165371  3.952094   93.383057
306  129.196091 -10.728381  131.915939  0.349581  1.157673       7.006388   1902.643188 -141.652603  16.136333  3.612971   65.202507
307  134.225021 -18.113800  125.375351  0.337894  1.537828       8.574981   1368.709961 -187.258636  16.933811  3.681514   68.377457
308  133.761902 -12.515437  115.001785  0.346646  1.138363       8.881113    973.983765 -185.368011  17.294994  3.717042   53.209209
309  131.039337 -28.438019  135.183197  0.349181  2.196698       7.977577   1568.072388 -172.411087  13.251005  3.965635   64.435707
310  137.458740 -17.782425  120.603455  0.334145  1.353682       8.496999   1895.070435 -247.894836  18.562775  3.907529   66.215263
311  131.271271 -14.594703  134.799072  0.343977  1.910319       5.477473   1149.061035 -124.960220  11.282105  2.165387   82.727173
312  117.593109 -20.763777  128.627228  0.323915  3.065297       6.136881   1561.499878 -233.765778  16.303007  3.706677   55.286484
313  132.191437  -6.031503  115.277794  0.326796  1.270435       8.503896   1255.501587 -197.878159  15.869846  3.657475   51.950916
314  135.416977 -11.442325  118.230736  0.348064  1.018611       7.313310   1221.121460 -141.953308  15.436063  3.484986   95.376404
315  130.773468 -23.828127  129.499802  0.347785  1.788908       7.453004   1735.222046 -131.693268  13.239635  3.827478   65.155197
316  116.531166 -13.816101  123.985184  0.347968  3.594708       6.849185   1136.538940 -184.520828   9.496089  3.307609   93.912193
317  133.875946  -8.111627  116.089714  0.329719  1.106034       8.366547   1353.081177 -187.643036  12.812075  3.492651   55.163410
318  133.237946 -13.534171  101.962875  0.348336  1.060728       6.852417   1788.634766 -234.028152  22.718679  3.965580   97.743881
319  132.127258 -16.088436  128.655762  0.339193  3.164619       9.861487    848.525757 -191.671555  11.021445  3.641307   89.121613
320  132.190506  -6.856773  134.802109  0.338776  1.480840      10.085647    751.265503 -170.787811  14.963132  3.990000   67.973549
321  133.778030 -13.237849  131.697601  0.346391  1.290500       8.612398   1145.945557 -152.959167  16.034637  3.615676   67.967957
322  127.360039 -16.162140  122.535011  0.334323  1.711240       9.152719    830.378662 -169.146896  14.292608  3.309193   64.977432
323  124.827103  -4.019044  134.432343  0.320541  1.252119       7.764870   1067.979736 -128.297745  14.578345  3.789015   95.938179
324  125.814484 -19.702946  132.873672  0.329347  2.223308       7.567538   1554.993652 -213.672897  15.023176  3.896388   60.461918
325  124.801361  -7.481400  123.875710  0.327659  1.614876       7.270770   1117.355225 -196.487320  13.078009  3.308822   80.722069
326  130.463699 -22.941381  134.670334  0.340956  2.349698       9.504086   1011.912231 -116.520180   8.301333  3.222098   62.381100
327  124.496254 -25.323704  127.615364  0.347954  3.388031       7.905898   1049.005005 -194.258224   9.012354  3.166893   92.635063
328  135.375397  -8.005811  124.199081  0.346259  1.455394       7.433537   1193.659546 -131.564285  11.953457  3.544576  121.195473
329  129.588760  -3.294008  132.309097  0.307653  1.274321       5.600970   1652.269165 -183.917419  13.844462  3.469813   60.836533
330  132.198502 -17.327789  131.116074  0.332370  2.003403       5.088726   1929.707153 -196.409943  14.556996  2.886818   62.359013
331  121.491798 -15.107377  114.238884  0.340768  2.776498       7.081048   1076.480469 -249.245392  10.806547  3.947622  107.680847
332  131.336868  -5.871044  133.947968  0.335015  1.274832       7.377038   1908.350708 -170.914474  14.255508  3.866811   68.769096
333  127.324341  -4.745432  123.722221  0.335789  1.665128       6.732097   1712.026367 -217.839691  11.300533  3.293168   54.877453
334  128.002487  -1.536481  140.523804  0.328970  1.013921       7.640123   1677.065186 -160.076569  12.174529  3.772057   57.419479
335  129.430786 -17.151592  134.190506  0.321522  1.939072       7.521144   1121.886353 -147.450623  13.999188  3.290997   78.350861
336  132.861221 -20.384415  121.159988  0.349429  1.450681       8.349352   1392.780396 -217.434631  17.201826  3.435030   61.224751
337  122.154335 -17.199961  132.117462  0.325094  3.303553       7.594836   1728.825317 -193.946671  11.790113  3.998658   50.792233
338  134.989716 -11.187366  119.059135  0.321986  1.037127       8.160458   1262.250610 -135.733719  13.423752  3.329477   55.970547
339  119.969482 -24.725885  123.031502  0.345784  2.800957       9.077417    899.382568 -195.454269  10.753757  3.622401   66.544586
340  118.834023 -25.294516  128.755630  0.335971  2.670366       6.590118   1534.962036 -191.427780  11.419499  3.928124   55.443241
341  123.574577 -26.537367  127.748077  0.348303  3.058132       6.549883   1662.431763 -210.165146  10.437089  3.413526   59.673248
342  133.623901 -12.634472  134.213776  0.343980  1.292055       8.678968    894.907227 -123.854553  13.240732  2.742742   61.722202
343  134.781387 -10.104331  123.343216  0.341956  1.070215       7.210299   1783.115356 -151.633301  15.247175  3.267809   69.192932
344  126.401299 -16.541567  139.228378  0.313965  2.838440       9.987084    752.695496 -148.903275  11.293943  3.567316   65.772865
345  127.956741  -8.313425  131.548782  0.343439  1.400810       7.048369   1698.606689 -192.298080  15.289905  3.634187   90.157982
346  134.995270 -18.016630  119.849182  0.332250  1.481618       8.302514   1106.132690 -218.241226  16.432547  3.925701   62.943146
347  134.282654  -6.095123  131.786301  0.342504  1.034290       8.784025   1161.716187 -106.481682  14.212904  3.460101   64.974068
348  129.717346 -13.416987  114.047783  0.342618  1.861986       6.988718   1390.017456 -144.183548  12.430156  3.056225   56.679756
349  119.709221 -14.711750  124.494934  0.340068  2.733541       6.259269   1340.706909 -194.240555   9.891731  3.298087   84.472229
350  131.135223 -25.714718  124.172432  0.338161  2.347603       6.707862   1762.386230 -216.349258  12.526692  3.566343   66.676727
351  124.603073 -12.635559  124.814888  0.347198  1.891650       8.702629    929.143616 -188.421768  14.720098  3.577426   82.099884
352  124.006454 -16.324894  129.962051  0.344833  2.330756       6.663405   1481.761963 -136.551544   8.893802  3.482369   89.171249
353  132.365540  -1.136230  117.676903  0.340133  1.014748       6.834426   1505.339966 -137.189285  14.251782  2.985610   60.082855
354  132.624222 -17.544106  132.944000  0.329714  1.719060       7.891750   1200.426880 -159.496277  13.038625  3.908635   72.370987
355  136.087585  -9.880410  134.799133  0.344816  1.087308       6.958047   1745.299072 -130.694504  12.877217  3.867668   89.561554
356  130.001053 -18.608900  123.656372  0.346372  1.810572      10.918786    705.744385 -220.234940  17.173374  3.847280   58.645390
357  135.750443 -25.605438  135.218842  0.347454  1.935613       9.521471    847.586243 -209.866058  15.210866  3.428279   63.606514
358  136.186722 -13.437995  121.948959  0.342046  1.149317      10.260670   1006.285950 -165.998047  16.015066  3.926522   64.502159
359  130.703384 -16.931925  111.175072  0.349823  1.081751       7.555229   1085.648804 -244.582092  21.323273  3.630446   89.006798
360  132.013412 -13.880325  128.198532  0.323124  1.457581       8.623518   1052.102295 -177.751724  14.336029  3.519945   65.444565
361  123.353485 -22.792265  131.147186  0.336457  3.065992       9.775944    858.110046 -247.718781  11.987208  3.833163   58.224819
362  136.533386  -9.912463  134.043610  0.335428  1.199172      10.060988    703.278320 -114.115173  13.304512  2.946856   70.671165
363  125.248222 -17.142080  122.714531  0.344337  2.046139       7.467852   1186.726685 -185.414078  13.202921  3.150989   61.257896
364  128.903839 -13.717376  114.849457  0.348936  1.521299       9.029183    920.561279 -151.123550  13.649582  3.713292   80.476875
365  116.470276 -24.870029  132.371124  0.320166  2.930398       8.410357    816.003113 -224.745438  11.811373  3.987680   55.228519
366  125.405350 -20.471767  115.155479  0.329459  2.153108       7.480128    973.245178 -211.799500  15.500826  2.768634   52.665924
367  120.873062 -18.484962  119.820534  0.348740  2.581889       8.432446   1014.464966 -190.239426  11.116989  3.190406   72.291664
368  120.880127 -15.783055  132.713760  0.330641  3.001202       9.569911    937.098022 -240.156097   8.969221  3.674323   65.436172
369  125.237503   9.521285  132.099365  0.325989  1.289166       8.737008   1035.357788 -171.281921  12.815297  3.094996   57.110283
370  122.864632 -16.285078  138.979065  0.342370  3.266032       5.894499   1772.473633 -232.857147  11.500035  3.566777  100.412827
371  136.976593 -13.873362  131.249557  0.324073  1.319358      10.309026    840.745544 -156.033371  15.215374  3.867276   57.174854
372  134.705917 -12.958379  110.928413  0.322406  1.158003       8.869448    920.019897 -156.541397  14.964148  3.707143   78.707718
373  121.886566  13.707265  129.183762  0.328465  1.069757       6.848917   1218.447510 -142.682098  10.770905  2.248353   66.082916
374  127.290833  -6.581344  122.667725  0.337881  1.499820       7.984942   1178.879028 -165.900894  16.111990  3.727302   58.816044
375  110.993813 -15.525119  125.650993  0.349980  3.316150       8.135122    883.288757 -206.335205  10.086286  3.418964   51.931355
376  134.714920  -6.367446  134.507828  0.348125  1.299842       9.143648   1100.901611 -119.531548  12.399016  3.694416   97.762207
377  123.661484 -19.493975  123.961075  0.325216  2.452657       8.835893   1063.189087 -193.277451  11.820316  3.704458   53.292080
378  129.078171 -10.623787  120.328766  0.348732  1.246540       7.576404    944.714233 -144.791046  15.854947  2.768034   75.787720
379  122.056030 -18.860147   99.516762  0.347121  2.137278       8.684131    825.561157 -164.361755  13.728451  3.683773   74.161087
380  125.967125 -21.689077  129.641220  0.348060  3.003139       8.961888    959.934265 -249.576126  14.495934  3.860255   76.059715
381  128.929199 -21.789392  123.085747  0.346205  2.183789       8.349043   1161.981934 -210.712326  14.546588  3.864342   64.075462
382  127.948387 -23.344297  131.087479  0.335195  1.815956       6.789347   1784.041016 -172.117599  15.710911  3.760661   62.650349
383  124.565826 -27.616411  133.781158  0.333626  3.170472       6.528605   1888.627319 -199.861740   9.294599  3.889064   59.482159
384  126.778534 -19.211588  129.296463  0.336780  2.734190       7.711730   1579.877075 -246.399796  12.915389  3.480521   64.542908
385  128.127014 -28.640808  130.844131  0.349984  2.784492       9.269814    822.118042 -188.458633  11.654144  3.005385   63.038898
386  125.910881   6.602973  126.739723  0.335027  1.031961       9.124413   1236.492310 -201.989487  15.541557  3.914137   62.319729
387  124.425690 -28.525925  136.343643  0.344011  2.791121       9.154952    897.046936 -197.342438  11.137443  3.735023   55.606678
388  126.148064 -25.278473  131.219177  0.347972  2.991886       7.302019   1409.088745 -224.345032  13.038992  3.542684   57.034286
389  123.181938 -11.532877  117.192230  0.339490  2.068005       7.597473   1235.025146 -173.016830  13.416151  3.799387   83.403580
390  130.884018  -5.950119  117.094177  0.339959  1.183452       8.046710    853.383789 -192.977463  14.731396  3.456971   83.128029
391  124.559021 -22.649443  129.939697  0.349740  2.440493       6.112413   1846.321167 -175.529892   9.879318  3.791640   80.747749
392  130.730072 -22.264498  129.270340  0.334975  1.931881       8.186640   1426.449341 -182.618515  15.129919  3.615757   57.433681
393  127.091133 -17.240013  120.441177  0.342905  2.024737       7.014012   1678.799561 -163.487442  13.519344  3.468445   90.530952
394  133.603714 -17.275101  124.856590  0.341275  1.550431       7.760565   1133.812012 -193.546219  17.932543  3.432013  100.424965
395  132.783646  -7.057499  124.196388  0.338868  1.022634       9.031566    852.507446 -128.765121  12.582921  3.459782   85.417053
396  127.884834 -13.533318  108.941429  0.330470  1.870587       8.200438    957.426514 -234.817474  14.399034  3.496777   55.282368
397  125.311035 -20.806913  130.227310  0.345504  2.604967       9.364479    990.323059 -232.897430  12.608849  3.975760   67.967049
398  131.894943  -9.663755  120.322556  0.338765  1.052942       9.664624    844.270386 -130.041489  15.162610  3.647767   71.943100
399  128.118851 -11.222048  140.303879  0.326879  1.735776       7.418973   1329.696167 -126.507355   8.784628  3.737270   98.888985
400  131.600174  -6.728551  131.543808  0.305066  1.305664       7.759120    905.913391 -132.498550  13.432330  2.638445   69.839348
401  133.147095 -25.073200  127.714600  0.336879  2.439417       9.615855   1197.785278 -237.962646  14.801067  3.742006   70.959709
402  123.190514 -24.390507  109.558037  0.349765  2.887849       7.565095   1174.261353 -242.963043  13.574931  3.061980   53.531891
403  122.867073 -13.050455  127.428024  0.341134  2.484496       8.707286    856.304443 -228.908432  16.214415  3.965878   92.415977
404  127.013557  -2.814901  122.227875  0.341548  1.675211       9.173658    918.103271 -231.846924  14.065641  3.335937   64.706619
405  127.667984 -16.512827  124.357964  0.328888  2.142626       7.794616   1074.122192 -157.822968  11.433302  3.240835   73.468643
406  125.608833   5.201655  115.970787  0.334793  1.469942       7.763195   1170.591431 -167.993607  12.528863  3.756204   54.494633
407  121.555756 -24.830997  134.722290  0.348997  2.879895       9.939503    787.310791 -196.421860  12.696449  3.866459   57.597801
408  128.546432  -4.923110  138.179291  0.347727  1.964648       9.084856   1008.682861 -188.001511  11.407684  3.921077  129.794830
409  122.731056 -27.735720  133.902588  0.344110  3.256785       5.387618   1755.893677 -230.177368   8.948702  3.337782   71.274635
410  129.588425  -3.695481  127.931503  0.339443  1.183068       8.934671    832.223572  -97.347771  11.119372  3.768341   68.137917
411  129.880615 -16.873428  115.484039  0.340095  1.685974       7.873285   1669.534058 -186.783310  14.649255  3.821446   62.967014
412  130.824265 -13.228727  125.160698  0.339313  1.396029       7.937258   1405.099854 -150.330353  11.712515  3.919926   76.472366
413  125.515167 -19.905600  124.668053  0.349678  2.362430       6.993698   1493.693481 -217.445801  16.145826  3.600710   66.193924
414  125.099953 -16.481783  119.414085  0.332773  2.162538       7.603913   1160.300415 -214.199783  14.984452  3.771766   61.371582
415  131.816330 -14.795242  121.202065  0.338205  1.699107       9.644006    705.930786 -171.530884  13.958516  3.896940   80.195198
416  125.478088  -2.008078  127.113510  0.331700  1.368162       9.162799    887.596497 -212.549606  18.995016  3.193316   60.010921
417  119.334709 -15.678848  134.428452  0.348768  2.529768       9.389184    901.983826 -181.440475  12.476915  3.347302   64.900917
418  126.804916 -20.577967  134.704193  0.337173  2.304578       8.010530   1098.779297 -227.342697  15.434822  3.797206   75.938675
419  133.568604 -12.022291  117.268219  0.345241  1.265750       5.458929   1892.469482 -128.914703  13.985086  3.640098   91.010330
420  132.941360 -10.466531  132.838516  0.320149  1.323218       5.206760   1466.597534  -97.683243  12.148318  2.778816   92.240051
421  132.980469 -21.711546  139.772141  0.332153  2.796633       8.151402   1482.322510 -226.361664  12.750236  3.972623   65.171577
422  121.934181 -21.452082  138.719254  0.337786  2.708435       8.610688    789.109131 -215.676437  15.054832  3.754019   86.078354
423  136.828400 -12.326443  118.988007  0.337942  1.177252      10.103214    741.454834 -145.191193  13.930437  3.281399   63.202995
424  125.486458 -27.782000  133.583817  0.339397  2.815695       6.552325   1698.456177 -238.335510  12.923787  3.439141   60.846882
425  132.463959 -10.931130  130.077591  0.334047  1.955707       6.809826   1250.450684 -148.478867  13.060087  3.461431  108.911072
426  127.197540  -0.243174  110.447861  0.330760  1.864367       9.258141    720.942566 -179.986923  12.396070  3.413307   58.255592
427  122.987282 -20.438393  112.061050  0.343153  1.913745       7.833050   1276.835693 -238.886414  21.710251  3.287264   58.279629
428  125.649353  -8.744368  120.246857  0.347432  1.801676       6.413799   1631.714966 -151.062775  14.439954  3.375747   88.367767
429  131.253067   3.926198  116.115974  0.346345  1.070199       9.326193    956.332397 -132.305038  14.613998  3.464556   71.018082
430  129.974030 -23.997595  136.942017  0.341148  2.663328       7.313476   1652.127075 -234.650574  13.173203  3.410811   76.543236
431  122.866669 -16.337097  127.003227  0.320499  2.571433       8.835415    710.746948 -218.264114  13.683559  3.667126   71.733871
432  127.583092  10.997798  126.003448  0.326761  1.174945       8.034727   1071.220581 -203.001312  13.347725  3.111000   90.151810
433  128.995773 -17.345291  120.597038  0.340183  1.829452       7.218480   1603.419189 -213.626038  17.615547  3.381566   52.827679
434  131.522202 -17.864944  120.158867  0.332812  1.545493       5.802605   1895.993652 -193.838089  16.025095  3.757142   79.610474
435  135.175903  -5.150729  131.207733  0.331534  1.133166       8.040767   1165.861694 -209.018845  17.840282  3.371634   86.634842
436  123.879028  -1.691390  123.170311  0.333968  1.747326       6.685483   1258.051025 -157.994064  12.107142  2.874655   65.846809
437  135.918655 -12.686404  136.932098  0.334715  1.387134       7.313932   1313.720703 -162.513138  15.783641  3.034742   66.744179
438  134.001801 -19.056484  112.564514  0.349184  1.282725       7.540100   1494.799805 -148.018311  15.079621  3.743119   78.339096
439  129.847244 -16.781851  122.598900  0.342352  1.583377       5.084212   1862.196655 -195.063248  17.614950  3.108030   92.220230
440  120.047989 -22.493553  128.664124  0.341282  2.691612       5.385933   1949.312256 -228.882828  13.959803  3.564855   61.373363
441  126.275970  -2.532998  132.105072  0.335067  1.710039       5.959246   1685.288574 -151.229431  11.828805  3.178841   60.445770
442  133.044754  -9.833028  140.131027  0.310453  1.250567       9.071545    741.460266 -111.807106   9.863014  2.681584   53.286236
443  131.772598  -3.865084  104.976830  0.315247  1.384528       6.863904   1490.127075 -171.377640  14.797189  3.405097   56.136818
444  137.452011 -12.762387  131.864502  0.344537  1.045636       7.982065   1456.819824 -194.521866  19.131329  3.771797   53.860073
445  138.022690 -21.250492  117.122948  0.321179  1.491008       7.626223   1452.561157 -159.157227  14.480823  3.184037   60.601265
446  141.465195 -13.997556  133.155945  0.349122  1.210462       8.620688   1331.833252 -178.466202  16.442678  3.551361   82.139778
447  133.364990  -7.318479  134.367889  0.339393  1.136966       7.780904   1433.405273 -150.741394  14.764006  3.752946   74.003197
448  128.889542 -22.345564  130.172760  0.330959  2.745257      10.195638    816.781128 -247.286453  12.026745  3.875505   50.913345
449  136.050735 -14.942931  125.026749  0.344054  1.234023       8.649716    977.765137 -132.872955  13.670865  3.563059  109.205200
450  122.969200 -19.872244  131.311172  0.345238  2.338515       5.986205   1531.019531 -110.981415  11.390726  3.029193   63.753307
451  125.949791 -23.414053  129.197159  0.347101  2.646741       7.189548   1528.283691 -221.316010  13.586797  3.641848   58.868065
452  123.270706  -9.837119  129.583267  0.311184  2.855618       7.585244    925.214966 -170.817062  10.512890  2.950097   76.417610
453  137.868423 -14.150723  128.998276  0.340031  1.270352       8.062661    904.084045 -144.218658  11.714853  2.346504   61.687588
454  127.624176 -25.909229  140.170868  0.349501  3.217024       6.769274   1462.026733 -224.361099  12.163965  3.481206   80.444397
455  133.666885 -18.755566  114.461906  0.336770  1.254290       7.423999   1678.878784 -149.610519  12.603621  3.620750   54.928703
456  138.870880 -20.913876  131.070389  0.347136  1.157769       9.031912   1414.041382 -207.901413  14.464923  3.450613   60.383755
457  127.358475   0.459606  118.827187  0.343881  1.141463       7.787220   1015.692627 -157.503540  12.332651  3.354182   91.744141
458  137.249176 -22.645966  141.316345  0.322327  1.830613      10.445962    796.182251 -164.126389  11.677835  3.771246   55.363880
459  126.255646   5.523153  131.167816  0.341609  1.155552       5.943702   1889.402588 -122.195435  12.177696  3.691206   78.074661
460  127.068710 -17.744730  130.230133  0.337323  1.950332       7.431466   1427.008789 -178.909470  14.159831  3.639570   65.056572
461  131.328201 -17.413382  132.969116  0.332690  2.200619       7.976157   1068.210205 -146.279419  11.160642  2.901134   60.865322
462  113.822975 -15.079166  123.075150  0.337814  2.921760       6.660295   1196.349365 -163.589737  10.289748  3.474621   64.118790
463  124.838478  -5.522365  111.578270  0.340669  1.802371       8.221157   1291.699585 -210.621170  13.890038  3.892653   61.109676
464  134.751678 -13.721301  128.432098  0.311574  1.120691       6.534694   1804.204956 -130.738434  15.312949  3.560791   60.074978
465  134.316223 -18.654423  123.456352  0.332795  1.602535       7.210667   1462.549561 -222.414581  17.406202  3.206691   66.900421
466  127.735573 -17.741468  120.139130  0.344135  1.969337       7.188999   1777.593872 -188.832413  12.925211  3.766075   50.237358
467  135.970123 -22.291700  134.195908  0.327972  1.885925       9.615490   1151.393188 -187.906097  13.575358  3.803685   55.538197
468  140.846603 -20.108099  138.773804  0.347957  1.274438       7.256313   1084.013184  -57.590446   9.856250  2.316258   75.459259
469  135.155594 -17.582918  113.448395  0.339159  1.314810       8.343319   1192.604126 -228.159775  17.428785  3.723760   70.890419
470  130.829178 -23.560369  118.198738  0.341890  1.712130      10.266160    732.073486 -170.128311  14.185884  3.464334   68.395370
471  134.365540 -12.186575  126.297157  0.340286  1.512662       7.035850   1473.119141 -171.741684  14.375957  3.847136  102.738945
472  128.397064 -14.353522  121.262802  0.347594  2.131178       5.735905   1507.066772 -225.643402  14.514183  2.692773   55.406185
473  125.762543 -10.954995  121.391083  0.335815  2.165768       6.870088   1506.276123 -224.603455  12.424200  3.857672   98.890602
474  120.985504 -15.029132  128.045959  0.318486  3.127910       6.342677   1924.705688 -249.156143  15.231331  3.693951   66.398911
475  116.038345 -30.378983  133.341553  0.345482  3.556691       5.127104   1812.373535 -205.055740  10.881957  3.768209   58.854591
476  133.160568 -10.679482  126.400681  0.349923  1.082671       8.124942    901.981445 -136.489319  17.893280  2.457076   66.817627
477  142.179916 -22.857061  129.087784  0.346932  1.242500       7.654145   1668.671997 -166.064667  20.262129  3.075326   54.987228
478  128.418915 -13.002313  131.835602  0.345661  1.503389       6.660972   1006.977539 -105.478088  11.924900  2.606780   82.758995
479  123.405754 -24.897667  133.273682  0.330477  2.716930       6.044928   1771.447266 -245.406219  16.126751  3.643057   64.861969
480  131.634781 -23.148771  131.414703  0.346361  2.138853       7.471683    991.387451 -209.750809  16.324873  2.805205   71.634811
481  137.045731 -21.392025  128.315613  0.349470  1.575989       9.087368   1014.359436 -149.360596  11.092939  2.773773   67.808937
482  126.582970 -28.974804  136.517685  0.348470  2.887762       7.117073   1214.909790 -191.824692   8.736003  3.458943   69.086746
483  129.070602 -22.106121  122.417175  0.349649  2.402154       6.373297   1951.351196 -202.633896  12.294295  3.949713   63.504379
484  129.435226  -7.729708  106.335289  0.329423  1.269869       9.098462    986.413025 -174.932556  16.136166  3.473936   57.077278
485  131.372040  -9.823303  135.854126  0.339703  1.229434       6.915585   1236.198975 -118.365143  12.222826  3.617579  116.486328
486  134.464935 -15.381420  131.463928  0.342483  1.388228       9.395177    771.478088 -148.200455  14.975472  3.501077   67.759453
487  124.531853 -16.429388  125.197266  0.333079  1.975201       7.461246   1356.213501 -156.497208  13.757534  3.370227   59.402668
488  132.037918 -22.757568  131.980499  0.343208  2.229465       9.316758   1078.343506 -209.369095  11.429033  3.968797   74.147522
489  125.651016   3.285110  123.020134  0.342636  1.470518       5.914952   1808.800171 -165.838242  12.771831  2.905704   52.544945
490  125.406509 -18.414730  138.508545  0.349529  2.415984       6.564480   1850.992554 -234.947800  14.535161  3.640614   69.040985
491  130.155533  -5.090159  107.153023  0.329377  1.204492       6.856783   1432.824219 -139.091064  16.950066  3.680675   65.568039
492  127.948090 -15.321624  128.335480  0.348498  2.256912       5.436490   1923.633545 -198.417892  11.601698  3.532434   88.860138
493  127.283234 -12.372347   95.615822  0.343515  1.419410       7.918530   1248.205078 -204.560211  16.332111  3.881395   57.304386
494  136.060806 -14.829568  128.087128  0.333640  1.091677       7.911124   1008.814941 -176.742477  17.417227  2.941503   58.224430
495  134.084412 -17.588518  121.472435  0.330568  1.702611       5.973767   1740.495605 -207.958649  14.700422  3.158603   69.979408
496  125.373604  -7.654905  122.488831  0.327321  1.390131       5.329974   1958.230713 -149.509766  14.352097  3.436876   57.865849
497  131.230453 -12.880823  126.842674  0.325468  1.452210       5.815329   1637.708496 -183.040176  16.624470  3.654375   85.342522
498  134.945206 -15.717302  127.404106  0.336834  1.259005       8.988055   1157.205200 -228.211929  17.380802  3.527244   66.203979
499  130.862717  -9.167090  105.230446  0.326371  1.407005       7.566354   1236.274292 -146.241089  10.363159  3.829127   55.993526
500  135.584381 -13.273610  129.454651  0.347735  1.267509       7.405016   1090.019531 -172.634003  15.748535  2.970712   74.272179
501  136.878937  -9.960726  129.778809  0.347786  1.070374       7.194413   1804.805298 -210.581253  18.982584  3.284514   93.238678
502  130.521271 -24.697210  132.943390  0.338431  2.193039       9.003715    999.756104 -196.819977  14.325543  3.951041   71.888298
503  122.328545 -23.538763  131.383560  0.345658  2.854576       9.118028    855.885864 -189.601013  13.013633  3.746202   74.884506
504  125.684807 -26.709051  142.063324  0.341926  3.320626       8.089719   1390.766235 -216.013000  14.392827  3.771369   63.900688
505  129.382416 -17.609076  128.047348  0.334224  1.817747       6.384171   1279.276367 -178.860931  16.035076  2.931573   67.701782
506  123.289856 -28.306307  133.301712  0.343781  3.336058       8.948396    761.723633 -209.184967  10.094369  3.530377   74.372543
507  131.115662 -21.405449  127.429909  0.339034  2.168079       7.422828   1693.265137 -236.500931  16.530045  3.470920   60.091908
508  134.533417 -22.369469  116.047226  0.345127  1.271069       9.521425   1194.379517 -237.246353  21.550903  3.822984   51.546093
509  116.516556 -14.267869  128.978043  0.336845  2.683942       7.306341   1115.371582 -237.495224  14.012228  3.656092   84.177620
510  123.290947 -15.031331  134.361526  0.343790  2.684674       7.316735   1221.377197 -164.842834  10.691674  2.836712   73.149300
511  124.101852 -15.103665  125.129791  0.344266  2.609601       8.802272   1017.816040 -185.721039  10.128922  3.703368   98.953827