           lon        lat         inc      D1AU     delta  launch radius  launch speed    t factor       B1AU     gamma         vsw
0   -19.881271 -28.274326  110.974266  0.243325  3.864985       9.385501    816.679138  239.927979  16.477192  1.922773  430.739838
1   -10.511252 -17.637648  116.785652  0.213983  2.191554      22.345293    628.893921  190.088913  23.086649  0.749743  399.046814
2   -13.045987  -8.414602  113.149094  0.233021  1.730318      26.330299    785.475281  217.377625  22.750521  0.745970  373.477112
3    -2.168710 -22.635113  129.656860  0.199536  2.465449      13.204865    647.922791  205.835587  19.152086  0.216158  313.226532
4    -7.251432 -22.850937  116.817551  0.216962  2.121332      17.025009    858.837280  222.604568  25.327835  1.520705  431.127655
5    -0.869306 -32.864841  106.761185  0.169667  2.872850      19.866714    834.665039  220.665604  15.919165  0.611765  389.532684
6   -10.570875 -29.616798  111.073181  0.203324  3.342099      27.557051    844.596802  191.619064  18.001232  1.263412  389.281952
7     3.949011 -30.270355  124.550072  0.189777  2.113914      29.625412    599.967163  205.849396  20.062227  1.734176  442.538849
8   -24.137981 -14.723240  107.484184  0.278487  2.912447      15.691451    942.273132  191.706268  23.695442  1.220764  401.114960
9   -21.220699 -28.764208  100.639023  0.270341  3.163547      10.588783    945.501465  176.293427  15.640094  1.533412  438.752045
10  -11.360091 -23.424225  125.294312  0.265641  2.376540      19.052153    516.016113  218.642609  25.570335  1.181447  449.169159
11   -6.663576 -16.959751  111.059326  0.200344  1.765343      14.716351    838.053528  166.801285  23.994461  1.976837  442.351044
12    3.256402 -21.036951  126.416809  0.199748  1.243221      21.784552    797.852478  227.881805  23.395390  1.549609  416.180695
13   -8.182265 -29.639359  118.185310  0.239372  3.022878      13.105206    742.923279  187.433304  19.299019  0.571218  383.228790
14  -14.637776 -16.086092  115.766251  0.266749  2.143565      27.320295    957.767822  195.473709  25.187201  1.470047  391.020081
15   -2.425255 -24.019354  132.331177  0.253757  2.076072      12.036559    785.098572  239.615433  23.506697  1.233169  430.829895
16   17.760679 -31.120884  132.818939  0.122721  1.570405      12.763092    840.612793  230.242584  17.903624  0.356373  380.024170
17  -12.925242 -17.825359  121.712837  0.240463  2.326880      14.165460    996.788147  220.948257  19.947369  0.791277  378.909180
18    1.873581 -16.638292  136.379013  0.211140  1.157262      24.996309    869.109741  245.366882  29.897514  1.248756  385.139130
19   -9.348360 -27.307644  113.686478  0.224955  2.692818      21.803528    842.666748  224.745453  22.045080  1.432229  417.676392
20  -20.164207 -19.302744  107.330170  0.292091  2.483480      16.213404    759.328552  218.556702  19.107204  1.322656  431.493347
21   -3.856759 -22.043833  121.043343  0.190613  2.240665      27.831068    867.951538  248.258102  24.277729  1.660393  398.269012
22  -20.498659 -29.170366  109.469788  0.266478  3.448455      20.165133    741.901306  212.297409  18.435492  1.210082  396.646912
23    6.122365 -38.004532  126.574280  0.208774  2.837360      18.929560    942.211182  184.655502  20.635296  0.835468  435.340149
24  -15.665343 -25.632137  114.314880  0.277819  2.805185      11.076354    934.800537  220.259842  18.670618  0.877273  387.773163
25   -3.994998 -26.761833  116.548645  0.224392  2.164833      15.384472    589.707764  216.182892  18.455896  0.735516  433.545746
26  -22.495928 -26.133476  119.627419  0.332676  2.844499      12.303825    796.714355  186.284286  18.795490  0.902721  393.244812
27  -18.574411 -23.156239  100.260216  0.247207  2.963386      15.952830    600.324219  167.260010  18.455908  1.465090  444.305084
28  -11.491659 -24.965124  133.420654  0.270848  2.605557      22.069838    591.339050  235.474442  19.840631  1.676837  425.553497
29  -19.268812  -3.823097  111.787613  0.331003  1.576296      11.907686    815.362671  181.827377  30.351622  0.536218  410.499481
30   -4.299224  -9.822312  126.287926  0.181227  1.258330      10.748344    846.381897  241.355103  27.099031  1.347358  420.264191
31    0.034691 -24.250488  127.432037  0.209661  2.310105       8.307985    889.948853  207.221146  22.418093  0.816902  399.892853
32  -27.803583 -18.225727  102.706352  0.299110  3.275820      11.708262    681.003418  229.988022  21.699646  1.322594  415.987305
33   -3.292817 -23.166225  115.032112  0.181441  2.271114      17.371031    683.401367  218.215240  19.411440  1.359767  428.628296
34  -24.820841 -26.625544  100.703171  0.253990  3.820688      27.757498    712.065430  208.452866  19.769917  1.230944  376.833344
35    3.740912 -28.245020  123.421928  0.166256  2.133363      19.336740    675.959229  237.779556  24.589569  1.079543  435.938995
36  -26.209393 -17.982498  100.416054  0.253478  3.672737      21.844463    674.018921  230.767838  17.562973  1.251668  386.370300
37   -8.993552 -26.248476  118.867584  0.214576  2.741238      16.228197    829.642944  226.386978  23.711863  0.672371  379.512085
38  -13.167116 -23.764484  120.787918  0.223095  3.205535      14.019312    575.312012  247.056137  23.217392  1.212450  427.491669
39    8.063256 -33.848457  126.661499  0.189552  2.457739      18.253281    606.233582  188.628784  16.980253  0.429752  435.665710
40   -6.926761 -30.486855  121.551018  0.265051  2.546906      13.799730    756.258667  189.950729  23.955826  1.079980  431.094299
41    1.037597 -30.733326  111.542999  0.136519  2.935458       8.541074    704.585938  242.762619  18.681305  0.453707  412.687592
42  -24.778976 -10.539904  102.788139  0.289954  2.717606      15.410072    773.633240  148.932526  19.143150  1.659437  432.024841
43    0.501911 -25.617765  112.577057  0.136322  2.034250      19.948830    563.392456  232.568024  21.627859  0.660762  426.923615
44   -6.987987 -28.365700  115.118881  0.226318  2.723564      17.296959    722.787964  200.536942  21.232143  0.730292  398.348877
45  -20.732893 -27.438753  123.173454  0.307066  3.217691      19.494829    593.424255  232.578156  18.515142  1.748019  410.578888
46  -21.261869 -16.893217  120.021645  0.329887  2.301127      12.815687    927.956116  185.921616  23.749743  1.615130  432.486969
47  -12.301970 -23.986122  115.597229  0.228066  2.744958      15.509660    646.555969  242.112549  24.136456  1.222857  429.856903
48  -20.723845 -18.281401  112.100563  0.291718  2.519444      24.047548    975.421448  171.196777  23.576876  1.365713  396.553467
49   -7.957679 -33.259987  126.620941  0.253640  3.158947      25.835629    536.042053  209.345825  20.061726  1.413023  430.911591
50   -2.824494 -21.622805  127.190094  0.185077  2.353186      27.935619    683.271545  215.904099  22.197027  1.970463  407.689545
51    1.608299 -16.533674  136.596390  0.210838  1.234320      28.548376    495.403595  207.750626  26.019487  1.631149  426.678192
52   -8.288376 -33.392296  113.091225  0.211950  3.081645      12.073060    832.603943  202.320068  21.568487  0.970440  437.033783
53   -5.972881 -17.419189  111.916183  0.188529  1.766812      24.057707    584.456421  239.222427  22.474449  0.972358  409.559448
54  -16.862547 -19.469576  115.245827  0.253760  2.909268      18.695324    475.965393  213.369583  23.750778  0.555679  443.421295
55  -14.752069 -30.459435  104.300072  0.289497  2.430135      27.048742    613.429321  127.698982  18.072569  1.464020  445.828613
56  -11.111141 -19.648808  113.915016  0.247777  2.163140      13.955454    623.689026  242.147263  22.986088  0.896774  429.485138
57  -16.292429 -25.721670  131.207458  0.296827  2.630554      28.397306    539.917664  229.271225  24.651190  1.517996  416.729950
58  -11.191301 -19.322412  111.135284  0.234780  2.245970      29.912312    531.082458  195.408035  22.292582  1.066524  408.762329
59  -17.935585 -33.690804   98.521194  0.254287  3.245073      26.557371    660.859131  156.304810  18.002153  0.969078  418.537323
60    0.159048 -23.836626  125.430817  0.192116  1.904249      13.369939    989.846924  246.493851  23.516605  0.651066  373.030975
61  -24.881916 -16.728971  114.491524  0.328919  2.531754       9.964128    793.757812  160.100967  24.200579  0.949566  421.185425
62  -27.416967 -21.665073   90.702675  0.280721  3.401544      15.176533    710.450806  180.456009  14.768913  0.596477  367.970367
63  -15.241796 -19.859154  108.829849  0.261146  2.476833       9.541751    814.384399  212.240234  21.636192  0.465096  357.139435
64   -3.085410 -31.440742  110.151863  0.175657  2.689140      29.976330    799.302368  230.321533  16.816055  0.759034  380.395172
65  -20.734144 -10.726748  118.046272  0.310897  1.982120      11.925752    689.514893  222.452271  28.097097  0.448226  402.624603
66   -6.782442 -13.578021  104.878708  0.182348  1.575972      15.344971    754.480164  210.039032  24.668627  1.880182  442.553192
67  -22.121475 -22.049599  126.270508  0.322560  2.690438      15.785758    586.060120  243.825348  23.991877  1.192169  425.518311
68    1.621481 -26.623299  111.816086  0.130811  2.580714      29.459776    599.865967  228.345459  16.752810  1.294942  408.807251
69  -16.385147 -26.895542  117.554047  0.274380  3.093272      13.645402    497.388184  150.776413  18.509089  0.240744  425.394653
70  -27.878632 -21.959883  109.089760  0.275636  3.853309       9.708307    518.141846  244.002762  17.181780  1.662697  430.145294
71  -10.553274 -28.551889  119.241570  0.273513  2.595479       8.362230    848.872070  208.358307  20.331106  1.243173  438.691650
72  -21.623493 -22.720379  107.113846  0.269302  3.118069      20.403419    713.502686  210.984207  21.398783  1.111716  394.614685
73   -6.825675 -15.533717  121.693573  0.220928  1.856614      17.297155    757.916138  247.246674  22.761150  1.333073  411.412354
74   -7.094014 -16.961428  119.359558  0.202058  2.056102       9.669326    780.306458  188.752304  21.839361  1.257008  429.837280
75    0.767835 -22.127605  128.653656  0.170149  2.251091      26.944525    490.169159  249.913635  19.482176  1.899806  440.298553
76   -3.642191 -31.429169  120.169373  0.184881  3.463172      28.032654    678.483398  147.852493  15.203529  0.259004  290.246490
77   -6.319061 -44.906841  100.244980  0.180418  3.765936      21.035629    924.907227  217.061707  16.408476  0.476239  431.304108
78  -25.434473 -31.152847  116.189850  0.311116  3.833764      26.924362    426.456238  195.537369  17.581345  1.092787  404.037476
79   -5.691800 -32.126911  113.197807  0.199154  2.904246      14.975165    732.607666  186.057190  15.847144  0.396876  379.591583
80    3.338859 -35.774776  122.380386  0.181110  2.958210      20.663574    967.665344  223.405350  20.437571  0.612059  385.814606
81   -1.935863 -18.021616  121.185883  0.176370  1.652989      15.453534    552.341797  230.111221  22.602386  0.483189  409.196777
82  -19.763889 -24.176363  119.476326  0.281870  3.066580      17.109608    681.148071  219.731537  20.011045  1.367460  410.181061
83  -26.350760 -29.216988  109.674835  0.317355  3.467067      13.574080    525.788208  178.273956  18.941807  1.335641  433.080750
84  -11.616105 -26.431513  121.572083  0.273256  2.571180      17.881227    785.503418  188.955353  21.317184  0.938295  394.381683
85  -19.837442 -20.237913  102.140381  0.236644  3.080015      21.932589    969.410156  200.794815  21.795311  1.436081  395.044922
86   -6.067466 -28.026642  130.070251  0.290990  2.111517      22.106739    841.359009  193.744446  24.532305  0.923285  401.805145
87    1.937225 -28.768299  116.332840  0.139532  2.420445      26.567648    781.920410  230.464218  20.602739  1.260453  412.508789
88  -15.272059 -25.983149  104.771553  0.275567  2.382649      10.721436    828.425842  118.688423  19.983049  1.264105  447.240417
89  -32.546730 -16.865135  110.272491  0.345558  3.174654      11.950768    562.147339  196.757492  20.784998  1.676346  434.349152
90    3.480764 -23.563148  125.699356  0.169440  2.095859       9.103246    656.671753  221.855972  19.684624  0.843009  433.892731
91  -12.369004 -29.123768  116.961700  0.249951  2.797716      26.389423    715.040710  148.912445  17.174658  1.710200  424.676056
92  -20.014559  -4.329285  122.277916  0.314227  1.499697      25.839428    944.476257  201.119217  30.514801  0.925332  416.633606
93   -8.013752 -33.935303  123.137550  0.263271  2.888561      29.606358    996.612244  221.504807  20.901115  1.614864  402.514709
94  -18.972139 -15.647261  108.749825  0.313866  2.061452      10.790997    715.510193  149.541321  21.706509  0.612463  411.570068
95   -0.760422 -21.997435  109.553825  0.175040  1.320020      19.696867    815.752686  161.066666  22.212019  1.547758  425.926086
96    1.542338 -26.775644  109.923943  0.100757  2.546115      28.677773    653.104919  213.836929  21.774958  1.672045  415.891571
97    2.923424 -21.633535  138.498154  0.201706  2.051861      12.853286    728.289246  243.794281  23.074484  1.227676  425.122955
98  -22.511248 -23.062559  112.612938  0.277975  3.245008      22.094990    960.421265  148.727066  18.101191  0.375064  258.631714
99    0.998130 -25.041536  126.665581  0.228657  1.623258      23.545933    570.757629  127.869087  18.670414  0.313028  381.214966
100 -18.216455 -24.205341  112.895020  0.231637  3.549328       8.088273    623.017212  178.553116  20.367970  0.728661  407.846100
101 -10.868056 -14.131790  127.760612  0.278265  1.630714      13.105640    869.880554  206.660675  26.803751  1.665671  441.079926
102 -12.960091 -20.782000  102.618607  0.209112  2.561214      28.934557    599.129700  245.705536  23.443430  1.450217  414.721558
103 -10.631684 -32.182457  121.611519  0.222166  3.536617      20.162851    959.398132  211.428375  19.416039  0.865119  371.893616
104  -2.403840 -15.998246  121.405861  0.181619  1.346191      12.333603    620.954102  247.012405  26.145525  0.623699  415.494934
105   9.907137 -26.777546  129.392166  0.173859  1.578019      11.596269    991.819580  238.768951  20.160959  0.880530  409.608551
106  -5.355590 -35.455441  119.845352  0.238064  3.069411      29.185667    517.763062  195.187027  15.867085  1.303925  449.069458
107  -6.261566 -10.261748  120.210205  0.223720  1.121810      21.588993    915.799561  213.476379  26.722788  1.146298  397.056946
108 -15.194195 -26.056128  112.124092  0.205906  3.911368      16.653109    748.372314  230.417892  17.046162  1.472803  407.707947
109 -10.993483 -24.104364  118.919907  0.245734  2.462510      19.511150    812.444580  198.848694  22.579708  0.535207  353.563141
110 -17.514139 -26.551647  123.085220  0.285350  3.052264      26.009813    452.690491  171.946228  20.411083  0.418164  426.291931
111 -26.324335 -27.990433  119.725937  0.323570  3.587726      15.154579    626.995239  202.964325  18.774813  1.445306  389.676788
112 -18.080807 -23.897858  114.154892  0.274784  2.875365      22.190382    959.388672  243.245941  23.709024  1.395708  388.138916
113 -17.970461 -21.935665  110.726616  0.233923  3.253997      16.145922    601.975769  241.480103  17.864798  1.670871  432.683807
114  -8.547464  -6.744455  127.198280  0.221484  1.100141      18.062462    765.453613  176.696564  23.353220  1.607344  430.824188
115 -18.408972 -31.132603  116.732170  0.268027  3.708452      27.570065    715.023499  237.774460  18.594231  1.064751  361.987030
116 -11.588715 -19.836334  127.307617  0.272292  2.240590      20.307575    745.221802  220.428894  23.264450  1.471359  409.387665
117 -18.672216 -23.041203  106.698898  0.217602  3.600211      23.914349    565.453674  209.808884  19.693331  0.768780  385.604187
118  -8.809963 -34.428955  101.833954  0.176259  3.300918      16.366098    995.278564  228.052597  16.701647  0.892792  422.269684
119  -7.870360 -31.636391  131.603546  0.277585  3.048869      14.259872    772.574646  185.809708  21.661377  1.473596  421.055664
120 -19.574945 -20.084242  116.731850  0.304692  2.452985      26.916824    643.118164  137.660553  18.773359  0.956351  391.987610
121 -20.415672 -30.443069  112.732048  0.284987  3.442702      16.613813    921.792786  245.365860  18.838518  1.409012  400.086761
122 -12.785648 -10.395645  120.003716  0.219985  2.200343      25.619490    520.785828  239.556274  23.169319  0.795744  398.837402
123  -4.275576 -15.279827  125.233437  0.214077  1.401417      27.625874    596.473206  143.560211  21.060186  1.034218  402.777649
124   1.372332 -32.322353  112.823074  0.148381  2.315662      13.477510    917.411804  234.771042  20.706314  0.852874  430.449127
125 -11.025060 -29.024555  115.382202  0.223819  3.153441      21.753046    606.699707  210.553345  18.282148  1.689162  430.226471
126  -3.351329 -26.262140  117.455452  0.178098  2.650545      16.396585    672.243164  229.715332  21.692858  0.426716  370.767792
127  -7.756016 -29.548220   96.228081  0.145871  2.925400      18.386324    722.034119  243.415726  17.285389  1.078064  435.860840
128  -6.724166 -19.480221  107.665268  0.170122  2.329836      17.114777    922.653564  234.028000  22.439623  1.181199  400.266785
129  -7.742701 -18.055342  116.845451  0.234738  1.691439      29.471827    932.627136  128.355911  19.873859  1.813614  405.922119
130 -28.210054 -27.193586  106.535835  0.290004  3.992615       9.893894    577.960571  202.213638  13.507764  1.157539  408.061401
131 -13.083087 -28.596485  118.778831  0.296033  2.570894      27.172915    571.417053  161.788742  23.390999  1.388592  419.775055
132 -17.748425 -25.538061  114.175209  0.228645  3.797517      22.768784    573.775818  220.474960  16.888891  1.027841  385.329041
133 -10.118940 -10.523129  119.256241  0.251362  1.410360      19.112106    978.865906  235.300400  27.773880  1.223889  406.505890
134  -5.322271 -28.319462  110.854095  0.169168  2.787778      18.211563    820.505737  229.475266  19.573174  0.490124  358.300812
135   1.227936 -29.688210  128.064575  0.227700  2.401247      21.925966    656.760620  184.889664  19.009533  1.552370  442.104980
136 -15.498080 -24.979012  119.790657  0.255495  3.033689       9.863109    614.908142  248.490067  20.245882  0.228498  333.454498
137  -7.099160 -24.237156  117.604172  0.242109  2.194054       9.383362    994.437988  190.286728  22.997295  1.551781  439.518829
138 -12.416151 -26.180023  105.979988  0.198131  3.058155      15.424456    671.606934  202.584610  19.539297  1.387174  441.415894
139   7.680478 -29.580883  116.011055  0.141348  1.313789      23.548491    542.974854  194.869385  21.872894  0.517305  428.520264
140  -5.161013 -28.517834  131.879822  0.256360  2.626877      26.461805    669.584412  189.363358  19.780069  1.171884  398.724518
141 -12.630632 -23.746376  125.255951  0.263207  2.553225      29.977428    654.092285  217.441711  23.579365  0.964142  376.893036
142  -0.688688 -36.789715  123.980499  0.236215  2.867346      29.878641    890.031677  156.318192  17.653395  0.670426  375.484741
143  14.036810 -30.040649  129.289139  0.160507  1.613327      25.561758    722.112793  231.519989  19.122948  1.535206  446.440369
144 -22.021425 -32.678425   87.736488  0.210397  3.850343      26.852264    991.773987  177.790283  14.980540  1.879884  434.994537
145 -10.594359 -26.011286   96.819298  0.144065  3.510592      18.217777    810.142822  227.449280  15.292162  1.520831  426.734131
146 -13.044065 -17.133543  114.317757  0.280688  1.940135      17.962343    590.329346  189.695328  17.836258  0.551662  408.691071
147 -32.273849 -33.070923   99.267029  0.342725  3.793953      22.455017    589.673035  153.600113  13.798098  1.704103  406.110382
148 -15.796780 -28.407541  115.475311  0.299230  2.757949      12.159853    740.513855  131.952972  18.485716  1.833708  442.370331
149 -20.748299 -26.802387  108.320076  0.269391  3.219090      26.820211    624.663391  181.079880  17.060732  0.988152  389.107544
150  -5.493913 -19.347876  118.179237  0.215773  1.802779      19.201509    655.659363  155.216675  22.199690  1.464142  433.438141
151 -11.862368 -27.881796  108.014267  0.236987  2.731954      18.767426    615.526123  181.246964  17.862823  0.546796  401.874390
152  -4.129862 -21.571028  124.822487  0.250089  1.721681      26.544922    560.506714  207.209625  24.766764  0.535645  389.559540
153 -15.908614 -20.155691  117.330849  0.282872  2.377815      28.365499    474.123810  166.142929  20.678652  0.785323  430.346832
154 -17.400583 -32.199436   99.840927  0.206654  3.979068      11.973632    891.363892  240.092743  17.521423  1.612601  444.117371
155  -4.424943 -27.078865  110.972458  0.186129  2.587121      13.117268    589.108459  196.445786  20.672646  0.222918  371.214325
156 -16.502048 -22.985659  101.314812  0.215892  3.174483      26.431269    703.813904  238.242798  22.408073  1.185848  390.794678
157 -14.384282 -29.937574  119.243103  0.274895  3.005737      17.646919    625.373718  239.211166  20.969975  1.600747  431.204285
158 -21.484064 -28.800140  120.246635  0.305071  3.408559      24.057701    778.989014  199.673981  17.382408  1.791995  381.125305
159 -14.574208 -24.755644  120.509209  0.266161  2.742711      18.547071    582.184998  232.608063  25.571402  1.658430  438.366821
160  -2.465667 -29.868481  124.606880  0.230459  2.466813      20.899811    781.396484  233.706909  20.734163  1.791571  442.285248
161  -8.459789 -13.334792  133.386200  0.244551  1.492999      18.902386    606.951843  182.850937  22.942440  1.893165  445.588806
162   6.509890 -28.588610  133.225311  0.202083  2.099639      26.445852    597.230469  169.661682  17.267426  1.632863  441.228302
163 -11.881228 -31.069670  111.500671  0.251468  2.949104      16.324783    769.293335  132.229614  18.366545  1.381909  434.537384
164  -5.887363 -18.966101  117.879921  0.217480  1.722420      26.482508    699.464661  166.780701  25.546066  1.819511  419.978851
165  -1.076805 -21.698236  131.669617  0.246740  1.708076      25.025106    489.782318  185.885208  24.549002  0.776640  438.020050
166 -22.040491 -17.916128  108.613495  0.284360  2.772430       9.382285    661.599243  190.969330  20.313663  0.780234  419.071930
167  -4.267436 -41.170288  117.876396  0.254833  3.322726      28.906836    663.435669  182.466354  19.051569  1.146589  446.717651
168   2.761395 -21.042578  119.577042  0.156249  1.393921      12.883579    832.847717  243.076172  22.187862  0.707439  386.813232
169  -0.432062 -31.708275  108.545982  0.159204  2.444512       9.600565    832.649841  234.690933  23.013723  0.861935  440.000793
170   2.619964 -24.283960  122.938721  0.197476  1.449237      24.868248    838.491150  156.341125  20.280519  0.970122  395.311981
171 -13.813154 -17.945116  121.208160  0.275944  1.997214      25.014725    848.275635  207.197769  26.428144  0.828635  382.131836
172 -11.751257 -15.766611  118.430344  0.206699  2.452042      17.693161    982.746826  244.514053  22.996441  1.885510  415.713470
173  -6.251710 -32.240818  135.002197  0.267335  2.938326      20.760906    583.102661  232.446564  23.445065  0.725199  406.310669
174 -24.015053 -31.442017   89.327240  0.266403  3.244807      21.915831    614.641541   90.022598  15.953954  0.554384  422.001495
175 -17.249838 -21.386171  126.177200  0.278780  2.707416      19.387955    660.894165  227.844604  20.776731  1.362720  413.130096
176 -12.427036 -17.208853  123.676384  0.270712  2.047477      16.534878    662.716431  190.972107  24.964249  0.822489  408.314911
177 -16.978115 -31.826212  101.204536  0.280362  2.743330      26.117563    628.250977  122.182022  15.664730  1.384913  442.864197
178 -18.010773 -18.436901  109.756447  0.262551  2.648323      20.704149    871.013306  195.202637  22.147861  1.148780  391.692291
179 -14.885457 -27.335367  125.113495  0.300525  2.795512      13.935336    651.159241  193.005920  20.708450  0.624967  385.014374
180 -19.731188 -31.200577  112.843597  0.262486  3.806699      25.955938    643.917297  140.339783  16.422537  1.556089  393.320160
181 -13.451678 -14.575284  111.847351  0.226487  2.226021      28.337313    715.657349  225.939896  24.012075  0.897106  375.824249
182 -27.267969 -19.149771  113.662743  0.343391  2.666084      28.414553    795.923096  191.324142  20.991556  1.471517  393.429260
183 -23.709484 -12.538511  103.835297  0.261782  3.054246      16.898680    958.808777  247.082596  18.726021  1.514604  401.500031
184 -11.784212 -29.760204  100.532944  0.170625  3.567897      11.080171    708.331787  202.707352  19.579567  0.768621  426.523499
185 -17.549025 -13.034646  117.822205  0.265139  2.197462      10.650314    602.406433  226.382858  27.495869  0.475461  420.031555
186 -24.455713 -29.000177  115.564758  0.296361  3.629458      25.042265    812.113525  241.291412  18.305792  1.768084  378.822510
187 -11.577129 -29.400829  122.219704  0.266961  3.006796      12.954091    603.481262  203.869217  18.204327  1.032706  432.256622
188 -23.102962 -23.799458   92.691498  0.244130  3.456183      28.416166    993.356079  159.222870  17.668816  1.879076  390.796936
189 -20.653872 -20.623644  111.090858  0.258192  3.174707      16.293789    671.255920  188.572632  20.058584  1.118268  404.955475
190 -12.968415 -35.109760  127.045532  0.301866  3.291908      28.992271    608.479309  206.871857  20.515682  1.650869  397.309723
191 -11.667455 -15.069781  110.100357  0.224381  2.217101      13.241958    904.530579  240.466461  21.800253  0.983670  397.890991
192  -6.059599 -21.946447  122.760712  0.255778  1.787310      20.663982    583.892578  210.984283  23.974373  1.818352  449.955627
193 -19.156895 -14.936496  102.036758  0.287277  2.220318      15.226618    636.198608  173.038788  21.737284  1.179185  444.508087
194  -3.226120 -40.040661  126.732567  0.239016  3.903023      20.355545    651.841797  219.310577  18.474455  0.551073  401.692352
195 -15.733738 -33.139248  109.453476  0.260987  3.355752      14.212361    709.486938  187.006409  17.169497  1.609435  444.433594
196 -23.855221 -24.002991  116.720886  0.309236  3.129422      27.939367    556.445557  214.713608  21.701406  1.956981  399.624664
197  -4.959710 -30.148577  104.752533  0.167056  2.613438      19.141788    605.637024  190.800629  20.009212  0.748538  435.651672
198 -16.234034 -15.040342  120.929512  0.271763  2.188265      17.169481    759.080811  243.220398  25.660412  1.244322  420.897217
199 -12.586700  -9.606516  122.589867  0.269449  1.511004      15.847054    937.937500  161.182816  24.910606  1.672531  437.355530
200  -7.048362 -25.444443  107.792198  0.179985  2.524519      14.154221    581.262451  240.735504  19.526623  0.548733  431.895233
201  -6.863352 -21.232740  114.849831  0.193314  2.373509      10.937031    879.663940  236.299988  21.918798  1.652540  435.540802
202 -14.845019 -24.745632  107.097961  0.231118  2.956425      20.009277    872.830566  221.546524  21.644022  1.503936  410.090759
203  -1.493398 -24.436846  108.849655  0.167186  1.618168      11.289978    779.373596  151.639603  22.433670  1.343602  447.700989
204 -24.666376 -13.227128  117.738235  0.281778  2.758246      10.170441    695.728394  245.640381  19.916220  0.965074  429.520630
205 -24.067873 -30.902927  110.841240  0.287082  3.763442      24.164286    483.291534  212.838913  17.434011  1.110352  404.479309
206 -18.850361 -25.758093  113.098267  0.240618  3.453290      25.892908    617.490967  228.513489  20.343031  1.095061  387.669403
207  -1.961943 -11.581275  133.736557  0.181675  1.083355      22.652836    904.123901  239.272522  27.760315  1.760228  399.434875
208 -26.713036 -19.595036  118.998901  0.287515  3.319891      25.401352    759.832153  246.199158  24.788067  1.243107  372.775177
209  -6.472655 -23.264309  103.744751  0.182965  2.100643       8.500427    841.809692  193.603043  19.140129  0.856380  418.998077
210  -0.181970 -32.774342  120.983765  0.192562  2.699091      24.330336    813.783997  201.268890  18.061590  1.148980  422.635071
211 -12.503137 -30.914789  119.709015  0.280285  2.854551       8.054020    687.126526  145.350281  17.003323  1.054691  445.454498
212  -5.318656 -18.681131  137.529251  0.251666  1.702474      13.587271    871.052429  241.796066  28.568766  1.192000  419.342194
213 -19.440081 -26.473333  115.635826  0.265678  3.464510       9.281786    861.999756  193.665955  16.342928  1.153991  400.088043
214 -22.712688 -23.880495  110.650093  0.275464  3.331439      21.747627    553.329285  216.664337  20.808876  0.769176  387.314056
215  -6.623322 -25.603092  105.298897  0.167868  2.633485      28.235016    547.043457  216.722733  21.765381  0.239251  346.143768
216   3.723551 -20.192602  135.546051  0.207213  1.458569      15.984772    725.189209  230.711487  22.483644  0.750605  394.251923
217 -15.726526  -9.941961  114.084862  0.261743  1.920042      28.462044    541.777222  217.726730  26.124855  1.131332  425.838013
218   6.270535 -30.151066  116.976044  0.111503  2.133948      22.339956    918.053040  243.528519  17.989344  1.087767  412.790924
219 -26.086407 -20.649439  105.547760  0.284015  3.323868      14.923058    475.838257  218.960556  20.964077  0.208999  433.256653
220 -16.005461 -31.102648  119.305603  0.258709  3.522187      17.792690    592.719604  248.252319  18.323818  0.839802  402.194489
221  -4.062114 -21.662165  131.116318  0.237713  1.895768      21.134081    846.631470  230.109070  23.772722  0.910121  389.978027
222  -3.128637 -25.209089  112.287170  0.152295  3.034311      28.234293    801.657837  243.174957  19.245695  1.566731  397.356323
223  -2.061824 -20.770578  112.230339  0.173400  1.682387      22.961565    506.181091  213.405319  20.763760  1.327533  445.009552
224 -26.647491 -22.272961  106.027016  0.299516  3.332535      27.725349    543.971252  186.649734  18.391760  1.019253  381.543762
225 -31.013531 -14.827506   97.711746  0.298288  3.557591      21.667597    760.806458  201.803589  15.819762  1.621964  383.714294
226 -29.778751 -13.204568  117.041206  0.340799  2.751366      17.702946    588.433289  227.427811  22.399912  1.618626  437.119476
227 -16.182077 -25.458822  109.888298  0.250644  2.892909      29.902332    575.811707  237.994629  19.407564  1.520581  414.368347
228 -11.267700 -34.353020  110.039238  0.240175  3.035047      17.132593    887.660767  183.238144  20.814234  1.523256  445.783905
229 -10.784169 -18.824850  107.323807  0.213513  2.122101      19.144548    752.490662  186.398483  21.288200  0.433248  350.193024
230 -11.121441 -26.984509  119.695824  0.273563  2.720809      16.012665    716.113098  158.555466  20.206903  1.053205  409.024506
231  -0.758375 -28.058702  122.404587  0.233102  1.962979      14.425631    608.176758  171.845459  23.419342  0.421395  420.630127
232  -6.593323 -23.339867  112.131874  0.194738  2.293906      22.635359    568.009705  176.743347  20.110415  1.090889  427.948212
233 -22.280912 -29.011116   95.012619  0.281051  3.000631      27.706980    792.102478  146.848022  19.972891  1.174641  404.842651
234 -13.057949 -22.503845  106.863525  0.188957  3.208622      26.289221    746.379761  199.840073  17.921144  1.141459  381.662140
235 -30.701284 -30.544313  117.632088  0.332086  3.978140      16.834202    451.758240  217.019745  16.644131  1.030087  397.553101
236 -12.194637  -7.465162  128.004822  0.264545  1.312402      21.027483    828.497131  221.167297  31.466957  1.822666  434.996002
237   0.810703 -28.939901  118.345734  0.195779  1.899881      10.275156    912.725891  206.550766  22.390055  0.797968  424.508759
238 -18.958382  -3.295474  111.860970  0.277514  1.918970      15.276702    758.428284  233.439697  29.548437  1.148618  439.672516
239 -17.067270 -12.910061  123.341019  0.255484  2.279693      22.172571    781.617004  236.799210  24.363485  1.577857  415.159149
240 -27.376019 -13.026678  104.614044  0.284649  3.285774      13.555277    847.761292  237.229553  20.901316  1.938502  415.706177
241  -8.192720 -28.658787  125.038780  0.272955  2.705034      12.268545    707.209412  200.106903  23.707478  1.240342  431.812958
242 -11.795593 -17.419636  123.262787  0.264026  1.944800      27.228540    592.148315  181.538574  23.075470  1.694224  428.417297
243 -25.778341 -23.572805  115.914131  0.292458  3.435240      10.768753    880.291626  195.422684  18.355909  0.590479  340.574615
244  11.136168 -25.632063  140.210739  0.222178  1.490410      21.045780    596.142883  189.386520  18.192410  0.894744  438.623138
245 -16.476650 -27.181990  115.324677  0.281016  3.129953      20.321905    487.265259  184.555771  19.514025  1.532228  440.280701
246 -14.619813 -16.253054  122.431725  0.295109  1.975611      19.575211    522.594788  247.574265  28.494102  0.426088  419.463867
247 -11.648696 -21.549164  116.964386  0.221525  2.588554      24.107891    698.110229  240.810974  19.795139  1.616807  417.321625
248  -0.542151 -27.396204  122.560204  0.202687  2.220104      25.669249    613.104492  241.947937  20.000803  1.415670  432.205719
249  -3.196919 -30.652012  120.504463  0.221033  2.669331      22.254856    688.821350  215.843536  20.277704  1.877135  445.230469
250 -34.041275 -16.911180  114.937500  0.345410  3.317055      18.545221    461.146118  247.727753  25.707941  1.325937  442.421051
251 -20.243547 -28.399271  101.107521  0.228842  3.718724      25.102297    668.409607  198.162811  17.293526  1.307621  403.293121
252  12.342759 -25.069592  127.237900  0.125628  1.165729      26.366257    491.947968  184.433990  20.391644  0.553518  434.548462
253  -3.885454 -32.203014  113.068520  0.197913  2.756999      22.210073    812.900146  212.480179  18.995907  1.365693  434.468201
254 -13.347736 -26.006657  113.806206  0.238107  2.991457      26.806713    523.001465  231.891937  23.886471  0.394484  376.678436
255  -3.403326 -30.734735  122.549065  0.203418  3.145833      18.470970    833.016968  229.137634  15.202309  1.865628  435.450317
256 -13.501166  -4.000678  115.712830  0.268873  1.366795      14.474745    674.172241  163.817978  24.351639  1.069998  442.849640
257  -3.034467 -13.163142  116.178665  0.179738  1.287438      14.136443    788.102783  198.557480  23.129004  1.214450  411.016663
258 -13.264356 -21.793777  115.026085  0.223001  2.889746      26.967707    690.476624  192.535660  23.431534  0.572901  344.855591
259  -5.621335 -18.382879  106.972153  0.219060  1.380844      24.697117    527.753174  112.538048  18.480772  1.075634  442.666321
260   2.811491 -24.173975  125.677895  0.188569  1.672976      24.871733    790.675354  243.594223  20.644726  1.986971  426.856049
261  -3.186236 -27.323984  112.525131  0.210931  2.147749      17.408079    762.616150  216.951691  21.799019  1.431140  437.824066
262 -22.107063 -15.040862  118.836540  0.320699  2.241232      17.552900    579.142395  162.167770  19.934401  0.944725  440.676086
263 -19.534004 -29.229517  107.958977  0.265063  3.409183      14.673992    767.754639  142.102142  18.665503  1.640398  426.875092
264 -10.938560  -9.641267  126.675003  0.260908  1.433652       8.356060    613.994690  191.527740  31.495842  0.375657  408.125610
265 -25.886602 -30.584148  110.122498  0.329664  3.353570      27.532013    607.683350  170.834122  19.523632  1.235895  379.403412
266 -16.366531 -25.920835  117.983566  0.280966  2.763817      14.728516    729.126648  139.435959  19.801176  0.371987  339.695312
267 -11.097759 -10.342251  116.719994  0.215083  1.878270      17.192593    732.727600  226.748962  21.497410  0.559269  370.226593
268 -28.614229 -23.776478  107.645546  0.303247  3.560161      13.950064    617.461792  204.891327  20.840237  1.383795  411.126373
269 -26.340927 -26.955851  100.098007  0.281363  3.641336      25.485500    610.732361  113.294250  19.767471  1.586940  402.393890
270 -16.592480 -19.237352  110.969376  0.233617  2.959409      16.116350    522.227539  195.640594  21.095291  1.066162  439.157440
271  -8.658263 -13.895577  120.830482  0.229632  1.589482      26.602011    620.016357  185.520248  24.652302  1.745570  425.580017
272  -9.135959 -12.424408  127.661049  0.251802  1.559585      24.765402    511.988068  185.953247  26.239950  0.573690  408.751129
273 -11.078000 -12.101956  110.540565  0.216895  1.981246       9.435093    598.463745  238.676208  27.654486  0.721105  433.766144
274 -13.740134 -25.118614  112.002815  0.220796  3.159490      25.953205    644.777588  241.357895  21.430719  0.435469  338.146912
275  -4.203420 -30.059099  128.191223  0.243123  2.625364      14.450661    886.078064  220.219269  22.147461  0.666257  383.536865
276 -19.334887 -28.762247  107.843872  0.290946  3.210068      13.905416    601.533997  194.979004  16.407696  0.871451  416.094788
277 -12.336820 -30.220020  116.219849  0.216103  3.589434      17.304613    820.652649  211.460709  15.503709  1.010599  394.459351
278 -26.839001 -17.771393  108.645638  0.316700  2.975423      21.028641    828.429810  183.797607  18.130859  1.582339  397.295532
279  -9.703092 -31.718208  128.702835  0.266544  3.063796      25.874168    515.034546  222.175797  19.883093  0.222104  357.297943
280 -19.385118 -16.112324  110.508499  0.261554  2.647909      21.100800    651.272766  239.164749  22.664808  0.522859  366.615845
281 -18.731974 -25.134787  111.861450  0.263726  3.237766      13.240239    581.519165  205.669022  18.647720  1.462067  430.839355
282 -22.529932 -17.335028  114.185944  0.293535  2.689651      21.892748    591.710999  240.413162  25.951889  1.432079  423.770172
283  -5.296474 -34.334003  118.435020  0.251369  2.575240      28.241154    637.049316  206.836319  23.608879  0.998871  426.573334
284   1.015215 -29.894407  114.001785  0.142106  2.506570      15.696074    919.446533  204.484528  19.203602  0.704876  393.340973
285  -0.839897 -29.908978  112.284599  0.160269  2.660917      12.154866    653.436829  247.410995  21.741447  0.873898  449.175110
286 -11.425817 -37.672157  104.028564  0.199860  3.605784      20.662306    834.297241  222.431961  16.155006  1.008847  438.703857
287 -13.984051 -24.959852  109.201309  0.218175  3.057310      14.048788    534.901733  206.981964  19.932873  0.818561  445.679474
288 -19.624949 -30.154106  113.289284  0.263671  3.619346      10.801318    639.362427  224.378860  19.165155  1.419463  428.910675
289 -15.674944 -25.735447  108.744911  0.218103  3.381445      24.242289    708.328430  171.925415  18.036406  0.607227  355.078430
290  -5.573029 -23.145489  112.309196  0.167520  2.410590      19.327532    861.419128  189.785950  20.898388  1.446697  416.497803
291  -4.269690 -24.890808  112.560066  0.203251  2.091864      16.153301    546.616638  175.651688  19.061966  0.278168  408.639282
292 -12.823304 -15.972205  123.655968  0.236658  2.288624      17.632074    603.031372  249.760895  23.051970  0.898342  412.042633
293 -16.473272 -21.022310   98.845398  0.220255  2.908479      16.436617    596.105164  241.042419  18.112780  1.674935  447.323334
294 -12.127810 -30.178053  115.875710  0.257007  3.153996      20.454102    540.039978  188.374588  17.764355  0.570139  404.139984
295 -14.800405 -21.560682  114.095329  0.199541  3.319688      22.497414    617.757324  225.401428  17.102074  1.408202  407.322632
296 -21.147837 -16.217724  113.327736  0.273513  2.781645      19.409246    537.493347  182.173767  17.398087  0.586182  405.553741
297 -10.146029 -29.896025  117.632477  0.231709  3.041214      16.298502    881.003174  199.647141  18.201603  1.480716  423.422791
298   1.219383 -29.072655  113.876480  0.151968  2.254365       9.426778    944.366028  229.438934  21.800175  1.279168  448.656616
299  -2.534440 -26.943802  117.746094  0.175009  2.512621      22.819004    615.195923  160.786865  21.517792  1.194708  425.767822
300  -1.430346 -28.315073  124.824524  0.244801  2.143791      23.961075    785.990295  180.611435  22.984985  0.780539  386.272858
301 -12.957598 -17.089079  120.225685  0.228777  2.526284      11.349104    510.334076  237.863190  21.910414  0.394852  445.418671
302  -3.796557 -13.426346  106.916893  0.148196  1.392679      11.505277    696.537842  228.527054  22.559017  1.014214  418.432770
303 -12.835773 -32.072002  123.633759  0.261114  3.263805      23.379179    810.890747  202.934647  19.598192  1.022603  380.544617
304  -5.010818 -30.484371  103.130470  0.142589  3.656882      19.500597    653.056274  231.856354  17.569653  0.824842  419.758636
305 -25.918436 -26.812649  110.494347  0.273594  3.866634      11.892865    484.332642  234.714722  18.077913  0.530377  425.235626
306  -4.334172 -22.881702  115.528191  0.185387  2.093086      29.405977    680.391541  176.780563  19.762983  0.649864  362.800323
307  -9.509248 -33.139156  119.552689  0.261758  3.077047      19.416496    918.641113  237.951431  19.900129  1.626746  424.828644
308 -26.163834 -24.677860  101.978806  0.264855  3.907177      22.795374    501.739868  217.913116  17.239849  1.091307  401.983490
309 -25.357824  -6.113006  110.214005  0.291860  2.517081      14.384789    848.187439  221.593094  25.694660  1.048094  425.866364
310   5.921854 -24.213293  138.161606  0.214041  1.600315      22.797979    900.129700  222.677261  22.759670  1.045966  402.630981
311  -7.485547 -13.670732  116.552849  0.202544  1.809800       8.411264    843.594788  178.797379  23.702181  0.937973  409.853851
312   0.944761 -26.897652  110.131668  0.132344  1.834514      24.037804    727.604309  229.622650  18.486586  0.795649  395.649231
313 -13.664827 -32.759487  118.996826  0.260330  3.564264      22.977394    983.533936  211.578827  17.554831  1.606207  393.990112
314 -13.780391 -25.308592  108.082436  0.218642  2.977459      17.275990    744.447815  205.787155  17.884926  0.601535  375.131592
315 -19.887041 -26.678581  107.761772  0.315298  2.539415       9.764426    779.373962   87.787643  20.436426  1.060325  440.587769
316   1.493378 -36.278412  122.051689  0.208040  3.460352      29.289522    946.228516  192.765366  15.994913  1.533237  420.535736
317   2.523879 -25.353888  120.742195  0.169141  1.953142      25.622139    736.672180  218.287262  23.484407  0.817273  380.739624
318 -19.634333 -24.765224  117.502014  0.254424  3.397239      20.366356    916.750122  214.286072  19.429070  1.411225  383.893890
319 -15.402805  -9.522195   99.831757  0.245235  2.034064      16.861500    842.213318  228.665421  26.423065  1.658144  434.745514
320  -6.486198 -25.742977  108.380707  0.172198  2.538024      19.289070    656.546082  237.359009  20.465445  0.910838  417.717102
321  -3.982514 -18.112398  117.839523  0.191898  1.850796       9.007393    970.082947  240.384628  24.824247  1.382680  426.599884
322  -4.947379 -26.290989  120.633003  0.208318  2.686900      24.544027    613.958618  226.861343  18.606495  1.696713  424.221008
323 -17.318897 -23.584667  117.143494  0.246721  3.230417      19.406797    567.158020  232.383713  20.022528  1.160295  411.629639
324  -1.724187 -20.586430  122.745171  0.192087  1.627112       9.673584    864.848816  190.582153  23.249514  0.931244  417.616669
325  -3.229323 -20.604019  113.267433  0.174668  1.793556      11.726030    601.144653  246.206009  20.216860  0.626252  428.154938
326   4.041609 -29.845055  133.561691  0.209625  2.487904      12.621158    848.055542  226.062454  21.083015  1.165720  437.297241
327 -10.187982 -13.376082  121.159721  0.247084  1.714179      22.090002    582.204651  184.022034  22.568146  0.782462  409.215179
328 -21.648003 -21.657980   97.124886  0.230855  3.500156      16.154583    715.358582  166.799576  17.942690  0.968349  398.270630
329 -23.318460  -7.253564  117.353409  0.319749  2.112099      16.581717    963.814148  249.593185  31.756044  0.867278  398.923431
330  -8.179828 -28.718233  120.371132  0.263379  2.434373      12.070067    935.493896  181.703247  23.069241  1.779360  446.526520
331 -19.785826 -27.165140  112.243263  0.278309  3.231774      29.237648    557.012756  221.882629  17.949432  1.804790  404.483276
332 -19.296228 -23.420424  117.116898  0.300105  2.785055      10.264081    838.222961  178.057648  19.484369  1.174410  413.010956
333  -1.333287 -38.707821  127.615463  0.250539  3.255797      24.099524    635.411499  241.585754  18.884817  1.085823  441.098938
334  -2.043554 -24.035084  127.524315  0.228257  1.837318      28.615557    728.087280  202.350677  27.911886  1.777111  419.662537
335   2.071401 -27.049873  122.198990  0.180279  2.496208      16.905912    779.345703  213.187241  22.944775  0.926022  409.659027
336 -21.330702 -33.013737  109.949249  0.291273  3.512714      24.504826    781.488525  170.338898  18.535702  0.677124  348.242981
337 -16.917822 -24.641918  122.497803  0.292530  2.746728       9.967971    757.751038  221.654083  23.296173  1.258579  421.631927
338 -25.606941 -34.075489  118.219719  0.337280  3.793316      12.660646    461.084747  243.509186  19.086437  1.069239  426.789795
339 -10.483144 -20.283394  115.441391  0.244099  2.087552      19.079620    784.298584  171.982574  21.003263  0.728071  386.211365
340   3.763912 -23.988289  114.932724  0.142564  1.179536      20.032299    955.072266  181.103394  21.277628  0.659489  360.505005
341 -16.564739 -24.891710  128.690628  0.296162  2.759767       9.053863    841.439087  186.552139  19.681629  0.610666  370.345856
342 -11.631110 -20.251034  101.225159  0.203521  2.569596      22.852623    804.902710  207.857544  23.306812  0.999162  385.643738
343  -5.447329 -12.310300  108.976776  0.188088  1.312319      14.796353    799.012512  225.024246  22.612917  1.020468  411.105286
344 -15.606400 -24.578304  101.373047  0.216970  3.100916      19.615093    670.873535  237.056946  19.211084  1.848064  434.819702
345 -21.505066 -35.008888  118.260880  0.307717  3.711988      19.666639    961.458130  233.803711  18.247684  1.607664  381.718628
346 -14.441954 -24.463573  115.800140  0.238795  3.019665       8.365424    972.923462  220.604050  19.302715  1.066416  408.858643
347 -17.339766 -31.447498  114.281616  0.265215  3.776206      14.818618    536.808105  201.803345  18.283848  0.985206  420.348755
348 -25.182999 -14.812192  118.566704  0.328709  2.429986      27.499037    673.348267  176.043625  25.888651  1.699900  421.700653
349  -8.255371 -31.996866  137.483261  0.295507  2.887918      13.226736    741.813477  232.742401  23.865391  0.806283  396.491211
350 -17.566402 -24.666174  123.858551  0.306932  2.717359       9.756436    740.017517  203.745850  17.674801  1.445956  429.448120
351 -15.889878 -35.869362  119.516975  0.297193  3.386245      20.646835    656.288757  186.495605  18.101524  1.442367  416.085236
352  -8.293371 -36.683205  119.280655  0.264143  3.156636      10.870136    856.193726  215.639206  18.385792  1.351059  448.887421
353 -12.018205 -27.944799  111.252075  0.218424  3.450781      16.318001    690.141418  176.906799  17.007450  1.661832  427.856598
354  -5.992174 -35.669327  126.583923  0.273792  3.013496      16.560579    651.902954  206.570740  23.758261  1.090537  441.169037
355 -15.517773 -25.602438  107.986992  0.219537  3.195754      27.380709    645.721252  194.442856  19.346447  0.758070  375.815399
356   2.507410 -16.458086  122.940796  0.151551  1.039048      17.033285    678.301880  236.991577  24.230612  0.806136  388.798279
357 -25.137629 -22.737312  112.764481  0.337259  2.742199      14.691004    732.486755  159.357010  20.026978  0.785080  392.709717
358  -5.271166 -25.822441  114.064743  0.197045  2.349589      21.562954    523.489746  211.288452  19.879408  0.861220  443.722504
359 -10.143546 -28.343157  133.590195  0.309782  2.516180      26.144756    464.178436  205.727203  24.995903  0.234964  441.495667
360 -13.327525 -28.952866  120.900230  0.239135  3.345653      14.336005    716.766785  239.275894  18.527739  0.812575  393.722229
361 -15.694835 -24.497004  118.004578  0.289353  2.537577      19.467165    582.369629  178.859756  20.032326  0.967381  419.387360
362 -13.928246 -33.169453  112.546227  0.239293  3.373955      23.149586    511.657623  127.328743  18.120817  0.614163  437.353973
363  -5.912693 -27.491112  112.814392  0.209283  2.793193      23.868223    481.588196  249.096054  21.811548  0.372286  447.372711
364 -12.930697 -18.359241  107.674500  0.263840  1.939279      20.430950    646.953979  128.186005  21.262503  0.863719  419.820374
365  -6.004455 -27.892876  111.615211  0.217785  2.043985      24.527895    769.414795  130.838211  22.239061  0.727888  400.196259
366 -10.624961 -18.107769  129.394684  0.262127  2.045209      28.515804    537.687561  195.456619  23.665874  1.491796  418.759491
367 -12.377050 -25.970268  117.112381  0.298498  2.243542      26.476114    523.659485  194.096542  22.351126  1.063247  431.370209
368 -13.470193 -16.709093  126.799088  0.253040  2.246769      27.545113    858.979187  249.528473  21.751656  1.347705  386.774017
369 -12.406106 -17.671921  117.126167  0.260035  2.117226      10.607166    985.612610  218.049057  20.925127  0.999885  403.922333
370 -11.489216 -31.886068  114.535355  0.286587  2.696338      23.981541    564.078186   97.480217  18.489321  1.203591  436.433472
371  -2.163751 -33.607517  132.904648  0.277814  2.514247      21.939102    753.183350  212.256424  24.598022  1.295680  432.409180
372  -2.922654 -30.889179  127.008522  0.245668  2.477860      19.660042    967.243469  219.588303  24.522903  1.274739  419.689972
373 -17.783600 -33.003559  130.744812  0.288908  3.719152      25.756517    682.141724  244.888580  19.237761  0.882924  340.757324
374 -23.139441 -15.330200  113.473541  0.308450  2.658211      14.004870    574.922668  208.981430  19.728741  1.339998  438.374908
375  -9.170915 -23.212820  119.543526  0.241130  2.283895      10.741610    759.043640  222.982010  20.238623  0.695308  405.724731
376  -4.890522 -30.605846  113.191589  0.172689  3.102745      19.727242    839.889465  198.844559  17.669357  1.625659  433.894379
377 -13.851466  -7.850143  115.789711  0.264160  1.481973      12.043342    715.773804  221.975327  33.478733  0.847521  447.838501
378  -5.300930 -35.306644  117.948875  0.203290  3.819574      21.807375    595.802612  203.022995  19.062180  0.780152  422.945526
379 -12.812622 -19.701700   99.639893  0.205364  2.563951      18.877163    817.669128  229.653168  23.491903  0.883848  389.169586
380 -12.070200 -26.130142   99.579803  0.181084  3.060869      19.541342    715.871704  205.856049  19.007143  0.755127  397.519989
381 -17.412504 -23.970514  116.257874  0.290779  2.645308      10.404521    923.235229  189.335953  20.682280  1.919819  439.319122
382  -4.800440 -19.503277  115.776077  0.196391  1.864421      19.961332    785.579529  215.878296  23.007298  0.461842  336.337708
383  -1.052851 -30.464445  112.967827  0.199400  1.962919      20.108650    632.489807  171.934326  20.098228  0.488074  414.356140
384   0.740072 -35.378471  113.896812  0.150185  3.217556      14.262592    961.190125  238.849380  19.690470  0.878555  434.463562
385 -23.395836 -26.250586  120.566315  0.336159  2.897394      27.744936    534.401367  155.077316  19.136730  0.511020  361.333801
386 -17.127823 -26.809977  105.682625  0.226215  3.448761      24.829702    562.411255  209.018692  16.176697  1.674985  421.194855
387   2.878035 -22.339006  115.975220  0.139108  1.317675      20.988762    702.508118  190.105499  20.079748  0.775794  393.137329
388 -15.878340 -30.110119   88.211754  0.169750  3.568044      25.783527    720.297668  171.762756  18.356791  1.595793  439.402344
389  -1.371941 -14.637594  117.579742  0.164788  1.292134      16.160330    870.325562  240.938065  22.181215  1.989530  422.855988
390  -7.267848 -23.830927  123.625404  0.233210  2.404933      21.365368    516.676270  225.050842  21.889351  1.691525  449.256683
391 -18.890280 -19.073429  120.845581  0.254182  2.927567      27.365421    746.334167  241.610046  21.199234  1.619690  388.918152
392   5.841910 -29.784937  120.505470  0.167138  1.909059      24.759367    584.520630  234.318954  20.398540  0.467342  408.131073
393   2.265990 -26.399004  126.948792  0.183685  2.147957      28.117910    933.835449  236.637894  20.677208  1.902286  413.089355
394  -8.387404 -39.172840  111.385254  0.208627  3.754960      24.361650    805.537048  203.934311  18.293821  0.399232  356.116913
395 -16.171364 -28.603441  115.823532  0.255051  3.451067      19.719679    490.993317  231.949158  20.180887  0.893251  430.690460
396 -11.930143 -30.236221  114.348083  0.255812  2.710711      25.758286    516.001343  129.378220  17.604101  0.888494  447.906097
397 -21.589682  -9.205647  114.438606  0.294760  2.201603      20.337420    656.088806  214.153900  25.069904  1.088703  428.967194
398 -10.670765 -25.608801  103.466347  0.184363  2.941344      29.936422    686.642822  156.745941  19.981104  1.693881  410.712860
399  -0.058181 -29.881350  103.850113  0.152220  1.801962      22.456007    922.064514  201.194305  20.118227  0.891696  394.907623
400   3.921180 -18.814714  134.026733  0.183042  1.704745      29.362074    729.550171  218.695038  22.384317  1.089206  369.482758
401 -28.713112 -19.586124  117.046738  0.326120  3.102212      11.793434    769.684265  234.265839  22.391459  1.684571  421.547699
402   3.745243 -24.520992  119.857506  0.157696  1.739149      22.784800    898.654724  228.936188  20.459282  1.643652  416.318848
403   8.424222 -34.073376  106.419296  0.105702  2.413397      24.959530    982.458008  181.347321  17.665966  1.177531  426.107422
404  -6.259194 -25.155340  113.332367  0.205619  2.271248      24.786802    800.666077  192.696793  19.151148  1.722173  424.324615
405 -17.013363 -23.266666   97.839142  0.229625  2.800258      27.029701    928.109070  156.944199  19.119194  1.101871  384.250458
406   0.985183 -22.673191  107.357277  0.118466  1.318097      28.040318    718.051575  172.893875  22.722094  1.081828  387.548737
407   0.131954 -25.317692  134.964355  0.248113  1.955194       8.344390    983.383606  201.353806  23.930506  0.978974  421.313568
408   3.551873 -28.090508  127.282791  0.207870  1.945513      19.036734    616.690918  147.447342  17.038633  0.746892  428.984192
409 -18.001760 -28.023014  112.268120  0.260228  3.267694      18.229416    511.469818  185.226669  21.557899  0.718729  432.675934
410  -8.620945 -23.635191  105.839577  0.180371  2.664584       8.180415    986.613403  221.612823  20.459568  1.777271  449.182068
411 -11.678981 -17.160046  107.545372  0.228976  2.097171      21.237602    520.308655  137.843689  22.271013  1.072487  445.854950
412 -11.744803 -15.224434  116.574371  0.235395  1.997388      20.671822    872.553650  172.686676  25.727137  1.956423  428.827606
413  -4.028395 -27.304327  126.100128  0.247860  2.402288      17.083006    536.221069  194.320312  17.549246  0.225446  391.816986
414  17.781826 -26.262653  139.942154  0.166548  1.274368      14.508182    856.435547  200.423340  21.753496  1.019103  439.456207
415 -16.911102 -31.671036  106.774971  0.270956  3.102188      17.112335    777.945068  169.485245  17.932629  1.455988  435.944183
416 -25.835068 -30.636524  105.923714  0.297699  3.905232      25.413240    481.495392  215.001404  15.888182  1.681328  405.999359
417   2.682618 -22.665892  128.170242  0.207449  1.588481      12.585146    744.193481  191.572784  20.417414  1.007970  422.266479
418  -3.014933 -38.264381  136.158096  0.257216  3.622886      16.754097    838.365784  219.538025  15.619117  1.121842  410.518463
419 -15.007891 -22.697203  111.198502  0.234338  2.958582      26.102482    661.033691  211.508438  21.087349  1.156695  388.456360
420 -28.344547 -19.641737  107.527756  0.308736  3.421847      25.911671    499.788513  190.140030  17.382450  1.863245  395.373505
421 -14.873275 -27.899786  101.280609  0.204993  3.265074      25.298845    974.812378  191.292191  20.103344  1.634732  409.068970
422 -11.848264 -29.846384   99.917397  0.174007  3.397888      25.684341    663.426025  241.766327  17.438814  1.947738  437.356903
423  -6.656887 -22.876554  104.387665  0.185790  1.923410      16.838049    934.771240  128.699158  20.991776  0.326244  302.790039
424  -1.538184 -15.106915  120.835373  0.172164  1.245952      24.837559    485.563690  225.845963  23.523357  0.346884  402.712128
425  -6.326623 -19.769787  124.640694  0.229728  2.168949      20.578514    497.829102  213.815536  20.601940  1.599386  443.373444
426   3.520783 -33.653328  109.140129  0.169766  1.509776      29.721277    675.422852  199.000458  17.700737  0.473347  391.140198
427 -10.459952 -14.162892  111.989815  0.204111  2.027484      23.879337    642.702942  212.886917  23.770149  0.748455  387.247223
428 -15.525664 -31.819418  115.416466  0.267157  3.256716       9.440101    801.812134  211.094376  20.443806  0.851004  411.433624
429  -9.305819 -29.981684  121.601501  0.229607  3.108491      17.294746    698.550720  212.551147  22.628424  1.386734  428.476990
430  -8.478801 -18.546246  109.051407  0.187278  2.226818      23.763365    760.783875  244.608459  22.148598  0.723876  367.639648
431   3.531993 -38.545383  110.433426  0.157485  3.094847      13.246309    742.042603  243.689972  17.221504  0.502853  445.166962
432 -10.229242 -23.863281  113.245186  0.225811  2.443582      20.581821    700.774719  234.204666  19.450829  1.405319  427.268555
433 -22.436306 -14.422485  103.400894  0.268876  2.831702      23.293407    676.422546  242.692734  24.490377  1.378893  407.346527
434  -6.975414 -11.128235  124.208649  0.231922  1.459574       9.903257    754.526123  229.499161  24.474766  1.154941  425.057312
435 -26.869442 -19.319773   98.439941  0.288253  3.218796      18.262249    900.400879  150.772995  20.181194  1.580201  402.406921
436   6.575357 -28.251421  130.472824  0.180263  2.235958      16.406588    638.673035  200.859665  20.345825  0.556693  413.701752
437 -21.651619 -32.946442  105.134399  0.274177  3.663407      12.893116    742.579468  216.444962  16.566603  0.875370  407.646484
438 -12.252151 -16.859898  130.732468  0.252750  2.222160      17.997902    591.296326  247.234604  24.665695  1.423175  431.417999
439 -15.506233 -14.016102  114.322662  0.255742  2.212108      17.507463    595.544922  208.502945  24.802746  1.007859  429.897675
440 -13.301008 -13.297293  111.641228  0.208765  2.370534      20.540903    704.082581  242.786423  24.542288  0.847705  388.392944
441   9.353824 -25.533337  135.056900  0.205464  1.410057      13.028502    856.450989  186.793518  21.473003  1.176267  437.144684
442 -23.267183 -24.045113  116.671989  0.299065  3.026692      24.359564    616.102600  218.423889  19.454605  1.746689  413.367584
443  -6.182883 -25.542429  111.389153  0.199317  2.567377      16.160570    717.468201  225.408005  21.805283  0.518311  376.387634
444 -10.287564 -30.941414  126.403099  0.262063  3.036531      22.627558    821.857300  192.511398  21.666937  0.467024  320.852264
445 -26.500698 -12.356325  115.439491  0.344292  2.464942      20.660837    497.565918  243.037903  24.073561  0.451233  437.083252
446 -23.650187 -22.415298  104.726097  0.293440  2.983935      17.276850    732.401978  176.868866  19.105816  0.913635  395.753326
447 -24.397285 -24.236191  102.658302  0.269658  3.438184      17.825642    757.188110  160.573456  17.862360  1.640179  410.148712
448 -12.886569 -17.126717  116.249306  0.243909  2.289515      12.674784    580.112488  220.741516  23.124731  1.293712  448.860657
449 -19.542740 -26.052227  111.469154  0.255175  3.629935      10.501706    542.858887  246.343918  18.252541  1.019326  427.521179
450 -14.631377 -17.162251  113.494705  0.218913  2.657938      25.238449    529.607178  209.161179  23.294676  1.091032  416.872375
451   3.536660 -20.420301  126.626190  0.202937  1.330526      28.854755    873.441101  207.208847  21.173128  1.800638  398.508179
452  -9.308996 -21.125530  123.999229  0.232897  2.303759      26.470440    936.811523  205.820908  20.603680  1.067719  371.376526
453 -25.651800 -23.743549  116.280945  0.330342  3.097100      24.433502    441.066986  236.592880  21.379280  0.727439  443.809906
454 -11.706535 -21.859644  123.486740  0.266682  2.477563      18.115894    680.381897  201.829239  20.542175  1.167052  408.361206
455  -5.562911 -26.749676  116.837341  0.216518  2.305225      17.838943    793.338806  206.983307  23.160168  0.799665  400.318298
456 -17.104195 -30.096870  108.294617  0.263125  2.976329      17.897383    547.261169  175.931900  17.333212  0.228450  400.594574
457  -9.714334 -24.721735  106.694748  0.227037  2.206834      21.601358    781.309753  131.990158  24.259506  1.861134  440.034180
458 -13.937099 -19.214500  109.384720  0.208058  2.815866      15.394878    813.873718  239.866760  20.886692  0.381702  321.466583
459  -0.801412 -19.038097  114.767288  0.180590  1.585334      12.829367    662.928223  246.242096  22.095486  0.751392  404.591187
460  -0.242792 -17.392185  109.395660  0.136051  1.308581      13.865166    887.771362  246.904419  21.568434  1.653158  419.751831
461 -22.685122 -14.723039  116.449646  0.297605  2.534361      12.708092    885.461182  194.089523  21.901114  1.903556  440.465118
462 -11.818007  -8.857585  114.637009  0.238482  1.549152      15.142241    796.293213  199.816055  28.178329  0.723952  400.480896
463 -10.991627 -27.366985  111.792793  0.187761  3.449498      24.508736    617.014038  212.972656  17.826700  0.442710  358.122009
464 -10.335439 -19.589613  107.632195  0.228638  2.085016      24.498297    659.790039  166.898117  18.209818  0.686281  379.331390
465  -5.382401 -22.742682  110.871613  0.189136  2.099957      26.788429    560.878906  227.677704  19.249210  1.924234  436.247101
466  -8.133412 -13.544979  128.804352  0.227936  1.689355      19.107889    905.614746  235.673126  28.484535  1.792041  418.420685
467 -18.699106 -28.989563  113.328728  0.273723  3.376746      26.150669    879.869934  190.838440  19.494364  1.410879  376.114441
468 -10.987750 -31.979097  114.428627  0.222416  3.380322      14.096895    874.027222  230.584427  19.949547  0.804815  394.192291
469 -21.025423 -28.090017  121.460686  0.272299  3.722095      14.114060    605.097595  230.218170  19.554186  0.982064  393.656738
470 -26.270824 -21.023867  114.658638  0.282429  3.531373       9.907570    630.422913  227.561539  20.008894  1.176111  410.715118
471 -13.433462 -22.977312  119.534737  0.233584  2.935084      21.812967    532.620483  184.252060  18.835878  0.858140  411.601074
472 -13.823786 -22.068567  106.812126  0.204490  3.054358       9.330108    734.300476  214.267822  21.172617  1.159509  431.629456
473 -13.683381 -28.178013  111.424728  0.221197  3.214626      20.506186    789.112488  183.058792  19.613123  1.927168  428.611694
474 -22.980196 -22.734499  106.255287  0.252106  3.627408      27.429443    433.342529  204.426086  18.867149  1.779199  447.196442
475  -8.417154 -24.898687  119.885132  0.296642  1.902049      20.017029    739.590515  119.592918  19.257887  1.181932  427.540131
476  -6.246425 -29.546963  115.739304  0.239978  2.484860      20.457729    866.334412  131.954224  17.762032  1.452808  423.887360
477 -12.051393 -31.143311  104.828979  0.197817  3.331217      25.951128    618.076965  169.071182  19.494740  0.701241  403.309540
478 -11.733584 -13.308216  113.316597  0.203871  2.172977      24.984886    576.473206  233.162354  24.129471  1.588316  423.115723
479 -13.758883 -18.967495   98.697304  0.182605  2.947782      20.915730    710.699341  222.954025  17.749836  0.416051  335.980530
480 -16.206161 -32.285469  115.899117  0.238691  3.913074      13.788824    668.508911  198.557007  20.285833  1.619025  427.453522
481 -12.393503 -23.951738  107.363708  0.209073  3.215143      13.792472    592.227722  210.079544  19.330231  1.400321  439.754730
482 -15.841544 -34.081703  113.047302  0.266549  3.720610      25.175274    548.941345  116.717453  13.478328  0.407050  360.217773
483  -6.905440 -23.363846  120.995445  0.255029  2.195231      15.361763    761.741394  215.031845  24.660877  0.775813  393.948853
484 -19.878880 -20.271080  109.819275  0.290827  2.734243      13.444556    889.706177  201.107498  21.906397  1.213745  404.830750
485 -25.521666 -25.684954  108.671883  0.275780  3.791837      16.539104    698.481018  196.072845  19.091026  1.097700  382.782990
486 -20.511971 -21.943724  118.366180  0.318143  2.576710      18.115633    677.855408  180.610825  23.607542  0.719225  385.733795
487 -29.470903 -19.075254  113.854080  0.315395  3.261824      21.962578    865.064819  248.471359  21.469313  1.821057  390.473907
488  -3.214466 -42.360321  112.747849  0.185975  3.725971      29.537479    695.970520  236.588806  16.788364  0.425809  409.250519
489   2.079607 -32.502014  123.243965  0.197116  2.682131      18.371670    866.829041  231.374115  21.495815  1.591337  446.607483
490 -12.189691 -32.819267  116.162575  0.260002  3.156682      27.876780    827.074158  211.921936  20.095684  1.831024  411.657959
491 -10.583430 -32.726040  130.495422  0.270004  3.189229      13.142165    755.225403  201.444138  22.717728  1.521164  426.534027
492 -22.152863 -23.513840  106.874695  0.274786  3.204657      15.338403    516.328064  215.924042  18.660938  0.809884  428.575836
493  -4.944489 -32.926453  101.876213  0.181926  2.644591      26.877903    592.993164  201.165970  16.314734  0.257584  367.763550
494 -10.542673 -29.302885   98.286880  0.189154  2.969499      17.327137    622.807556  199.125916  17.125443  0.972833  440.984894
495   1.618573 -19.964762  129.619522  0.161868  1.710845      26.160704    817.139404  249.821655  22.535326  1.742853  405.588806
496  -2.842638 -20.527462  126.210083  0.259538  1.546095      17.263733    786.432495  173.686966  24.148689  1.558442  432.823517
497   5.947702 -34.758904  121.601273  0.185069  2.250610      23.558746    997.352661  189.482773  19.712126  1.368597  441.982361
498 -30.068811 -12.504309  105.986397  0.320803  2.982306      16.974464    514.097412  216.875275  21.552954  0.255862  393.789154
499 -12.897911 -33.350739  114.680290  0.284031  2.850538      21.326479    578.615845  194.378494  16.548807  0.427084  396.021271
500 -12.865310 -15.809630  111.262779  0.221497  2.471254      27.439936    641.671814  241.939621  22.646345  1.413781  397.885773
501 -26.140261 -20.209303  105.498016  0.287123  3.246777      10.912137    619.047241  211.418045  20.189789  0.807244  409.476349
502 -28.993998 -15.972186  117.557388  0.302998  3.207776      23.832975    873.260132  217.141083  24.210545  1.558106  383.501404
503  -9.255188 -14.168449  115.574486  0.222120  1.741320      18.613705    637.020508  208.893295  26.293447  0.948647  417.827850
504   1.477225 -23.227575  111.054672  0.140522  1.396709      11.483516    535.907776  204.214539  22.018496  0.211347  419.291748
505 -18.915710 -27.956163  111.908943  0.236589  3.769933      17.379894    887.826965  226.035080  19.019951  1.695962  405.263031
506 -11.512185 -29.310738  115.593414  0.196803  3.814054      19.264753    845.689392  215.447037  16.566866  0.626303  348.157471
507 -15.263322 -34.717628  115.919312  0.249274  3.764529      21.859068    912.317627  183.666779  18.002802  0.764268  359.189972
508  -9.939754 -28.872648  121.903946  0.270748  2.654974      20.018606    862.787292  221.942230  22.308538  1.281555  405.980225
509 -31.340811 -29.852379  117.784935  0.338783  3.902172      10.393720    534.353149  240.004608  19.719646  0.875711  384.081635
510 -14.622366 -21.588741  121.574379  0.237990  3.000312      27.637856    494.597687  241.395187  20.767605  0.329663  363.037476
511 -22.833858 -29.255671  107.044724  0.257423  3.996091      22.324703    863.384277  213.696396  16.415443  1.885229  390.500153