            lon        lat         inc      D1AU     delta  launch radius  launch speed    t factor       B1AU     gamma         vsw
0    138.830215 -13.885368  164.422440  0.298721  1.481702      69.882423   1381.698486 -242.166382   8.505281  1.446937  370.833984
1    106.263435  -4.654018  162.043747  0.245029  2.437295      66.823296   1470.378052 -141.519135   5.031854  0.585376  431.173004
2    111.351173   6.914693  155.976212  0.223480  1.230191      48.125965   1819.569092 -197.169357   6.390882  0.479880  435.984528
3    116.090668 -14.723871  194.354279  0.163986  1.197058      72.740837   1594.180542 -205.720642   5.950399  0.856860  348.487457
4    121.726189  -0.634325  157.170578  0.211690  1.637080      23.582253   1837.753174 -178.728607   5.957062  0.357561  412.075623
5    128.541641 -16.487175  159.057007  0.330294  1.947667      61.223370   1069.755981 -194.748184   7.934386  0.769811  390.858490
6    115.168449 -11.952003  151.590637  0.320802  2.525732      49.571144   1309.896851 -143.355301   5.861156  0.505058  401.169220
7    122.839966 -13.383419  163.238617  0.322217  1.856590      39.909206   1236.300903 -207.980530   7.107861  0.369244  437.174225
8    119.396774 -10.278649  169.936462  0.275862  1.654714      52.027145   1518.246338 -151.071762   7.105783  0.396209  304.451569
9    116.546631 -18.334461  174.325455  0.286816  2.333722      69.932838   1477.683960 -142.893997   5.481153  1.195310  434.194458
10   115.687248 -23.536621  187.900742  0.265548  2.294047      82.856232    779.765747 -176.663239   5.619165  0.662028  420.139496
11   100.014610  -4.767634  159.412323  0.242996  3.035499      95.866119   1466.583130 -169.598663   6.120951  0.718068  330.725739
12   118.184158 -14.211322  161.662308  0.293722  2.444146      56.749058   1902.785767 -233.979736   6.064282  0.699374  338.229736
13   113.468765  -8.689663  177.212326  0.221114  1.442539      61.779755   1776.744629 -238.822861   6.753406  0.732788  409.457794
14   110.556015   1.669601  159.312424  0.192648  2.065635      70.944580   1174.524902 -148.994995   5.266519  0.637275  396.418579
15   125.391548 -15.095233  180.475449  0.301129  1.481465      74.571213   1007.035217 -240.997498   9.250798  1.171325  414.074829
16   113.764229  -8.300548  163.214127  0.277284  2.224435       9.743111   1956.642334 -172.523895   5.820890  0.227114  416.428864
17   120.370667 -20.554253  169.960739  0.295042  2.698925      69.965363    759.990723 -244.239807   5.017236  0.512681  369.819458
18   107.147141  14.040405  147.458099  0.188889  2.162697      99.084824    694.124084 -234.153214   5.835961  0.469503  369.998444
19   127.088760 -17.859785  183.562836  0.275178  1.874352      72.752228   1377.907715 -168.925140   6.383079  1.305813  368.224365
20   112.468399 -15.612358  166.928543  0.320050  2.206848      71.647621   1426.593628 -159.065964   5.895565  0.967374  444.400513
21   114.839973 -19.243196  187.269440  0.225215  2.509836      36.584568   1430.329712 -243.427155   6.093843  0.234430  407.002289
22   111.133614  -6.526589  160.469986  0.285178  1.999729      65.959175   1345.040039 -186.532349   6.109554  0.424994  330.281647
23   123.282318   2.142688  152.687225  0.211116  1.213396      74.464066   1153.238403 -244.376526   6.912038  1.082911  336.472748
24   108.962143  -2.797203  174.928848  0.138147  1.420688      95.099014    567.481873 -241.736694   5.600032  0.920051  408.934723
25   110.775085   9.576754  153.061417  0.210417  1.381153      62.279972   1152.769043 -150.745544   5.308988  0.306807  397.770996
26   122.349167 -21.737381  159.400436  0.347823  2.566226      60.219345   1221.701416 -188.807617   7.289000  1.414190  438.855255
27   110.408340 -10.249485  173.722107  0.197608  2.319090      84.829239   1268.438477 -244.478363   5.343514  0.866347  314.220581
28   111.226410   2.003864  162.930740  0.235112  1.140802      47.152653   1399.250977 -123.005348   5.188478  0.278478  410.060669
29   120.306145  -7.841325  159.816559  0.282281  1.721508      79.534889   1525.854004 -183.301575   7.073285  1.484184  337.023315
30   126.115799  -7.928287  166.720261  0.283448  1.296291      59.954590   1739.759033 -187.906738   7.992080  1.105309  422.904633
31   112.137001   3.046567  141.803513  0.316986  1.912870      80.486198   1529.707764 -158.252136   6.520516  1.241265  392.502350
32   107.821838 -19.835909  163.131454  0.347793  2.768686      71.786209   1073.188843 -116.149178   5.155908  0.314983  298.337097
33   119.673172 -13.342994  181.470535  0.265046  1.400244      89.808670    622.561035 -142.490860   6.971361  0.359945  309.260620
34   134.623383 -30.966789  185.184448  0.343519  2.850836      58.104164   1572.012207 -217.413910   6.433078  1.965139  443.303772
35   121.433731  -1.893130  165.402161  0.199047  1.226978      70.438934   1354.835938 -173.289642   6.916328  1.036659  347.072418
36   112.464348  -1.278840  163.393387  0.194223  2.146328      29.965662   1915.783081 -230.293427   5.563728  0.261792  292.267059
37   103.738152  -2.453985  167.149170  0.179816  2.380135      68.957642   1183.617676 -154.495712   5.471808  0.370631  416.849609
38   119.891068  -2.953033  170.213120  0.188369  1.141044      64.617836   1612.170898 -204.175308   7.010130  1.292931  412.608826
39   121.802383 -26.687674  201.778549  0.273731  1.813540      72.131386   1388.099731 -170.816391   6.321452  0.634321  382.203308
40   123.477165  -2.974214  161.364975  0.250489  1.232097      63.704235   1228.867310 -191.211609   7.567269  1.112246  440.086334
41   118.294456 -17.390810  171.083954  0.284860  2.328958      91.604103   1121.682861 -220.221466   7.171140  1.486098  298.134766
42   129.317169  -7.728402  165.190140  0.248457  1.392671      73.391022   1407.364746 -168.626160   7.329447  1.435695  328.899719
43   114.663849 -22.047947  196.739380  0.241517  1.472294      61.253242   1296.984863 -158.330795   6.865129  0.365739  416.582581
44   135.326477 -18.030434  164.682678  0.320916  1.851933      93.800705    603.726318 -238.910965   9.213207  1.202763  252.136230
45   124.471359  -9.759866  151.002380  0.287578  2.091918      42.632645    952.188965 -217.541168   7.625727  0.265236  378.936615
46   114.088516 -20.829912  170.803024  0.289739  3.060633      43.437035   1306.484375 -245.376572   6.288480  0.345163  425.131531
47   113.600700 -12.410954  150.243011  0.340211  2.525873      51.815319   1386.872070 -184.572311   6.160851  0.557893  397.445099
48   123.048698   2.182555  150.794510  0.214283  1.335993      62.026943    879.445557 -242.596405   7.976955  0.566954  403.282562
49   118.747719  -9.388725  153.880753  0.259528  2.585081      66.644363   1751.239746 -229.938934   5.429554  1.851187  419.170197
50   115.643593   1.438670  164.991776  0.192627  1.071719      74.616997   1058.558838 -224.656418   6.709804  1.595288  448.026642
51   127.213905 -19.247156  174.060364  0.312835  2.176459      34.923046   1620.561035 -187.747330   7.417301  0.372657  357.015778
52   124.998421  -9.710291  168.158630  0.255519  1.736541      63.883007    767.238281 -204.563812   5.711663  0.575795  418.702118
53   111.223999 -11.584502  170.551376  0.287385  1.826234      79.464539   1432.142212 -151.326340   6.523427  0.727788  360.911591
54   105.947792  13.285231  143.014648  0.219658  2.590451      78.975731   1108.911377 -211.929047   5.465589  0.651125  442.511627
55   108.388275  -2.518618  170.289886  0.179523  1.665002      69.886223   1343.104614 -232.349121   5.858272  0.605869  414.258942
56   112.923996 -15.446248  166.756592  0.297391  2.460126      53.589554   1415.486694 -194.617142   6.424444  0.363360  329.924103
57   133.669388  -8.137473  164.773727  0.243472  1.345311      70.357758   1576.183228 -162.961868   6.259646  1.844978  351.762085
58   113.007172 -16.591085  162.950058  0.318554  2.596421      80.084160    671.928223 -172.934494   5.683988  0.641679  428.059601
59   100.389206  -1.708645  171.273605  0.160796  2.080669      84.072693   1672.109009 -153.815094   5.439736  0.636668  408.322662
60   125.821823 -23.966509  186.678406  0.285032  2.432065      72.738022    832.443115 -197.973190   5.453404  0.891697  393.120728
61   113.444328   6.685438  152.498428  0.229938  1.325111      91.293732    602.747742 -244.855576   7.091070  0.281364  340.944611
62   116.804939 -16.014921  176.271927  0.241560  2.418326      83.002357    807.076294 -214.762756   6.338372  1.774243  432.670593
63   106.041824  -8.977750  180.321320  0.161089  1.644960      65.700264   1154.865601 -175.079895   5.259380  0.340815  402.540924
64   116.852753  -9.043972  168.240738  0.254231  1.823504      72.217339   1220.075806 -228.957657   5.520617  0.509246  281.457611
65   107.620071  -3.595476  156.649658  0.235267  2.648125      92.872337    626.379883 -224.614868   5.659679  0.588079  380.411102
66   121.884659 -30.996994  183.465927  0.329091  2.953111      56.225761   1065.360596 -207.200134   6.637046  0.510758  438.387695
67   132.933258 -14.963660  151.773300  0.320868  1.781159      69.671288    907.706116 -247.394852  10.387942  0.650100  311.655090
68   122.094658 -22.541380  166.007370  0.337045  2.570611      57.464848    839.407104 -191.490891   5.204121  0.222151  312.948792
69   125.273674 -17.024736  181.975433  0.347550  1.346579      73.800980   1169.934204  -81.561523   5.967723  0.888655  412.990753
70   124.359207 -21.003761  178.437775  0.305118  2.206575      74.058807    925.010559 -113.340378   6.008125  0.731014  350.119019
71   127.242416 -20.612539  165.928162  0.343950  2.161855      51.835976   1308.871460 -142.686478   7.714445  0.625702  387.307800
72   115.423149  -8.144150  163.374573  0.291062  1.714085      85.539215   1528.468384 -161.916245   7.549494  1.015128  290.492920
73   126.682304  -5.493376  157.063828  0.286795  1.259553      75.919106    977.324646 -229.354111   8.339577  1.101663  373.045227
74   105.894012   4.061898  165.378235  0.177606  1.263690      75.539398   1526.049927 -191.491638   6.051474  0.820142  440.871796
75   137.704269 -16.717014  176.317047  0.337866  1.569185      27.169704   1455.970825 -214.863419   8.987770  0.293844  391.939240
76   117.528229  -6.126668  168.906708  0.293070  1.112833      53.718838   1408.205811 -114.179512   6.335027  0.338987  339.129578
77   121.874504 -11.530607  165.475876  0.317921  1.651006      68.403503   1260.144287 -130.267822   6.269948  1.276233  447.905518
78   110.305084 -17.707146  175.724182  0.292206  2.171018      84.592262    955.393982 -175.744659   5.094032  0.694164  424.761658
79   136.481796 -10.269258  169.688202  0.289747  1.169299      63.278427    905.623169 -203.711609   9.049823  0.710790  393.978516
80   127.224724 -11.683402  173.892075  0.269490  1.597663      61.623631    845.714233 -190.090393   7.933471  0.393635  380.872009
81   117.312035 -14.755501  184.125473  0.228592  1.701990      90.508560    987.981262 -198.748337   6.086553  1.286723  340.533478
82   124.721741  -8.878608  170.734070  0.254431  1.528808      40.576637   1655.058350 -233.516602   6.607447  0.537482  426.614868
83   115.575989 -10.662089  168.030441  0.303276  1.629467      67.259384   1813.011475 -185.604889   7.773999  0.841647  392.818390
84   116.551636  -2.551242  166.026215  0.215345  1.457148      84.946228    616.638000 -154.714493   6.527019  0.993363  421.623444
85   113.497955  11.597287  139.160355  0.204873  2.237676      81.588112    734.465881 -231.044220   5.773464  0.945196  434.345490
86   108.816750 -32.480045  180.173935  0.301137  3.615166      83.805756   1279.574341 -187.156067   5.234907  0.672388  382.979340
87   130.181015 -21.365675  163.753510  0.349800  2.169099      62.692371   1168.665527 -187.419357   6.866113  0.882434  369.722565
88   109.776451 -11.286681  179.550232  0.208636  1.797453      74.464195   1808.784058 -201.882492   5.589353  1.052598  438.576904
89   104.087982  -6.394391  161.625748  0.272642  2.387069      92.918472   1253.717651 -209.544266   5.449966  1.214776  424.793854
90   108.547440  -7.995936  170.463440  0.190373  2.530491      82.220406   1849.643188 -194.624313   6.129046  1.727369  424.504822
91   133.721756  -9.744826  170.683456  0.281983  1.173948      77.895477   1253.299561 -214.908569   9.689436  1.279793  320.547852
92   115.445549  -3.244522  171.486572  0.168356  1.435017      68.524887   1242.741089 -234.679764   5.903113  1.032404  409.745605
93   122.102303  -7.215736  169.225723  0.246526  1.402101      65.166466    965.301331 -192.127243   7.291163  0.796537  429.480835
94   127.513916  -9.692129  159.206848  0.252309  1.910007      70.094994   1896.217651 -218.544891   7.338789  1.294376  303.339020
95   118.086441  -9.298916  170.306168  0.253594  1.797156      56.650208    973.879333 -176.217163   5.121502  0.205559  308.365417
96   122.637978 -24.535397  169.184448  0.302777  3.092819      64.697754    842.751648 -243.932907   6.043013  1.312594  427.961487
97   126.326599 -27.047113  173.039780  0.313862  3.022684      81.480347    553.788208 -231.694290   5.494801  0.465377  267.567657
98   134.372757 -14.506246  149.716415  0.336981  1.557242      78.653610   1590.116333 -225.524475  10.428502  1.695569  333.117615
99   118.842422 -11.272595  179.185440  0.261786  1.280033      96.234245    576.910583 -177.662964   6.236722  0.992866  347.439209
100  135.914246 -10.988015  184.564819  0.236828  1.363193      66.299103   1460.719116 -228.656616   7.148334  1.512020  381.304260
101  107.973404  -9.872499  162.685684  0.291402  2.301780      81.505341    957.600220 -187.390717   6.627537  0.409957  360.631317
102  111.288254  -6.120378  181.591858  0.147745  1.023302      62.747845    904.762207 -215.417450   6.316165  0.364615  439.475922
103  122.262573 -16.971748  163.816895  0.304034  2.425106      60.654217   1696.468140 -237.239639   7.273393  1.451907  434.453796
104  110.741539   3.292205  163.367981  0.190591  1.332015      73.764046   1039.481934 -237.435974   5.399345  0.754152  449.445343
105   95.119637 -17.191769  172.091522  0.229499  3.541201      96.879158   1916.237183 -156.824371   5.021830  0.403306  305.734283
106  128.223541 -15.061839  159.101822  0.278098  2.324845      54.437820   1650.678711 -235.265411   6.770111  1.280610  402.658417
107  111.429092 -12.994905  173.773468  0.255486  2.024991      63.387615   1492.947144 -203.896912   5.652320  0.605962  420.093140
108  114.214783 -12.139877  174.957901  0.267132  1.803461      58.777832   1335.025879 -221.371185   6.806585  0.527867  440.177856
109  113.362511  -3.947181  173.846359  0.169419  1.286927      83.514557   1611.279297 -206.935013   5.181805  1.992623  384.097839
110  126.172035  -4.266658  164.215347  0.249514  1.146858      63.820724    971.686584 -213.346283   6.528453  1.165789  447.651184
111  121.755379  -7.711259  182.102417  0.202079  1.055688      62.276279   1192.617676 -203.590851   6.717527  0.783852  398.375031
112  116.190468  -8.228209  159.482224  0.277992  2.136220      33.027840   1737.674316 -196.243195   5.604272  0.406196  415.715576
113  113.206192   0.856820  163.256454  0.228248  1.256051      59.722916   1204.205811 -218.850876   5.769169  0.396446  392.943878
114  123.433189   2.693390  138.994583  0.242680  1.699549      51.243450   1469.956177 -227.415955   7.569550  0.532669  344.224121
115  111.270157   8.305498  153.504013  0.220028  1.355185      65.039116   1029.538086 -233.187332   6.829567  0.406763  443.862213
116  128.889801 -14.504456  173.709091  0.289069  1.702571      67.202698   1859.227539 -201.521484   6.962727  1.135863  354.683380
117  120.604263  -4.060591  159.240036  0.252246  1.508792      88.382629    947.530396 -231.333618   6.962633  0.955245  258.683533
118  126.631905 -19.344326  180.132080  0.322352  1.796435      82.244949    585.252686 -207.541229   7.729638  0.473185  368.273834
119  114.566185  -8.377993  170.682251  0.251209  1.680937      66.736374   1557.341187 -113.905220   5.153499  1.033024  440.713562
120  134.003098 -12.924964  198.162201  0.218628  1.271261      67.968315    893.697571 -228.129562   7.146708  0.568591  313.689972
121  129.122513 -14.925179  169.184692  0.302557  1.757620      57.964958   1579.103149 -192.444550   6.293837  0.980901  405.970062
122  110.449333  -2.903991  165.968979  0.213189  1.696933      89.957153    801.746460 -143.193283   5.439862  1.049227  388.844727
123  123.559601  -5.567401  161.146927  0.298760  1.186759      85.737427    854.333374 -168.552521   8.599933  1.909504  388.352997
124  132.817657 -14.380651  173.854218  0.312191  1.518118      49.799999   1754.413940 -192.787994   7.577912  0.672692  372.763000
125  114.421959 -15.438915  172.187729  0.247875  2.540742      84.056953   1935.741455 -178.517273   6.327846  1.454263  319.143646
126  100.642998 -14.401564  173.478561  0.230299  2.903538      75.337021   1438.555176 -216.298523   5.264874  0.344644  383.500183
127  117.588669 -14.990589  166.690613  0.317583  2.018552      90.464539    548.551453 -147.979797   5.591777  1.160842  417.993469
128  120.948799   1.733791  155.746307  0.207014  1.347745      46.303734   1102.843262 -207.282761   5.712475  0.351380  389.843048
129  110.636284  -7.018988  168.246048  0.240808  1.875343      78.271828   1420.773682 -203.716812   6.914667  1.207394  429.403961
130  127.891335  -6.323743  162.354813  0.294771  1.218107      33.218491   1284.040649 -184.414124   7.768960  0.318784  448.998322
131  105.407578   5.222074  164.115692  0.152338  1.477680      96.035141   1392.907227 -205.392380   5.653717  0.965797  324.915283
132  119.338684 -10.746931  147.837265  0.346553  2.005945      88.783989    577.380005 -146.054443   6.150218  0.875943  341.429108
133  118.174164 -18.253824  158.745560  0.337488  2.513594      67.480309   1510.433960 -217.618546   5.721559  1.549414  426.071442
134  133.498428 -10.157673  158.194382  0.268230  1.556530      53.620365   1675.925659 -178.309708   7.673084  0.889577  370.132172
135  119.536102  -9.192270  156.485306  0.287832  2.019434      82.015999    731.800842 -177.930801   7.259599  0.889549  328.152222
136  103.956230  -8.500455  170.751465  0.272403  1.787979      63.656616   1541.642090 -139.373260   5.227615  0.302253  378.559692
137  130.282593  -4.136745  146.850342  0.263610  1.403668      34.858368   1126.062012 -188.714584   7.555814  0.276056  393.456818
138  121.113358  -1.874124  165.118225  0.208962  1.289496      17.054665   1790.843262 -188.338364   5.151851  0.269423  374.847382
139  121.339973  -6.879170  138.693619  0.302640  2.199458      66.761024   1265.753784 -239.524475   8.539255  1.211577  363.941895
140  112.339050  -3.235857  166.354355  0.191438  1.935351      71.452995   1566.806274 -218.711197   5.138375  0.968829  382.930664
141  129.338715  -6.504897  143.656082  0.297384  1.522817      57.393124   1593.061890 -246.709229   9.071066  1.292271  434.964996
142  115.914970 -19.259172  166.842972  0.301591  2.719909      73.178833   1069.996216 -212.425537   5.426116  0.689479  321.210815
143  110.555115  -2.127541  169.353745  0.227886  1.218425      67.834671   1650.400513 -195.737839   6.106859  0.788516  441.440704
144  113.405853  -3.002969  164.412354  0.193535  2.047251      80.990662   1523.532715 -196.079697   5.345107  1.038749  319.300903
145  123.575722  -9.560999  141.927612  0.333539  1.930744      56.895737   1447.356812 -171.606506   6.672408  1.088783  425.162933
146  122.039047 -15.340233  179.272354  0.270309  1.754967      69.284760   1674.317383 -195.410995   7.160019  1.626503  441.588043
147  120.152107 -11.140758  164.178223  0.255114  2.317264      67.370079    837.349487 -205.058334   6.070575  0.703078  401.558167
148  129.461136 -19.155731  191.591232  0.297471  1.629480      41.625488   1749.108521 -146.701004   7.558733  0.532665  434.113831
149  132.810303  -8.595310  153.959000  0.285373  1.458052      13.142160   1691.740967 -206.731796   7.056368  0.284253  416.448853
150  130.316772 -15.769739  178.800995  0.324422  1.531036      50.029552    945.269897 -175.627518   8.539070  0.294359  417.786499
151  143.169083 -17.387867  170.882370  0.306422  1.815650      16.434185   1470.040649 -248.973526  11.214599  0.213299  369.015930
152  110.459625  -2.916663  167.674637  0.250320  1.319491      80.544235   1469.127686 -144.767975   6.280578  1.001150  407.223602
153  117.366463  -5.046629  163.652893  0.270649  1.424897      81.705170   1501.020630 -215.515091   7.393685  1.274606  347.360382
154  123.089302 -25.364820  170.195831  0.345434  2.626742      73.928917   1170.104858 -160.914307   5.372822  1.201037  350.745941
155  121.977135  -4.227479  167.196136  0.229965  1.197249      66.390663   1044.497192 -245.014191   8.141122  0.943735  406.874298
156  127.187927  -8.139929  178.451660  0.195455  1.452647      55.439564   1321.157104 -206.878433   6.563467  1.024019  432.468384
157  122.737999 -17.526369  174.855331  0.244745  2.583842      79.239983    605.113770 -179.715393   5.005150  1.410329  402.897644
158  110.308647  -0.565950  166.053406  0.223555  1.272316      87.072189   1811.891113 -185.728104   6.778204  0.902046  296.232300
159  115.388969 -12.129299  155.513062  0.268549  2.847970      94.457054   1141.011230 -165.976807   6.014592  1.904744  257.641968
160  114.286575  -9.256601  169.245056  0.238883  1.997849      53.196232   1803.097778 -171.234024   6.099310  0.614155  405.384430
161  129.100677 -21.891354  175.692780  0.284575  2.597033      68.141357   1308.433472 -223.905258   6.278347  1.328904  349.245453
162  121.306252 -18.388680  171.577179  0.286754  2.356753      77.396591   1485.088257 -202.258682   5.605952  0.994857  268.959900
163   90.769371   2.772023  173.551086  0.119044  1.456253      95.572533   1566.410156 -242.343552   5.831730  0.204782  359.215332
164  120.752739 -17.007046  186.662537  0.263339  1.625384      81.221802   1268.477539 -184.383209   6.601805  1.946550  425.030640
165  113.229874 -13.787340  176.210388  0.330460  1.397740      95.502647    743.727234 -113.877380   5.414058  0.856517  425.438446
166  124.282249 -20.507511  162.449890  0.328496  2.496175      75.149704    606.340393 -236.704651   6.028233  1.157424  399.999268
167  119.072922 -17.156950  178.435715  0.338475  1.544331      46.106316   1689.152100 -141.794174   6.921393  0.468803  441.527100
168  117.181152 -21.826420  175.461029  0.253249  3.126138      60.042927   1512.294312 -209.334244   5.475541  1.017697  433.334473
169  125.653770 -24.217533  174.288742  0.310242  2.736779      58.365562   1016.246094 -181.768570   7.007459  0.848056  434.456909
170  134.714630  -9.239526  178.181671  0.242050  1.199556      57.310314   1173.331421 -203.617676   8.383156  0.404515  254.545151
171  129.469009 -21.765944  173.759155  0.310576  2.459947      61.711884   1584.079834 -181.233459   6.096157  1.683453  428.410492
172  115.804230  10.760714  137.650085  0.273143  1.530122      53.725346   1270.600830 -217.121658   7.133758  0.453571  436.732910
173  105.148613 -14.872941  174.291336  0.183762  3.368595      96.177963   1796.334351 -154.024658   5.427957  1.573704  363.523071
174  105.534218   8.928973  160.918777  0.192480  1.231509      46.728355   1396.117065 -168.299332   5.448737  0.200032  433.653381
175  126.831924 -27.723532  189.829926  0.315758  2.480403      66.989639   1361.358032 -231.056610   6.167234  0.823019  375.118866
176  122.222984 -21.920998  159.562439  0.343165  2.693088      54.131245    778.456848 -199.532242   5.849918  0.519378  447.941132
177  118.143997  -0.345852  161.244339  0.216336  1.429746      54.007610   1359.937256 -236.550415   5.640385  0.748473  440.372406
178  112.024284  -1.403833  157.496765  0.247937  1.902126      86.604988    934.721680 -185.573288   5.525284  1.600577  424.820099
179  112.158463 -12.136973  166.036087  0.199737  3.413388      88.250931   1190.403931 -208.712814   5.040117  1.180324  281.977112
180  120.448692  -9.005909  164.947235  0.235982  2.040245      66.984810   1493.050171 -249.687805   6.137893  1.608289  413.809692
181  117.763939 -15.667704  178.156387  0.286765  1.780313      61.177246   1679.927612 -116.555771   6.435897  0.683995  402.204529
182  112.866371   4.164158  150.793167  0.246275  1.733654      73.080887   1116.317383 -242.850082   6.497327  0.640812  384.413269
183  128.907425 -10.194749  178.092361  0.266205  1.170146      65.851181    963.778687 -191.639587   7.417529  0.520470  337.356934
184  117.359245 -25.978470  175.352722  0.275785  3.502967      58.825790   1654.079102 -233.680405   5.004125  0.926748  394.445953
185  122.283859  -4.485845  166.332214  0.247652  1.318933      44.389317    922.610718 -240.067871   6.084730  0.214973  446.708832
186  123.442825   5.100768  143.759567  0.257420  1.208905      17.087286   1664.248779 -229.024429   6.336373  0.282653  448.748840
187  127.149597 -13.181330  163.935989  0.303635  1.878795      44.335579    920.989380 -177.846085   5.790730  0.203837  405.419861
188  113.977432 -15.731426  156.543091  0.311656  2.775506      71.836113   1820.235718 -193.995010   5.214149  0.934785  292.780182
189  107.679474  -9.506444  168.475784  0.230074  2.577556      80.351326   1195.747437 -167.963730   5.879482  0.914982  426.931488
190  122.264687 -17.275986  196.343231  0.170358  1.964102      78.003693    830.841370 -213.140594   6.081803  1.043314  382.115173
191  116.793442 -19.643768  176.673111  0.284700  2.351829      83.868149    769.209229 -190.284119   5.276478  1.703173  426.021240
192  119.957710 -15.524595  171.559372  0.339725  1.679081      75.658745   1995.864746 -163.611069   6.692735  1.642306  419.529266
193  124.644119 -24.586922  177.037537  0.295123  2.793882      91.994690   1082.747803 -209.847839   6.295667  1.877443  254.520523
194  104.349800  -9.240162  152.537155  0.289450  3.220595      67.312752   1762.468506 -156.120056   5.323487  0.748682  392.689484
195  120.915337   1.230028  160.152725  0.197372  1.128715      61.665970   1864.162720 -223.085907   7.257175  1.448253  424.225494
196  120.973900 -14.328465  190.931152  0.235731  1.224514      20.956213   1804.817993 -140.106461   5.581327  0.222498  310.433167
197  103.980499  -4.043113  159.414078  0.211342  3.219954      79.114143   1690.929810 -207.621948   5.424040  0.868453  384.189728
198  116.257050  -9.260715  150.440414  0.312028  2.302272      62.175381   1191.870850 -202.110947   7.062487  0.378195  261.263428
199  118.564270  -9.211066  168.559601  0.276969  1.582330      84.287720    651.318481 -215.949203   6.506894  0.328375  332.001923
200  112.978241 -17.645247  169.751099  0.319235  2.206730      84.627129   1774.715698 -123.521828   5.453555  1.354610  369.925873
201  124.677353 -15.093113  162.392639  0.319169  1.985971      71.835396   1678.284546 -214.268967   8.280382  1.630707  376.004669
202  117.289589 -16.856773  167.202347  0.296495  2.431195      80.828659   1143.066650 -151.312439   6.516012  1.942555  403.376160
203  118.009590 -11.400621  158.371246  0.282063  2.351423      79.541077    632.714905 -222.641388   5.340884  1.323279  416.263062
204  116.411499  -0.028387  158.260269  0.254134  1.333883      73.385849   1328.079834 -200.337387   6.908920  1.183964  417.344025
205  140.216492 -14.448275  168.857742  0.345337  1.239370      86.611931    640.421204 -184.974579   9.674809  1.465168  372.709473
206  124.016479  -8.965795  183.985229  0.214617  1.042298      73.238846   1332.279419 -197.257294   6.465602  1.262210  358.762115
207  121.792999 -24.534470  182.865540  0.318640  2.402251      33.798721   1417.282104 -181.475479   6.491689  0.220651  354.563629
208  126.458313  -2.017588  151.899399  0.229839  1.438901      67.987976   1499.261353 -244.841919   6.924382  1.459797  386.283844
209  135.257660 -18.062477  175.597763  0.337518  1.705597      39.607460   1682.743774 -213.685089   8.400861  0.579015  442.337860
210  135.620346 -12.291574  169.839157  0.282014  1.595870      35.705189   1295.977661 -197.011337   7.007948  0.399993  421.579834
211  130.041656 -17.398087  157.255447  0.337467  1.966927      55.066395   1436.367920 -198.041809   7.816819  0.981355  404.794891
212  116.419205  -9.019908  159.595123  0.310916  1.822341      64.385559   1720.095459 -163.116577   6.149536  1.059152  425.812286
213  113.887230  -7.976109  154.100082  0.283604  2.407116      95.355598    621.257812 -203.049377   5.559116  1.175817  316.503143
214  134.933121 -12.848302  173.676529  0.310074  1.284448      74.178413   1762.937378 -187.193588   9.224290  1.437348  334.806519
215  136.716644 -10.880219  178.718094  0.289516  1.183595      37.466904   1019.403503 -175.092285   7.882957  0.252933  436.661957
216  117.533096 -20.553246  161.392502  0.346840  2.637336      57.608334   1433.663940 -208.586853   5.850625  0.954894  439.773895
217  111.467506 -13.177296  180.273163  0.206090  1.982530      76.647789   1049.858398 -215.003906   5.546620  0.500752  359.941895
218  133.853851 -10.721501  168.079117  0.255369  1.583684      63.972221    649.224121 -216.054840   7.539473  0.505219  408.698242
219  114.404480   1.436466  155.007584  0.238401  1.723145      64.901649   1423.773560 -238.397614   6.963806  0.896748  439.488495
220  109.022362   0.518547  166.674545  0.190281  1.432004      91.314087   1128.046753 -194.703415   6.255144  1.604740  408.125458
221  133.132706 -11.599937  170.951141  0.257736  1.657818      47.657597   1757.690308 -200.160400   5.242265  0.806701  389.407806
222  117.696938  -0.976650  156.372681  0.222335  1.799230      63.350677    998.194214 -238.866089   7.469886  0.566336  385.048706
223  116.990044  -1.998570  160.007385  0.214058  1.893023      14.711946   1816.234375 -231.413696   6.056729  0.300659  440.581329
224  123.920105  -0.488263  158.506149  0.257464  1.001799      47.591248   1454.925171 -208.440384   9.298671  0.536602  407.609253
225  109.706268   2.069121  152.621490  0.207671  2.517442      85.866547   1804.164307 -230.964584   5.228793  1.899950  392.788757
226  125.828163  -9.445375  167.265488  0.255988  1.651033      65.162331    794.406738 -184.046494   7.506837  0.920280  431.695129
227  125.367233  -5.010770  175.810547  0.190198  1.416495      29.132828   1371.168335 -224.620728   6.187776  0.335390  421.032074
228  127.114525  -0.722763  150.535110  0.255537  1.166842      30.906610   1780.274902 -202.707626   7.989259  0.377348  341.737854
229  124.147270 -24.608810  169.303604  0.321448  2.799952      76.551216    632.033936 -175.776642   6.222448  1.844678  402.134491
230  123.080124   5.894670  148.803833  0.170431  1.238932      74.146553   1280.746460 -244.461136   7.488874  1.218023  315.117188
231  111.290504   1.034889  161.946762  0.166193  2.191063      82.940147   1087.369751 -167.882736   5.520906  1.762802  412.680969
232  117.432274 -20.543589  164.423691  0.273774  3.276418      68.789032   1638.685059 -221.321030   5.258728  0.849122  266.062134
233  109.713867  -9.739898  175.339554  0.279689  1.316435      68.292122   1612.591553 -147.633972   6.470871  0.444315  341.708588
234  109.911606   0.804368  156.953629  0.216891  2.088498      70.982018   1103.369629 -204.291840   5.890986  0.470179  360.733978
235  117.855873   2.449714  158.701508  0.229703  1.062210      47.540871   1586.321655 -204.570221   6.701110  0.369062  324.892792
236  112.479492  -0.486226  153.549118  0.270399  1.836952      59.146801   1287.840576 -164.928711   6.297743  0.389383  348.387970
237  102.299957  -6.958691  160.019180  0.252613  3.067379      34.981277   1931.203491 -207.004623   5.006725  0.292186  448.796906
238  127.977394 -31.610569  197.052094  0.287103  3.036029      77.581673    619.419739 -214.700043   6.019228  0.425194  428.501862
239  120.841705  10.077611  144.558777  0.196244  1.068859      58.998138   1120.974243 -222.617676   6.657092  0.554113  383.493408
240  111.596069 -13.601707  174.044800  0.224498  2.625512      60.284004   1731.706421 -220.770096   5.977865  0.837677  442.480560
241  111.278412   3.089835  161.592453  0.216129  1.161598      97.931213   1150.490112 -146.796494   5.518239  1.952804  363.707336
242  132.176163  -3.956783  151.457932  0.232539  1.249801      45.240227   1199.365356 -229.770721   7.887742  0.661732  433.649872
243  122.877800 -11.866599  182.341568  0.274112  1.145635      72.195847   1260.362549 -151.411652   6.072011  1.516372  437.554504
244  118.717621 -13.822733  179.254730  0.283401  1.496139      60.882263   1715.872925 -182.535263   7.852156  0.753777  414.627380
245  115.302773  -7.565465  157.556030  0.237511  2.695597      35.033798   1439.050171 -219.620117   5.338088  0.241451  290.197418
246  111.986786 -21.433594  181.356323  0.281595  2.312763      66.754509   1364.031860 -137.047348   6.095935  0.292360  279.329865
247  127.485695  -7.694517  177.530380  0.219369  1.285400      60.565933    844.220276 -191.866989   7.009139  0.491753  394.029877
248  119.735069  -2.394032  152.525436  0.235673  1.930961      67.595238   1508.449585 -170.765228   5.392564  1.615371  422.286438
249  120.418983   1.156033  156.934540  0.196167  1.481903      55.400227   1061.849731 -199.906906   5.603410  0.315363  290.018829
250  137.992889 -15.140052  183.890610  0.313679  1.423654      15.245650   1760.069214 -198.071121   7.875926  0.208871  307.246887
251  117.341408 -11.199914  166.035233  0.283317  2.012793      68.318985   1898.337402 -240.114441   6.221013  1.628747  447.968048
252  121.676247  -4.084024  134.349228  0.327972  1.858629      59.329712    866.405212 -160.242325   5.744232  0.266421  297.109680
253  117.855347 -11.980422  177.529449  0.259666  1.589219      70.289658   1227.844360 -222.086227   7.140571  0.692706  374.174866
254  108.680382 -19.610579  182.097977  0.251483  2.237558      84.062843   1550.973267 -247.998642   6.480302  0.784600  398.233154
255  102.299423 -10.047075  162.233978  0.273310  2.872117      73.434921   1026.218140 -142.953674   5.151306  0.280972  403.134796
256  120.674805 -17.260601  165.828979  0.287498  2.567242      40.135899   1670.643433 -224.351944   5.692898  0.625273  424.309998
257  130.015961 -13.775246  185.163818  0.275173  1.394006      40.452450   1322.235352 -168.995590   6.782558  0.263167  311.856171
258  108.437141 -18.889673  169.756897  0.331277  2.355176      90.421539    753.198914 -197.391953   5.489730  0.508403  416.312592
259  114.724258  -4.869096  164.794800  0.289788  1.332489      74.561417    943.425720 -119.094582   5.588116  0.612869  411.848083
260  127.136803 -15.599507  177.463608  0.287094  1.773874      57.554897    861.869690 -167.594833   6.940961  0.469941  438.324646
261  130.759995 -20.003759  178.466293  0.284553  2.322136      59.752495    824.323181 -221.598251   7.532335  0.982306  444.235413
262  116.981140 -11.760840  165.876968  0.276456  2.084150      62.130428   1413.070312 -133.929489   5.099854  0.469344  278.801849
263  105.727692 -14.814749  171.064331  0.267942  2.485561      83.979996   1756.583862 -186.310349   5.928833  1.227603  433.628448
264  108.209091 -14.565187  163.283279  0.288856  2.788041      86.775101   1975.835449 -179.450150   5.451418  1.859259  407.394623
265  127.513298 -17.845264  157.216278  0.340237  2.062488      66.609665   1125.917847 -204.688568   6.813187  0.603691  281.245178
266  130.498398  -1.118882  155.635406  0.199895  1.063139      66.743309   1742.135986 -231.788467   8.304693  1.969004  388.495972
267  101.633430  -7.116299  167.296768  0.194807  3.098821      79.698097   1709.165527 -227.238998   5.610827  0.598428  369.991699
268  128.009430  -7.749983  155.337509  0.333702  1.234715      64.506584   1232.463867 -146.371033   7.623944  0.927613  431.698547
269  128.090897 -10.099903  156.488876  0.347412  1.346264      46.167530   1364.171265 -152.426285   7.703271  0.437493  386.249725
270  108.789566   6.190095  160.753067  0.202120  1.110975      84.648979   1327.641479 -226.551056   5.825336  1.032717  400.176392
271  119.591728 -20.825617  170.846298  0.298173  2.652024      69.852257   1938.629761 -181.391342   5.988074  1.479459  372.573944
272  107.355469 -17.461090  157.344574  0.303546  3.450001      63.808453   1230.755005 -228.792603   5.204528  0.896448  435.094299
273  121.492294   0.903649  158.282684  0.200276  1.289315      50.053062   1601.489624 -236.926971   6.870350  0.523120  341.380554
274  115.994453  -6.579736  163.574921  0.210097  2.351543      60.956017   1666.200073 -239.201294   6.418106  0.901124  385.826996
275  120.764275  -7.996359  167.695770  0.230485  1.867157      79.002090    563.967407 -186.947281   6.379582  0.634532  436.105316
276  117.783585   5.160214  139.532013  0.272065  1.801866      76.220726    670.571106 -213.777908   6.663129  0.497838  432.345581
277  112.688538  -3.951875  163.498840  0.239063  1.745195      71.539223   1493.028931 -135.004150   5.517906  1.029656  412.907501
278  133.969589  -8.590421  173.042679  0.256501  1.148870      59.889580   1564.164551 -203.795090   8.479559  1.174993  388.288361
279  117.871971  -3.520729  162.480835  0.241409  1.516074      70.473633   1436.853271 -202.959305   7.415362  0.789047  338.602844
280  132.081161 -21.342077  190.899689  0.321959  1.755782      69.867798   1255.910522 -157.961609   5.602273  0.954164  367.586517
281   95.787666  -7.815001  173.624985  0.253675  1.642126      68.958832   1967.561890 -178.613495   5.804560  0.232707  369.264984
282  135.542267 -18.713894  162.338898  0.296540  2.194038      62.571209   1046.655273 -249.531189   8.323262  1.601439  428.055542
283  133.029495 -12.433416  174.242294  0.268830  1.499380      82.977051   1232.331421 -197.312698   7.000185  1.600797  298.399170
284  131.568802 -17.157881  155.848694  0.324016  1.980703      62.458557   1212.014404 -222.369659   7.957193  1.664458  443.459564
285  104.926514   6.003845  155.066788  0.265641  1.687024      59.961575   1452.272095 -166.408310   5.280437  0.298567  418.665436
286  123.240021  -2.365626  159.654922  0.203232  1.646115      75.027283    784.551575 -207.816284   6.450628  1.134684  371.656342
287  110.060089   7.529728  151.221848  0.252200  1.534137      31.808088   1810.250488 -157.012573   5.481412  0.203823  305.180786
288  115.039787   0.803761  157.660309  0.273430  1.221934      68.544899   1917.888550 -201.183624   7.512045  0.798902  358.623657
289   98.124603  -6.250814  166.208954  0.197180  3.255974      68.377953   1939.425781 -156.184311   6.263495  0.445269  442.608582
290  133.380051 -27.540329  177.245636  0.349858  2.582674      32.270386   1617.985962 -205.164185   6.551450  0.418807  346.131134
291  117.044235 -10.452995  154.937622  0.328343  2.037102      73.754639   1006.435059 -214.191193   7.694730  1.223172  437.474274
292  117.496117  -8.211506  180.180298  0.209400  1.106266      78.211197   1492.053955 -163.383331   6.465772  1.534311  391.447693
293  126.923935  -9.621690  168.539398  0.292638  1.307480      72.091721    915.318665 -180.569122   6.855546  0.732550  375.556488
294  121.868568 -12.722278  180.010376  0.271787  1.427449      58.287354   1815.750732 -126.897926   6.115732  0.735013  391.735321
295  128.417175 -23.072929  173.211441  0.337368  2.305106      71.885597   1020.617615 -175.548828   7.207154  1.037413  356.688965
296  104.472816   7.950815  159.729691  0.147891  2.028563      93.462654    848.481445 -220.528564   5.693881  0.581940  399.377777
297  102.490562  -5.755710  169.760681  0.183395  2.706887      97.143814   1755.689331 -187.199722   5.595313  1.770861  435.864624
298  126.190262 -25.416662  177.705856  0.344794  2.340643      87.899979   1146.097900 -188.080048   5.766011  1.149808  257.223724
299  127.351318 -17.782812  165.251007  0.291510  2.360047      73.876740    874.691895 -236.921890   6.885669  1.170581  355.306793
300  123.664772  -8.424039  169.482819  0.250537  1.591949      28.739731   1540.831177 -214.443390   8.399359  0.313447  376.890686
301  110.355934  -0.522880  168.562775  0.158084  1.616078      57.607201   1787.290039 -230.104706   5.963130  0.378989  250.406158
302  111.127861  -7.219913  156.703308  0.282101  2.469204      43.610088   1595.647705 -196.847290   5.784683  0.377401  399.341431
303  114.074936 -10.218542  177.463318  0.220436  1.646558      77.464668   1204.980347 -185.362625   5.865667  1.095474  422.505676
304  123.444168 -11.038437  171.973251  0.236741  1.973496      59.543274   1307.840576 -207.419632   7.509687  1.095956  444.924866
305  106.688889  -2.249062  150.202026  0.292278  2.506001      82.282738   1030.778809 -209.357819   5.570199  0.700385  403.265686
306  127.328598 -10.444642  180.487396  0.243484  1.244957      59.293060   1562.447998 -198.825256   6.817250  0.528169  250.406815
307  110.201736 -14.973269  182.850098  0.287269  1.262527      94.796432   1613.557739 -124.147415   6.675969  1.232476  393.283630
308  118.897430 -10.862354  176.942947  0.259302  1.376938      79.971565    811.651001 -166.191177   6.347803  0.657576  366.257538
309  133.215607 -11.978560  159.189255  0.302006  1.647069      28.619242   1636.357910 -246.169861   8.609397  0.404011  405.958771
310  115.264801  -1.458781  141.303696  0.275575  2.500940      75.779022    766.491394 -205.303192   6.623987  1.193931  418.258392
311  120.749443 -12.513932  163.604630  0.253832  2.415777      56.225784   1395.921875 -164.692093   5.640805  0.654420  344.531708
312  118.112122  -4.681310  164.049362  0.246451  1.515297      77.335587   1777.900146 -191.033524   7.433077  1.151255  327.861938
313  101.704231  -1.885073  174.749832  0.135666  1.509566      65.193748   1423.656494 -192.008118   5.498859  0.337448  402.237793
314  135.169815 -25.774649  185.105453  0.312733  2.571467      69.715553   1498.309937 -237.447769   7.307934  1.125599  304.514862
315  125.251030  -9.287593  158.674408  0.308319  1.536151      66.228394    960.525085 -230.804245   8.848298  0.728649  399.650940
316  119.219955 -11.789377  161.470810  0.318491  1.832222      90.049698   1099.460327 -108.045914   6.369416  1.387947  296.439911
317  111.658791  -2.014230  165.586670  0.193766  1.763094      92.769096   1005.171875 -213.275314   5.168351  1.245104  328.550537
318  119.750519 -10.771779  160.236496  0.320995  1.881358      16.715767   1714.893555 -221.277573   8.403763  0.219005  382.923981
319  121.890343  -9.252339  164.601654  0.295575  1.616368      76.520470    590.938110 -154.110291   6.186748  0.265197  449.659576
320  114.512177   3.999418  158.915466  0.197779  1.277534      62.449104   1097.056274 -226.177963   6.682945  0.444312  400.615601
321  131.423691  -6.212545  154.507996  0.294067  1.132621      72.270210    787.415222 -203.808502   9.670560  1.031169  422.421967
322  129.888748 -22.177950  176.624374  0.296917  2.476280      68.104553   1250.795166 -182.783524   6.139193  1.472010  378.447754
323  130.224991 -12.914375  162.937683  0.309220  1.655177      15.656813   1551.214233 -193.990921   7.916264  0.289459  441.151398
324  132.174088 -19.797659  169.391769  0.333062  2.032537      67.700081   1355.544556 -183.693039   6.483523  1.469732  395.267792
325  109.159523   9.225347  150.269806  0.233985  1.636441      86.714806   1869.095825 -155.391266   5.588621  1.335055  400.514130
326  115.115082 -13.144629  149.337189  0.316175  2.782583      63.522476   1063.638794 -208.902634   5.446748  1.121989  417.678192
327  127.759354 -14.039207  166.176270  0.319536  1.718411      61.170708    815.075378 -163.341980   7.537041  0.456742  432.355072
328  112.209732  -2.652470  155.962234  0.283071  1.797848      92.342812    851.643555 -159.752655   5.737004  1.378062  373.128967
329  111.168175   7.851017  144.600204  0.239037  2.043064      83.092247    900.798584 -214.474625   5.651907  0.872918  404.963470
330  121.670639 -29.704512  177.996201  0.341271  2.955575      75.260071    803.803345 -159.779785   5.215247  1.247940  419.831146
331  121.817566 -14.450505  161.340897  0.303428  2.325681      41.425663   1134.486694 -211.318054   6.152166  0.288363  389.134949
332  119.725845 -13.248923  163.460815  0.268144  2.371393      51.216400   1687.602905 -237.999496   6.803661  0.517804  309.905731
333  120.898964 -20.088007  180.070847  0.260221  2.480358      59.319283   1576.927979 -206.034805   6.291253  1.115202  443.147247
334  115.086876  -6.870766  178.615707  0.178412  1.265942      95.439316    830.111084 -212.116608   6.275114  1.826589  342.058502
335  107.207443 -14.402451  174.773361  0.231967  2.576682      45.262714   1567.986450 -160.787674   5.467164  0.280659  395.630188
336  127.107590  -5.704209  161.388245  0.261321  1.329178      66.720650    771.298096 -198.267349   7.091847  0.339204  325.243378
337  128.613907  -4.881164  136.749329  0.324795  1.344614      74.999641   1257.759888 -234.306732   9.482540  1.608273  376.092987
338  110.752708  -7.216467  163.408432  0.203789  2.908673      72.398705   1762.526123 -199.896469   5.697106  0.994778  351.729828
339  117.630814   0.389720  157.543167  0.293544  1.096650      54.235054   1391.323853 -121.234505   6.161190  0.422380  394.563568
340  105.063766   4.241760  155.867599  0.232037  1.993071      97.979286   1699.940674 -150.698914   6.118120  1.594851  392.370819
341  124.379448 -15.567354  182.066833  0.292972  1.489682      84.166435    956.222046 -147.091415   7.067448  1.394277  360.085602
342  121.164871 -12.844735  159.468277  0.333248  1.861895      75.381798   1355.863525 -200.224792   7.396404  1.750382  405.407532
343  128.419266 -14.793878  176.989532  0.272143  1.873742      63.214363    676.450989 -183.246933   6.141662  0.309006  432.504456
344  116.485435  -9.470155  172.222504  0.290475  1.471222      34.202465   1423.062500 -179.482498   6.014161  0.220689  397.851776
345  120.273407  -5.557208  169.667084  0.265084  1.088111      77.740097   1024.264526 -225.234985   8.326905  1.146993  398.180237
346  114.067795  -4.962147  168.951904  0.231735  1.466982      71.578590   1504.443359 -193.327179   6.797882  0.802160  352.880524
347  117.894333 -11.967308  167.843857  0.211571  2.898599      80.600479    735.360779 -227.041428   5.719142  1.034792  357.927155
348  115.732880 -12.085117  162.451447  0.331580  1.859147      85.398636    869.762573 -158.528793   6.135064  0.591095  318.039337
349  114.465317 -21.993893  169.061279  0.281935  3.176358      76.328575    796.592346 -175.211517   5.504656  0.715182  366.641357
350  118.448776  -6.955889  158.160614  0.314499  1.572383      93.936760    548.838135 -198.619949   7.931116  0.919978  372.983765
351  115.031822 -12.048765  181.656281  0.226580  1.457998      73.370796    854.250671 -149.508911   5.785548  0.295928  335.549683
352  111.908234  -0.875419  148.152069  0.301390  2.081011      48.711632   1273.695923 -209.445862   6.583901  0.263223  378.394348
353  113.477051  -1.133790  161.053772  0.269291  1.328509      92.652969    565.046326 -171.192581   6.602961  0.434076  399.583710
354  133.482117 -21.155239  184.268692  0.319695  1.939008      86.210411    953.213379 -246.488586   7.283420  1.643793  325.029358
355  125.386703 -18.037302  162.885315  0.299759  2.410312      77.160378   1343.028442 -234.147507   7.999414  1.704906  325.438568
356  122.519836  -1.606083  160.746964  0.204318  1.365466      74.012268   1298.146729 -242.205292   7.906008  0.861717  270.275360
357  134.951630 -11.368113  188.609344  0.275594  1.022484      70.342278   1244.194824 -199.273544  10.073041  1.253113  376.809479
358  118.181229 -14.653565  152.007599  0.327627  2.457761      48.905964   1517.611328 -224.780685   6.802855  0.512950  345.641876
359  106.828156  -5.142385  155.543381  0.273087  2.520453      85.887558   1219.697021 -240.595657   5.734375  0.826913  342.507141
360  129.679016 -21.903824  164.561340  0.321165  2.496504      65.023163   1077.813843 -232.181091   6.969127  1.535697  392.937958
361  128.780090 -10.894444  173.958481  0.341239  1.021587      70.458420   1299.100464 -122.567482   7.604723  0.691977  353.259705
362  117.175125  -1.934224  158.229736  0.218912  1.866138      68.479317    825.047974 -222.887634   6.310717  0.553321  386.470490
363  122.947998 -23.787907  166.110519  0.337289  2.684521      80.794067    725.710449 -239.861496   5.129442  1.034175  326.452576
364  108.348740  -3.172190  150.238068  0.265093  2.822008      90.656296    690.656128 -159.031403   5.090189  0.725068  359.549438
365  115.362686  -3.032892  151.744568  0.263806  2.084786      41.322533   1677.636475 -179.763733   5.794678  0.484480  411.748077
366  124.287254  -0.862838  150.587326  0.276371  1.207763      65.451836   1570.806763 -219.505127   7.230977  1.472999  429.577179
367  122.070732  -8.413524  164.131088  0.264120  1.658005      84.260185    524.024292 -244.259537   8.473076  0.977856  438.216797
368  117.033363   0.859446  167.552505  0.153939  1.002925      92.083855    987.319946 -244.081985   7.008112  1.839163  300.405090
369  104.937225 -27.418514  185.414185  0.230722  3.308877      96.982193   1538.413940 -209.470062   5.825641  1.052435  430.971222
370  138.057205 -15.922845  167.738266  0.318370  1.612793      59.412731   1227.745972 -237.839035   7.889500  0.611105  330.743713
371  104.283005  -5.835416  170.222702  0.187189  2.393720      88.628098   1223.340942 -134.538071   5.257344  0.970170  435.621674
372  119.560226 -18.651012  167.499832  0.300281  2.490964      64.554436   1161.155396 -205.456223   5.361059  0.714479  358.858154
373  121.693932  -9.274727  165.800293  0.269118  1.701911      72.258453   1322.752686 -147.943420   6.027755  1.648470  426.771606
374  107.863129  -3.879409  163.937225  0.243284  1.921440      88.231277   1811.660767 -214.637939   7.141482  1.532953  407.143829
375  137.273010 -11.605545  144.932693  0.337038  1.212955      43.465588   1350.955078 -201.290604  10.509419  0.577168  443.692993
376  145.834732 -11.524381  175.279114  0.292816  1.215843       7.322135   1756.564575 -189.123108   7.893412  0.255596  444.973175
377  116.368866 -20.990347  163.411896  0.326060  2.724312      91.055847   1353.614746 -155.512268   5.577516  1.473287  253.981537
378  122.141174 -10.519838  161.716156  0.313210  1.631038      76.803192   1001.288574 -154.198822   7.079162  1.222021  396.357635
379  105.243324  -3.300647  160.632812  0.262023  2.119542      91.687836   1435.571655 -164.227661   5.721031  0.657585  305.701141
380  139.176849  -7.544472  154.518555  0.252258  1.072549      70.879181    822.888489 -210.815323   7.143463  0.894840  333.978943
381  112.213600   3.588994  158.736618  0.230699  1.224232      79.125496    842.872925 -209.751541   6.945895  0.340929  346.866821
382  107.849419 -20.318573  169.278870  0.316095  2.809266      61.109940   1201.854614 -142.578766   5.325175  0.344774  414.617218
383  108.044907 -11.766109  178.556671  0.246051  1.496175      88.216362   1905.540894 -109.508453   5.257929  0.796431  304.178589
384  124.465790  -7.568460  159.193130  0.318373  1.332860      71.903114   1020.778625 -138.587173   7.244443  1.236902  423.662811
385  115.215904 -17.940813  178.671158  0.272701  2.109616      85.511200    945.278320 -234.478760   6.952105  0.556265  313.701416
386  123.948204 -11.043627  159.566544  0.279426  2.026236      37.491962   1390.041870 -206.929611   6.900075  0.312134  316.578857
387  119.108482  -5.876381  158.912216  0.262893  1.939247      49.788345   1069.047607 -209.321930   6.863279  0.428279  435.578644
388  104.345284  -1.449657  160.698074  0.276494  1.871693      81.074539   1656.128540 -212.040558   5.857120  0.703507  417.213715
389  112.222801  -2.791408  164.559265  0.252147  1.504049      81.920723    935.711548 -158.090576   6.130479  0.844586  415.121704
390  128.655655 -15.147357  177.601868  0.244330  2.071486      61.160149   1706.384277 -227.089264   7.045623  1.299965  397.041687
391  114.549751  -6.444248  171.901825  0.175405  2.020289      64.160240   1158.521362 -246.014618   5.095566  0.579985  376.451813
392  114.820496 -16.230677  167.360992  0.221946  3.549960      66.453979    804.673279 -233.110443   5.335686  0.868709  432.427917
393  111.790436  -6.011060  173.617355  0.156940  2.143168      78.307732    814.616028 -215.572220   5.251868  0.904498  438.661591
394  122.415405 -11.858533  172.049332  0.260030  1.806198      67.920677   1088.458862 -225.518936   8.716691  0.896892  390.243317
395  130.774124 -16.242878  181.119308  0.286542  1.711903      52.364582   1179.838379 -187.116806   7.537429  0.703093  431.146271
396  121.199654   3.904039  154.700882  0.170507  1.380358      68.946236   1381.657837 -218.497391   6.154397  1.377666  391.772736
397  121.849319 -18.233206  167.778687  0.317273  2.227567      55.847439   1931.846436 -173.507782   5.658798  0.662832  330.977631
398  119.224678  -5.047948  169.361359  0.209696  1.478486      69.719917   1169.564331 -195.935410   6.668072  0.882438  384.295624
399  118.307411   5.497718  152.104324  0.183137  1.554956      66.758652   1433.596313 -217.922928   6.792874  1.459577  434.350494
400  115.636635  -0.908149  158.356659  0.243643  1.580885      70.136589   1490.212646 -183.904861   6.187059  1.336351  433.962067
401  105.510582   6.085257  155.713684  0.175039  2.411925      86.436203   1472.364258 -225.509506   5.311969  0.977027  381.691223
402  114.978561   7.426322  142.355301  0.256178  1.763740      74.483406    745.321228 -144.536331   6.041873  0.264656  354.560547
403  128.112366  -6.507970  164.501923  0.254696  1.288913      48.677612   1456.062012 -182.312561   7.679039  0.597493  394.646454
404  121.427391 -16.145605  167.269714  0.293280  2.240412      89.408531    784.987244 -247.497375   7.371785  1.095028  278.027924
405  126.749420 -10.664768  166.495911  0.268298  1.691177      82.081566   1080.831543 -216.797958   6.327997  1.754197  334.670807
406  135.945465 -10.780356  156.791565  0.311116  1.257835      68.486160   1845.641357 -234.378876   9.227625  1.958624  411.490265
407  120.896843  -8.008654  160.426025  0.255881  1.973456      37.085663   1473.347168 -200.740768   6.251445  0.277030  304.257141
408  123.550056 -20.646748  193.935181  0.211090  2.294414      57.567577   1784.076294 -233.601608   7.137541  1.105779  438.340240
409  129.517426 -17.237478  181.259491  0.302074  1.721999      67.152573   1003.385864 -127.541412   5.422637  0.755075  375.490662
410   94.460068  15.698095  166.691483  0.089326  1.260847      83.941216   1765.539429 -177.974396   5.252515  0.335382  431.501343
411  104.075737  -5.352704  168.211655  0.223270  2.094436      65.712708   1575.612427 -227.073578   6.714423  0.532083  447.241394
412  109.667610 -22.892096  185.726196  0.266539  2.159024      86.520416   1563.160034 -135.226700   5.711912  1.107042  431.511780
413  130.641434  -7.355916  164.694946  0.261549  1.351129      35.569870   1604.471069 -221.911026   7.295056  0.577199  442.818756
414  114.591660 -13.306985  181.113373  0.295560  1.237493      66.999794   1174.138794 -149.007401   6.125276  0.473225  445.993011
415  138.070206 -14.460677  157.781616  0.339341  1.371693      17.069628   1578.654785 -214.487564  10.314122  0.242692  390.683899
416  120.314232  -4.565116  148.152054  0.243937  2.266840      87.241081    506.747925 -223.408646   7.254016  0.865052  330.079102
417  133.867264 -29.383783  186.561951  0.339047  2.632172      81.620682    767.456238 -155.713623   6.128868  1.545100  330.125488
418  107.484573   2.541413  161.530609  0.187776  1.934470      66.727234   1705.736084 -183.209732   5.655259  0.640623  386.170532
419  121.451324  -2.204204  159.134033  0.280880  1.117548      61.568027   1779.989624 -183.978714   7.074755  0.805723  370.387878
420  133.957047 -27.796591  177.060120  0.335204  2.695169      84.210281    764.479980 -245.445297   6.705832  1.391565  259.062775
421  120.078369  -9.735728  160.377121  0.270605  2.006269      78.273079    979.978760 -226.569275   6.036927  0.980167  325.326996
422  126.175652 -13.130119  155.732788  0.310964  1.914889      92.181244    771.614319 -195.480637   7.499094  1.697215  270.196747
423  115.460258  -9.319995  179.843475  0.198830  1.395760      82.913986    723.187378 -202.757614   5.653383  1.316570  436.314209
424  109.788353   1.046085  168.507431  0.149216  1.475184      82.380989   1444.854858 -238.028030   5.774924  0.803869  309.921417
425  123.874435  -7.109528  168.828751  0.274986  1.203989      49.125824   1750.577393  -98.010986   5.962563  0.556021  379.096771
426  132.148865 -13.347359  150.162369  0.305641  1.796017      76.457550    640.539673 -249.843460   9.092447  1.548601  422.602386
427  141.844421 -11.000061  193.302979  0.283574  1.017357      88.995682   1413.181274 -192.947098  10.020343  1.651862  255.100891
428   98.287178   9.470303  164.705673  0.141065  1.521229      43.856163   1946.851807 -181.715027   5.150492  0.202642  400.954315
429  128.015579 -19.749477  173.648010  0.267917  2.575685      70.035065   1842.212769 -176.151398   5.514213  1.205484  280.012634
430  128.041992 -26.270536  176.896652  0.344491  2.475499      70.975380   1342.051514 -177.301605   6.568999  0.726394  264.127258
431  109.178589 -17.120092  165.328568  0.316662  2.573457      94.312393    938.131897 -154.890930   5.273847  1.916359  412.753479
432  100.125969   7.421164  157.516113  0.231422  1.917948      52.820694   1975.937744 -222.791962   5.783339  0.276590  403.859650
433  105.345543  -1.287832  164.297241  0.189251  2.258421      97.613342   1265.980957 -209.538101   5.432928  1.438735  385.584381
434  117.950996  -5.921069  160.150620  0.276357  1.687269      71.128822   1771.426636 -233.182663   7.172638  1.369865  401.719025
435  133.663635  -8.920092  180.997040  0.258091  1.102934      41.347073   1150.558350 -166.808289   7.340446  0.326617  377.543915
436  126.481705 -16.211617  172.863419  0.254849  2.328359      54.291908   1436.728760 -230.171539   6.006517  0.782887  362.873383
437  123.470245  -9.927073  171.551559  0.240803  1.711151      63.084122    833.539062 -229.788269   7.710305  0.273052  303.048035
438  120.184776  -1.456971  165.300125  0.192852  1.260269      80.376999   1479.568604 -163.052551   6.723541  1.567820  331.041779
439  126.938065  -7.211709  163.848007  0.273482  1.293229      68.603691    764.724182 -203.932541   7.560998  0.354993  322.071075
440  112.584885 -12.273398  173.308899  0.231558  2.209440      89.033257   1320.892090 -249.725342   5.626041  1.364635  354.475220
441  123.042809 -28.213713  171.879501  0.337504  2.963628      91.483551    789.900330 -248.273575   6.075396  1.855688  261.905731
442  106.485321  -9.661654  157.577042  0.280315  3.073272      57.941109   1301.421143 -175.459946   5.617453  0.483115  446.300934
443  103.545288  -6.199632  170.452835  0.241247  1.729567      82.862244   1594.631348 -185.656769   5.517745  0.631882  384.555267
444  115.450829   3.017583  153.646317  0.276383  1.212086      73.448616   1965.263184 -133.073212   5.879119  1.247125  424.567719
445  119.947845 -27.493076  175.179321  0.342265  2.736220      95.337051    604.147156 -176.431213   6.413750  1.316884  308.522034
446  116.937164  -4.961079  159.651047  0.187156  2.680593      79.193863   1224.286377 -238.869156   5.293178  1.860144  348.615479
447  128.687393 -15.261146  162.369919  0.268989  2.306430      77.484795    678.492310 -241.897232   6.938411  1.428497  363.644867
448  128.737869 -24.590067  185.279114  0.324822  2.267364      41.211239   1925.444824 -169.662384   6.546755  0.366757  268.079895
449  122.438026 -15.665377  182.473160  0.256031  1.776137      81.297462    731.862610 -211.235275   6.398755  0.642183  357.286072
450  133.257935 -16.329803  161.290100  0.287838  2.153920      60.691906   1397.043945 -202.192001   6.708738  1.306509  390.244324
451  111.885956 -20.711391  176.899582  0.266557  2.712877      72.680893    931.228271 -172.328644   5.229072  0.397206  367.173615
452  102.416580 -10.707698  162.693481  0.309381  2.414117      72.579468   1553.816162 -165.638184   5.654078  0.520879  432.332153
453  107.207230  -4.770586  164.544998  0.235757  2.078539      93.037727   1022.297729 -142.677185   5.325225  0.968648  378.581543
454  122.909431 -10.998589  167.803284  0.245835  2.099505      69.679955   1273.115723 -216.841553   6.838685  1.764917  415.257599
455  129.384949  -9.527840  174.512039  0.248424  1.472399      43.879169   1337.210083 -244.481995   7.101123  0.610587  438.030426
456  105.021011  -8.811433  168.839554  0.250727  2.223718      44.478245   1567.572998 -208.676926   5.341314  0.217168  362.977783
457  121.798035 -10.514242  167.311279  0.285270  1.620269      60.691082   1583.748779  -97.522026   5.510226  0.789726  370.143707
458  131.502350 -11.406176  155.628387  0.311436  1.502517      84.499023   1110.059326 -171.939041   7.776649  1.729988  320.665131
459  128.842575 -14.889289  155.756866  0.321299  1.989074      32.349751   1682.803589 -240.046722   7.451289  0.496292  414.261108
460  115.995522  -4.004171  149.396194  0.263557  2.265992      84.756996    571.167542 -142.163513   5.541029  0.739365  386.962738
461  111.681847   7.895633  139.448029  0.286256  1.943848      80.584068   1391.017822 -183.170319   6.510746  1.356041  416.702484
462  105.524529   6.064636  162.373123  0.173092  1.468291      97.862411    761.117737 -222.261627   6.609809  0.784353  414.705627
463  128.567001  -8.707535  160.419815  0.297090  1.364878      71.460251   1127.858643 -140.221024   7.290299  1.223352  385.623962
464  113.794830  -1.458541  160.221375  0.308449  1.165164      99.492409    934.698608 -119.425461   6.058837  1.060152  325.870422
465  124.487671   1.144617  141.783920  0.220117  1.758237      57.831326   1539.264282 -198.156693   6.369024  0.544650  251.311996
466  121.068138 -15.970192  180.400848  0.267782  1.804450      78.810837    849.567200 -196.847260   7.419641  1.401365  431.801544
467  144.164078 -24.176697  214.019852  0.346786  1.734712      81.138977   1218.995483 -188.784256   7.849313  1.434632  351.282501
468  134.099167  -8.252563  159.976135  0.271203  1.246140      53.389545   1114.461426 -199.471024   7.090779  0.704225  406.983368
469  132.100540 -13.469812  167.936050  0.316472  1.492678      63.906055    926.544373 -213.235992   9.985372  0.887654  440.817993
470  119.541931  -7.357187  164.826721  0.248203  1.735496      86.202431   1391.608887 -208.792343   5.857407  1.297074  282.655182
471  122.700783  -8.878220  169.742828  0.295179  1.294989      80.925209    670.715515 -182.600937   6.930189  0.882904  429.318115
472  132.230377 -14.979115  170.902481  0.253036  2.067415      72.006760    978.895142 -225.373901   7.335375  1.008426  313.843506
473  125.510422  -5.893298  169.201218  0.231302  1.365953      58.481747    864.695679 -246.404465   8.078813  0.562544  444.298126
474  122.909882  -0.356798  153.779022  0.237100  1.376459      50.295006   1229.189819 -247.141769   8.377764  0.440466  373.030945
475  112.223198  -5.195203  157.708939  0.240351  2.410666      69.251839   1470.190674 -174.967148   5.533427  1.167178  420.619232
476  124.154175 -17.887758  195.266449  0.230634  1.552066      80.349083   1652.390503 -148.728073   6.538836  1.081154  289.149567
477  127.597809 -10.937117  177.820816  0.250268  1.488584      46.311649   1246.980469 -190.195877   7.665413  0.608160  436.541016
478  101.086861  -7.134184  171.219452  0.187005  2.634035      86.653954   1252.608643 -162.110855   5.473591  0.645846  445.672394
479  101.757950  11.744878  145.327332  0.256120  2.602321      87.516090    962.373901 -241.791565   5.445736  0.330483  425.374847
480  129.725739  -2.530695  152.620758  0.247717  1.133534      58.583389   1173.339478 -213.355270   7.963515  0.850799  408.767456
481  120.685844 -12.628387  168.081528  0.256391  2.114517      82.978554   1304.759399 -172.490723   5.045468  1.171743  280.005615
482  112.539314 -14.281208  169.165237  0.228456  2.963455      68.918983   1524.121704 -184.062531   6.380884  1.049967  411.388458
483  129.269333 -20.503922  178.436691  0.295895  2.252713      42.090633   1148.122314 -185.671265   5.438045  0.291179  336.158752
484  109.378914   1.956301  154.150681  0.230499  2.173029      84.235291   1136.147217 -223.806335   5.778194  1.228808  405.363251
485  135.340454  -8.003580  167.335327  0.253887  1.262146      36.079365   1750.113037 -200.672165   6.754993  0.535635  387.772278
486  108.607315  -6.097307  168.617447  0.264603  1.525267      90.286278   1168.999146 -164.184448   5.823152  1.230723  419.890656
487  129.015305 -10.571962  173.713318  0.270780  1.380438      54.590115   1845.901855 -190.595840   6.000743  1.115703  426.522858
488  113.320908  -3.352141  162.079926  0.266943  1.532202      65.588318   1462.787354 -144.215240   6.897100  0.857829  440.730774
489  118.946060 -18.184862  174.849045  0.238501  2.979186      47.091057   1463.909180 -229.872025   5.380124  0.487602  391.448853
490  131.082703 -14.710670  174.733963  0.285723  1.741364      72.685135   1095.201416 -205.683548   6.605006  1.619024  397.036926
491  123.845093 -19.687870  163.053085  0.309248  2.567882      61.985523   1217.014526 -241.899261   7.652535  0.780637  341.426758
492  101.143936  -1.326688  166.038300  0.153953  3.034647      99.718033   1332.907715 -240.620270   5.114890  0.902397  352.680450
493  119.898064  -8.237047  162.088776  0.328260  1.381821      97.387886    542.348572 -167.047806   8.022837  0.831594  363.399292
494  108.126953 -16.328579  173.107956  0.229167  2.997223      91.393959   1085.233398 -204.187744   6.219719  1.571164  408.803833
495  122.965355  -5.426364  155.607773  0.211852  2.244585      59.712440    980.940552 -218.824341   5.953148  0.604267  348.199738
496  128.724762 -12.741076  171.608688  0.292709  1.521522      42.336159   1830.659180 -204.301071   8.032589  0.521751  358.296783
497  124.088943 -23.412518  169.793457  0.321464  2.733704      51.485153   1692.080566 -206.153259   6.486020  1.068545  423.730804
498  137.336334 -15.965384  192.886139  0.266987  1.642934      70.696434    788.947449 -244.937912   8.539559  1.024424  400.120819
499  114.039017 -11.737835  171.134247  0.226711  2.402004      72.213173   1192.566040 -206.468719   5.530517  1.441483  442.509125
500  115.722694   0.706689  152.616211  0.208322  2.169362      75.989822   1511.302979 -238.554718   6.171620  1.645499  389.746246
501  115.385612 -10.655634  177.870758  0.166893  2.481383      83.879776   1469.762573 -215.346298   6.111647  1.764824  353.712708
502  112.189346 -13.648052  177.298645  0.251962  1.887435      67.043053   1995.345459 -182.071899   5.545412  0.814249  408.440704
503  121.478653 -16.433886  178.242554  0.309424  1.638942      94.203827    616.783691 -157.448151   7.198516  1.846312  392.856720
504   98.434792  -6.322454  176.003754  0.153325  2.120249      99.939255   1545.717163 -203.309860   5.470164  1.019069  441.630005
505  130.128845  -6.148826  171.036041  0.223616  1.128563      65.561760   1321.302002 -165.669449   6.712582  1.331928  375.545715
506  130.402969  -0.062584  146.636276  0.212940  1.164400      60.671127   1441.510864 -218.525482   7.804682  1.258262  382.612274
507  108.752571 -16.774509  167.021606  0.276221  2.864888      77.650223   1505.264893 -246.726395   5.487590  1.311587  434.111328
508  125.046555 -13.648212  185.433609  0.272453  1.277589      72.558762    730.426636 -162.230637   7.066572  0.540777  438.482025
509  123.261086  -9.092612  157.713226  0.268921  1.983269      81.627457    530.001709 -244.504593   6.828738  1.063324  405.756744
510  136.751480 -11.573794  174.513184  0.285030  1.267802      80.744606   1494.581299 -223.894485   9.368176  1.282353  271.622955
511  107.345703  -9.517902  178.448471  0.196948  1.697180      62.410801   1336.112305 -232.533890   5.395638  0.430339  441.007019