            lon        lat         inc      D1AU     delta  launch radius  launch speed    t factor       B1AU     gamma         vsw
0    104.448212 -14.921693  180.682617  0.201312  2.175797      89.663544   1433.697754 -242.873627   5.041926  0.812296  392.737122
1    105.183708  -5.998514  155.202423  0.299440  2.561120      64.399773   1618.303467 -175.129700   5.240189  0.667856  446.132568
2    116.911270   2.537323  160.529114  0.168957  1.584621      78.143929    749.932434 -225.761917   6.048362  0.403901  292.357056
3    124.452553  -6.566782  170.392349  0.228923  1.312646      78.079666    719.692932 -216.372925   6.953455  1.330523  400.292969
4    108.273361   2.667866  158.201614  0.212822  2.009820      75.886818    793.739868 -242.101883   5.381010  0.300061  419.026093
5    112.593353  -1.251687  152.418533  0.249568  2.217603      66.635544   1358.153320 -246.523346   6.663104  0.459596  283.769745
6    107.973709   2.327859  161.579529  0.196297  1.827182      39.305500   1865.977905 -246.447235   6.296265  0.391626  445.719635
7     99.937927 -10.877492  160.870972  0.272007  3.179908      94.889664    797.985046 -237.600174   5.017130  0.508940  445.910675
8    113.206512  -4.213612  148.615189  0.280776  2.386931      87.410088   1442.766968 -222.137939   6.566844  1.369065  298.112518
9    107.054436  -5.228635  160.487686  0.231231  2.694099      73.061470   1903.852051 -193.714905   5.192616  0.522954  258.159668
10   109.474960 -12.239530  166.543594  0.250941  2.669547      82.073082   1755.085938 -215.700516   5.510287  0.920031  318.860107
11   111.560020 -14.920297  155.205887  0.300807  3.071860      71.500626    874.691772 -222.585876   5.703723  1.248599  434.477631
12   114.322128 -11.039094  183.436646  0.204458  1.298091      81.159729   1511.862915 -202.856354   6.670401  1.467762  396.541443
13   129.940338  -5.381007  153.511719  0.262905  1.303357      53.225582   1204.407104 -210.438049   8.420148  0.580220  367.503387
14   132.941254  -7.239340  167.258804  0.249634  1.159374      69.153961    783.307800 -208.588608   9.110326  0.570534  333.903381
15   108.627182 -17.532974  164.309647  0.317419  2.815041      58.661625    967.630249 -211.358032   5.034673  0.238676  427.128876
16   132.217896  -7.072250  172.581726  0.230075  1.164000      52.501938   1282.962402 -225.848923   8.800593  0.548054  330.572601
17   119.108429 -15.864040  169.896408  0.268114  2.402504      66.980202   1041.653442 -229.721741   5.484070  0.788677  393.703857
18   125.139000 -12.153707  168.972763  0.294415  1.646597      63.399269    967.541687 -173.424973   7.594099  0.562957  376.882965
19   115.450066 -19.699280  156.486328  0.312181  3.206593      49.191269   1476.400146 -236.597305   5.283624  0.841968  405.361603
20   117.371101 -18.281683  161.508392  0.264713  3.241323      82.751785    859.898987 -245.987228   5.248649  1.576370  311.794708
21   114.010002 -15.224933  166.291290  0.295765  2.511201      58.313911   1333.992676 -219.484787   5.813396  0.543890  399.974579
22   121.709679  -7.492367  179.483856  0.206915  1.109733      48.318020   1979.058472 -239.117188   7.599718  0.618382  358.630798
23   114.796921 -14.180516  162.761093  0.260858  2.892443      75.801163   1131.908936 -207.742691   5.286411  1.324901  383.996399
24   107.037659  -7.982619  162.952545  0.269976  2.309005      90.600616   1348.547974 -203.735382   5.163267  1.972788  436.529816
25   128.768951 -24.194601  198.486740  0.271503  2.081196      93.905655   1076.233521 -233.551514   6.336600  1.885165  297.650482
26   111.209824 -13.393759  171.921371  0.250810  2.273487      80.276405   1823.220093 -227.112762   5.982934  0.979362  340.869904
27   117.855148 -12.939849  150.314713  0.325924  2.368472      67.155319   1869.218506 -223.126129   6.771570  1.282315  365.469452
28   111.957649  -6.808457  157.515274  0.293612  2.126681      67.569092   1903.992920 -218.968903   6.884731  1.088755  434.994873
29   110.845879  -8.740393  170.518875  0.249296  2.035976      46.439514   1288.144409 -234.987213   5.783494  0.256360  415.555206
30   119.417900  -9.870469  170.995804  0.225763  1.941510      73.561783   1386.769775 -201.169418   7.002853  1.042226  333.379395
31   112.853394 -12.643404  171.314133  0.269024  2.085555      74.494530    829.864380 -169.351471   5.982179  0.418615  429.722107
32   122.318741 -13.425920  191.368637  0.197236  1.303755      76.561653   1407.902100 -200.794266   6.867846  1.525578  376.205200
33   100.977638 -12.283934  172.586075  0.200019  2.930593      87.343697   1825.475342 -233.838028   5.391914  0.467456  265.055389
34   100.699966  -2.944554  166.428726  0.165346  2.942577      99.394577   1137.272339 -221.009171   5.245395  0.416762  250.354126
35   110.007339  -4.772388  169.452087  0.281574  1.183083      78.816078   1115.443970  -96.491798   5.821888  0.622512  438.798279
36   115.455887  -0.739483  161.614456  0.248238  1.299665      44.317692   1283.451782 -153.540909   6.197928  0.224638  334.581421
37   113.303612  -9.502725  162.057846  0.240826  2.601819      61.759361   1284.964722 -217.227051   5.956949  0.800113  430.634521
38   123.966965  -1.869324  157.018173  0.213167  1.492155      70.977234   1348.198853 -226.484100   6.883021  1.918162  389.209656
39   139.495102 -13.855816  157.674637  0.307310  1.481401      50.587265    789.007141 -235.380310  10.651534  0.211395  394.995789
40   137.810043 -10.664413  168.141495  0.258080  1.413245      67.245789    696.665833 -241.416580   9.171855  1.357222  440.643433
41   110.130363 -24.474333  168.579849  0.320958  3.199611      61.954117   1735.834351 -172.795090   5.063785  0.870133  433.963806
42   116.924301  -8.010606  162.818710  0.271885  1.841907      87.528023    666.611694 -198.978317   6.573375  0.292902  250.918671
43   125.840965  -3.707619  162.349106  0.247188  1.113131      64.006920   1468.186646 -209.501480   8.372453  1.390724  413.734436
44   125.893234 -17.088894  172.575699  0.276953  2.220144      39.173721   1700.380981 -236.996689   7.035213  0.468400  351.814850
45   117.518402  -6.424944  153.296951  0.304424  1.909882      51.091812   1825.931396 -187.381012   6.265185  0.547323  365.964294
46   129.954834  -9.383801  178.009369  0.271632  1.096135      28.837486   1335.320557 -209.450317   7.931376  0.303503  446.161438
47   114.188103 -12.172216  175.125565  0.282113  1.554503      61.956158   1522.001221 -140.076492   5.971761  0.491427  362.743317
48   108.665260  -5.288908  177.781754  0.167690  1.133064      85.975601   1411.478638 -247.630157   6.313116  0.951532  349.581512
49   117.440407 -10.912778  172.886734  0.269524  1.763052      30.454010   1607.169434 -203.307632   5.816529  0.206095  287.675720
50   133.766739 -19.047138  162.415146  0.332253  1.975939      73.189453    996.116760 -242.309113   8.866116  1.657099  382.792480
51   112.855598 -21.962343  157.751236  0.335513  3.224170      75.584892    698.578430 -247.435989   5.659732  1.421533  419.838165
52   112.697388   2.180089  159.574448  0.205238  1.597583      55.894550   1405.288940 -196.813766   5.693893  0.506446  415.863678
53   118.195160  -5.370453  163.567520  0.235438  1.774261      74.444427    679.618225 -220.366760   6.917917  0.230393  331.124268
54   114.586548   4.876322  159.918716  0.161254  1.209852      90.030014    739.438110 -207.300995   6.450525  1.409920  356.345245
55   120.678703  -2.575488  161.755661  0.215121  1.437465      93.417702    678.149597 -245.118439   7.205915  1.915826  319.047852
56   124.942284 -14.919175  175.543594  0.271206  1.887814      72.495186    899.898193 -210.079025   6.989077  1.179778  418.544373
57   118.593475 -20.193516  171.288742  0.308248  2.468913      82.168159    626.078491 -114.055138   5.077816  0.691585  373.300781
58   124.829483 -16.017248  178.060410  0.300463  1.700254      83.063286    667.532593 -169.056015   6.353083  1.514767  423.855133
59   104.996552 -20.715546  172.327423  0.263162  3.205698      99.766869    878.375000 -211.659134   5.313943  1.043088  387.110535
60   127.651794  -9.962308  144.284439  0.319323  1.705205      66.238007   1541.569580 -223.471939   8.306148  0.944413  315.799530
61   124.450592  -6.327873  154.014053  0.259655  1.806183      69.044518   1050.123779 -236.030914   7.169276  1.185457  376.845825
62   111.140411  -5.850543  155.729675  0.256801  2.492069      84.194817    967.595093 -185.305557   5.350305  1.177754  371.651398
63    94.951874 -12.296943  176.379303  0.244056  1.937160      94.526497   1677.855713 -157.511765   5.178711  0.262663  318.363525
64   124.090111   0.503310  157.340363  0.216529  1.124751      81.334679    525.216492 -192.294235   6.747985  1.151889  432.809631
65   122.518478  -3.862011  156.670624  0.257528  1.568783      33.990379   1703.127075 -227.564224   7.401926  0.403624  388.966125
66   130.398590 -19.286844  162.701935  0.326808  2.172083      30.569674   1437.589233 -240.006668   8.560533  0.289814  313.374237
67   131.040390  -6.505797  150.585007  0.334346  1.093622      21.094143   1302.144775 -177.154938   9.801635  0.220194  448.272797
68   104.821884  -9.319984  165.104141  0.278755  2.335508      58.961067   1662.774414 -172.647980   5.015017  0.410396  410.520874
69   123.335678 -11.375242  169.667389  0.294851  1.513240      64.980881   1742.111694 -147.234833   6.434659  1.110001  397.071960
70   135.038849 -18.405502  168.275070  0.313902  2.022553      54.799072   1165.284546 -232.365936   8.617954  0.768785  408.100220
71   123.833061 -11.176250  158.326523  0.271040  2.131066      44.944698   1922.283203 -240.336853   6.448033  0.480302  262.904114
72   117.041664   7.418070  153.900528  0.174988  1.346260      60.447861   1499.390259 -219.536545   6.791600  0.647204  362.407776
73   117.013458   1.255009  150.730560  0.243410  1.734300      34.104332   1825.246826 -237.000839   6.708385  0.350322  354.070953
74   119.504486  -4.578434  159.866608  0.239111  1.789818      83.114891    794.178162 -229.636765   7.062588  0.713994  293.071503
75   133.996033 -11.312346  182.049866  0.279365  1.131501      84.867844   1208.381470 -185.083160   7.498719  1.840550  312.241669
76   124.034409 -11.920005  170.813965  0.236013  2.227143      37.662415    997.855896 -210.889282   6.640939  0.209659  401.082794
77   135.685989  -9.029122  156.574814  0.324208  1.095122      24.803190   1621.439575 -156.722778   8.347367  0.284812  360.183655
78   133.723450 -13.517197  160.930557  0.318733  1.557350      69.572945    807.565308 -212.482178   9.268974  1.299942  428.831879
79   118.350105 -12.242780  169.216476  0.287560  1.842665      78.234856   1457.105713 -156.075409   6.213727  1.927202  418.280457
80   116.166229 -21.082285  183.656296  0.280440  2.082669      65.535454   1700.840576 -178.971619   5.780885  0.550349  332.254974
81   102.794380  -2.294329  168.623703  0.170915  2.269110      71.790222   1273.344849 -219.571487   5.236506  0.409188  414.284119
82   120.728020 -12.130411  156.634232  0.289873  2.348401      22.521276   1828.193359 -191.611084   5.337506  0.401743  435.969910
83   111.957504   2.875908  161.058960  0.200400  1.425863      69.117569   1043.174683 -229.206680   6.201925  0.570987  404.055054
84   128.210052 -11.872175  160.056870  0.303220  1.699136      22.291584   1511.411133 -239.832840   8.800484  0.270089  393.981873
85   116.837898 -18.256212  170.263779  0.260065  2.832563      86.714172    754.768799 -239.414200   5.426572  1.891508  377.826660
86   139.457886  -8.020409  170.961578  0.241953  1.044514      80.558952    956.482300 -226.787491   9.569377  1.855242  321.602905
87   119.911926  -5.689212  159.436722  0.264668  1.693044      67.337776   1564.707642 -226.214279   6.943811  0.752716  325.383972
88   132.587006 -25.248180  197.883286  0.314058  2.045467      63.830982   1596.090088 -189.974991   6.527839  0.987252  396.981628
89   124.784584 -10.003431  165.247177  0.243345  1.947152      77.542671   1642.171021 -210.667709   6.396553  1.533300  304.911591
90   111.894730   2.564384  152.200150  0.256618  1.774919      88.038788    780.435730 -196.503479   6.479756  1.503788  440.055389
91   121.810898 -14.175266  169.563232  0.277338  2.000823      79.795601   1764.451538 -226.107010   7.462249  1.993705  350.835541
92   116.497643  -4.593490  150.333572  0.300705  1.897332      63.230148   1106.475098 -226.230469   6.512246  0.478655  360.060699
93   121.804337 -22.997873  162.333359  0.304958  3.177899      53.508209   1743.564819 -230.891876   5.716478  1.128234  399.243683
94   120.209900  -2.808451  166.584412  0.205904  1.237472      84.199532   1028.434082 -247.221756   7.234832  1.392154  325.928406
95   118.874802  -8.245592  159.346802  0.293651  1.827840      77.123039    777.951233 -172.497101   7.401034  1.352682  440.026947
96   102.163170  -2.894405  173.912537  0.181038  1.314410      93.506294    981.747864 -168.492661   5.228394  0.296164  319.315186
97   107.821121   1.150513  163.099152  0.179478  2.013054      96.996170    546.846863 -218.496628   5.677852  0.397993  418.944122
98   116.628693 -12.326958  166.006439  0.261469  2.308550      71.736969   1560.698242 -216.984955   5.767060  0.690989  276.730652
99   133.659531 -20.927113  184.538513  0.303068  2.055101      73.758171   1182.681519 -195.244095   6.655895  1.560858  379.245850
100  113.395973 -13.975600  171.640350  0.323978  1.700310      79.413208   1349.605713 -117.120964   5.385103  0.524519  308.569824
101  118.384148 -12.376605  166.300446  0.298876  1.904249      78.030296   1002.500793 -178.599548   7.209606  0.932481  374.905701
102  137.252853 -13.400860  169.297607  0.299742  1.495575      61.483902   1058.842773 -207.800354   8.226728  0.698785  374.288177
103  122.130005  -3.878458  161.228806  0.261988  1.287931      73.980888   1655.203003 -195.906845   7.213006  1.878587  407.955261
104  113.939819   1.498108  153.577667  0.216384  1.983540      95.921989    815.097046 -229.501740   6.507902  0.926775  265.140930
105  133.304184 -18.536371  158.964050  0.314896  2.090754      82.812973    555.269348 -233.130447   8.444490  0.632976  296.952698
106  117.594063 -12.213122  176.392273  0.205061  2.220078      70.274475   1068.731079 -236.068436   5.744224  0.524302  309.845886
107  122.930603  -7.895372  174.121887  0.248135  1.237436      67.098915   1742.140137 -205.568115   7.172067  1.128360  384.821594
108  115.762871  -0.555220  159.888748  0.253607  1.307114      67.332481   1117.130127 -140.113983   6.224665  0.638274  399.446808
109  128.440277 -25.224464  174.417480  0.336625  2.494826      76.458939   1079.485840 -207.004272   5.842601  1.175102  302.957642
110  118.831322  -8.045471  151.564590  0.255220  2.487176      86.661751   1419.679443 -237.248077   7.055214  1.858682  273.068604
111  129.280716  -2.586083  151.383865  0.257396  1.197244      55.704617   1796.519409 -176.542099   6.878887  1.357981  439.939362
112  127.996902 -30.810770  185.359344  0.297157  3.342857      85.194588    767.208313 -246.894135   5.750615  1.821669  312.356415
113  124.330116 -24.268255  170.233536  0.300853  3.095637      56.648724   1093.179565 -238.464661   5.493266  0.992557  428.934052
114  124.953293 -21.761578  170.358459  0.302929  2.583330      77.111237   1530.725220 -217.596298   5.995171  1.623029  321.349121
115  120.744774 -13.747185  172.214355  0.241860  2.284972      77.003471   1938.027466 -187.810791   5.182189  1.918452  363.386322
116  131.669342  -9.078444  170.088272  0.267147  1.286263      55.019321   1638.948853 -204.136703   7.705022  1.065907  425.757172
117  128.413528 -16.509216  165.065201  0.317357  2.023022      59.302258   1563.240967 -216.599258   6.876790  1.355588  434.109802
118  124.884041  -9.019163  171.513763  0.274422  1.290188      64.709534    885.219543 -177.629639   7.498594  0.545191  399.358765
119  112.212143 -12.113778  155.637848  0.266948  3.071201      67.472679   1463.864746 -243.009979   5.919634  0.928631  346.663269
120  119.876602  -6.820102  164.425629  0.262188  1.585499      81.916771   1422.738403 -172.641068   6.049605  1.128951  302.071289
121  115.891281  -9.620845  171.947372  0.267609  1.505518      95.604652   1421.994873 -171.106888   6.211097  1.762671  314.413544
122  123.807014 -12.209571  187.498016  0.226018  1.263646      62.951859   1353.784058 -223.747406   7.756921  0.618112  336.591553
123  114.636642 -13.902438  162.357193  0.249138  3.006634      72.470413   1122.864990 -241.885071   5.503546  1.255106  393.521667
124  126.567490 -16.230450  167.691803  0.258802  2.468202      83.567963    683.838440 -239.533936   6.037160  1.398293  311.132355
125  119.573639 -13.034712  156.617355  0.314834  2.231054      57.063137   1328.707886 -244.010254   7.261750  0.585764  355.695557
126  116.375038 -12.277601  158.876083  0.302303  2.323875      61.949989   1074.836670 -142.088181   5.219272  0.610094  400.802582
127  127.887680  -8.298007  169.075684  0.296276  1.163955      33.630489   1516.166016 -171.408005   7.982052  0.415662  445.660675
128  122.868317 -16.127216  161.398300  0.295867  2.527799      35.240494   1459.161133 -224.745331   6.439443  0.451215  406.721313
129  111.280396  -2.426721  149.485962  0.285635  2.275509      52.778034   1592.937134 -221.356339   6.202489  0.481439  368.220703
130  115.104752 -21.252630  159.276962  0.317837  3.188331      56.134319   1017.104614 -220.090652   5.551596  0.636063  395.402588
131  111.314552  10.173268  157.809418  0.147906  1.004826      69.198311   1372.046509 -224.411194   6.570857  0.925540  445.924622
132  127.863037 -17.170076  163.073273  0.329128  1.981389      68.947250   1214.067871 -195.816101   7.409256  1.097105  351.189911
133  137.160538  -9.024840  163.691818  0.257180  1.266963      78.155800    537.594238 -242.896164  10.652273  0.223985  294.518433
134  123.192429   1.368877  153.662460  0.232701  1.220594      47.613350    997.451172 -213.045609   7.424491  0.326607  415.055084
135  119.683655  -5.853141  162.127182  0.260651  1.743507      46.448174   1035.188477 -224.539871   7.358399  0.257545  402.200226
136  127.420959  -9.639858  170.300308  0.215631  1.775263      82.050484   1630.055786 -222.371185   7.130338  1.601079  261.706543
137  121.645187 -30.010704  176.016693  0.343945  3.008442      53.088577   1775.385620 -166.998322   5.841349  0.856459  396.644745
138  125.150665  -5.746551  165.447189  0.234188  1.394402      69.802170    807.839294 -180.784882   7.754283  1.320902  428.925537
139  108.335426   1.629729  163.431259  0.207462  1.498925      69.216118   1996.830200 -203.906082   5.646861  0.908572  428.151520
140  127.929756 -15.862822  173.216919  0.267469  2.105710      71.352501   1267.070312 -237.064926   7.527579  1.044512  312.309784
141  108.026276  -4.923019  171.833527  0.190938  1.752918      91.249825   1148.256226 -210.992783   5.690144  1.985967  446.549500
142  109.361420 -27.402714  167.360199  0.341234  3.417784      42.308659   1967.508057 -163.604309   5.158989  0.516736  428.161285
143  121.358162  -7.356655  170.581879  0.250216  1.457906      32.723000   1339.831787 -137.706467   6.070007  0.314090  430.845612
144  130.983398 -10.876904  169.595917  0.266468  1.533899      79.116638    546.145996 -243.009338   7.642297  0.588128  363.292206
145  124.973877 -19.882156  174.048386  0.346381  1.901646      85.778999    646.974182 -156.491013   6.415111  1.495001  423.970520
146  132.462036  -7.221274  161.575012  0.249354  1.468692      44.430660   1116.244507 -229.309891   8.061529  0.452038  410.303864
147  117.262894 -12.875452  170.263855  0.250533  2.376645      58.021603   1376.208740 -208.625671   5.481760  0.794093  429.675903
148  129.662155  -3.430601  154.304123  0.263623  1.172908      36.854458   1297.079346 -209.775848   8.997306  0.394440  425.093292
149  123.068642 -15.129601  175.814835  0.297421  1.739517      67.997398    698.995117 -144.083099   6.740448  0.271471  400.905975
150  100.250755 -14.699948  177.549759  0.213568  2.516549      92.607224   1124.110596 -235.743668   5.140682  0.296786  336.039215
151  131.250732 -17.925695  176.220932  0.315791  1.819232      86.395691    591.082092 -213.055099   8.286645  1.043565  333.670074
152  113.920189 -14.664561  171.819534  0.305590  1.919994      57.729725   1301.580078 -122.364082   6.239104  0.389062  406.387115
153  123.409195  -5.728293  174.622360  0.229212  1.163277      40.778080   1344.363892 -200.946609   6.700174  0.315027  345.139374
154  122.206276 -14.870854  151.515732  0.311874  2.440843      81.585739    611.079163 -243.730911   8.318493  0.943810  321.349396
155  126.165794 -13.802139  153.792542  0.318450  1.970885      81.575439   1014.493530 -209.701752   6.989695  0.966679  260.691071
156  114.478264 -16.522181  185.989792  0.253265  1.547056      75.788033   1011.305847 -107.343140   5.962618  0.684538  446.454987
157  110.641983  -6.838638  151.711899  0.243043  3.201201      80.101784    656.346436 -210.348999   5.760392  0.333053  298.315674
158  108.463516  -4.532061  167.256516  0.215995  1.928845      90.736214   1010.044250 -190.809128   6.273285  1.207209  410.285370
159  125.439194 -10.977340  170.877655  0.262276  1.704725      32.822659   1435.415405 -187.617401   7.393599  0.333212  400.410156
160  118.884209 -15.692465  164.827072  0.298779  2.315483      44.550064   1354.224854 -198.876663   6.283008  0.403004  382.900818
161  123.797676 -23.601587  178.244217  0.307960  2.481462      83.939934   1155.682617 -144.962051   5.633590  1.263981  310.398224
162  130.878204 -14.912237  169.022232  0.325029  1.599246      40.577579   1549.480835 -131.469925   6.558512  0.361004  306.231567
163  106.709946   4.004041  165.837799  0.179029  1.124524      61.906681   1448.595093 -222.346558   6.267921  0.414428  404.581238
164  115.400078  -7.567583  163.887177  0.277966  1.788586      72.603020   1295.885498 -172.852554   5.549992  1.203332  446.445129
165  116.525627  -6.465909  168.688507  0.202940  1.909894      86.782417   1008.342407 -231.920197   5.939892  1.607381  348.201416
166  121.249275  -9.971844  170.537415  0.276702  1.474037      87.154404   1171.838135 -138.750809   5.960528  0.950055  271.369415
167  106.922668 -14.269210  161.229111  0.291256  2.911931      84.897369   1699.465698 -177.279587   5.505299  0.916774  296.132721
168  113.157898   1.792587  167.513153  0.172418  1.017047      40.316505   1359.066162 -215.759888   7.090814  0.282455  394.562744
169  113.022865 -13.965581  150.554016  0.333616  2.724406      79.249275    776.276001 -193.894531   5.623726  1.283528  383.231720
170  122.632011 -19.869499  187.942490  0.266645  1.989111      72.912682    686.197144 -186.265839   6.328362  0.261922  429.900787
171  118.169510  -7.778546  178.992203  0.205291  1.208354      71.225548   1490.314697 -240.927643   6.247482  1.225306  409.002472
172  130.641815 -12.151673  170.372604  0.268241  1.678807      53.203197   1041.046387 -249.058014   9.176327  0.803732  438.821594
173  130.365219 -13.071329  150.757126  0.328901  1.729996      48.092907   1187.272827 -242.453430   9.985248  0.592257  420.925537
174  111.686485 -14.261559  173.331268  0.274037  2.238964      22.273455   1693.704590 -170.985535   5.227434  0.204476  441.248260
175  144.890823 -13.830305  175.810440  0.272290  1.519464      76.608727   1277.410889 -235.649429   9.342364  1.983383  350.793457
176  113.742989  -3.244008  172.912735  0.226918  1.013837      20.592957   1850.941040 -210.674194   7.049478  0.240220  402.901123
177  125.085236  -6.745630  142.667953  0.316812  1.713237      23.467596   1417.949463 -238.449478   9.409017  0.229932  351.840698
178  114.202469 -11.884507  170.897827  0.304695  1.661531      67.055054   1020.903870 -179.855850   6.569147  0.481287  421.253448
179  110.665550   1.327409  164.818039  0.194265  1.418074      85.707909    889.873962 -177.517197   6.413624  1.309181  427.713684
180  118.086777  -2.824099  155.513184  0.257015  1.888461      33.150608   1955.872803 -210.010101   6.394864  0.481852  441.989410
181  105.659554  -5.824052  171.554138  0.234254  1.583584      84.797737    864.941833 -136.134415   5.020554  0.258068  341.288086
182  122.883720  -5.122535  169.518860  0.233582  1.259960      60.501453   1092.856201 -237.960510   8.534887  0.884049  440.137054
183  127.140381  -9.370813  175.517288  0.230557  1.410162      65.182106    704.187073 -181.034424   6.575502  0.529566  425.840240
184  129.788666  -8.895448  165.866928  0.248533  1.525259      73.425659   1233.444824 -223.205734   6.874152  1.547313  347.508270
185  114.389389 -16.812372  174.165359  0.321003  1.860873      83.050926   1209.090210 -137.532532   5.713126  1.233653  419.567047
186  100.199127   0.424319  163.437744  0.279904  1.542700      94.679947   1161.355591 -127.468384   5.320515  0.486721  437.436127
187  131.048859 -10.848481  161.472977  0.277321  1.643330      41.993237   1308.390015 -249.120270   9.585861  0.609951  438.463867
188  104.173965  -2.056512  145.648163  0.288813  3.073002      87.916000    713.261047 -188.246002   5.069952  0.849398  420.044434
189  127.152702 -18.072418  158.498703  0.301087  2.561455      61.561134   1895.825562 -235.939926   7.208623  1.774927  401.352020
190  126.461731 -21.076538  184.653168  0.322492  1.846417      81.162743   1040.019043 -151.306625   6.922371  1.715444  413.889648
191  133.051743 -18.007984  178.162338  0.274292  2.102412      74.788567    925.817322 -226.823349   8.141600  1.620255  367.294800
192  119.177345   3.191964  148.094559  0.206389  1.927439      60.526062   1688.375977 -248.514725   5.831914  1.133056  420.334137
193  101.890259   4.552864  165.676376  0.197632  1.378196      71.995216   1534.098022 -209.075211   5.193890  0.429647  440.105957
194  115.417427 -10.336761  156.152130  0.284415  2.480604      82.748413    632.218445 -236.741013   6.466549  1.363007  405.573486
195  126.302940 -11.458061  169.617615  0.266102  1.637486      82.692818   1220.093628 -179.922852   6.417445  1.200023  272.331238
196  118.972900 -19.275913  165.236633  0.303982  2.683164      68.002167   1587.262451 -211.695465   5.633474  1.341973  394.694397
197  120.769943 -18.420988  171.412750  0.327649  2.018310      76.302094   1396.532715 -146.667953   5.611409  1.400745  383.892090
198  130.344299  -9.979324  171.629776  0.243655  1.539586      72.219856    725.833252 -222.973969   8.097715  1.244143  398.039673
199  136.358139 -25.282076  181.489151  0.344865  2.248035      59.488697   1401.631470 -242.262115   6.937978  0.816616  339.511169
200  133.359055 -21.554733  192.182175  0.297885  1.972727      63.341267   1253.930908 -246.241837   8.548843  1.103906  425.190155
201  108.504242  -6.683998  172.256897  0.199789  1.832823      90.648613   1074.045654 -244.560730   6.445775  1.340660  409.817474
202  116.559044 -19.794014  166.541809  0.320559  2.630060      69.686172   1319.277588 -169.207886   5.827037  1.500477  447.274719
203  134.817947 -18.284807  171.298767  0.324751  1.868019      45.625870   1254.415283 -229.263535   8.286234  0.381004  328.756439
204  123.527519 -12.058820  154.287430  0.307362  2.028980      66.389595    913.366211 -234.027252   6.897223  1.476279  446.711517
205  125.587006 -17.802181  164.821640  0.335583  2.042614      62.188622   1273.673096 -211.873581   7.773395  0.940784  391.799530
206  130.539825 -17.518518  161.699265  0.314830  2.067019      53.434887   1908.323730 -219.566040   8.554735  1.078451  395.721100
207  119.757477  -7.482078  172.041367  0.229392  1.533483      66.430389    894.574951 -230.663132   7.810955  0.843713  441.867432
208  119.510536 -17.288965  166.538040  0.269713  2.703043      78.257988    635.244324 -217.311111   5.982474  1.430769  411.440369
209  115.251831 -12.098040  165.045364  0.259958  2.389251      43.338612   1904.983398 -238.086105   5.891869  0.396452  305.532471
210  135.109344 -14.265190  183.977753  0.284986  1.478747      26.473543   1975.706421 -225.274521   8.281114  0.342896  338.868164
211  118.446701 -13.291566  175.921219  0.255734  1.858186      85.702477    694.638977 -228.135773   6.371537  0.519987  316.642456
212  113.079140  -7.896672  162.838287  0.247825  2.225984      57.647659   1640.837524 -213.106140   5.510651  0.538830  355.320496
213  128.897415 -10.279915  158.117935  0.270757  1.818386      68.397987    649.736267 -241.468414   9.270789  0.499055  383.154480
214  120.622627   0.782403  155.813187  0.212943  1.432840      58.327984   1602.683472 -207.285507   7.214173  0.814980  371.476898
215  111.915764 -26.320307  170.139420  0.290721  3.623963      79.012848    874.748901 -218.720474   5.044512  0.914202  371.712982
216  113.075371   5.027786  160.676743  0.151474  1.362375      98.387543    886.518066 -221.526382   6.377083  1.643864  297.941101
217  129.196701 -13.669484  155.916412  0.304907  1.946145      51.826321   1205.050049 -185.683685   6.115132  0.628381  397.061829
218  118.202881 -13.656413  172.278351  0.270041  2.115932      64.301300   1189.344116 -208.327469   6.168006  0.932138  447.845276
219  128.656815 -15.246561  149.865158  0.330756  1.982015      61.399548    935.955811 -238.402695   7.666854  1.053755  438.112274
220  119.073875 -20.658745  175.750412  0.288285  2.692976      32.256432   1518.752075 -199.942947   5.745866  0.203676  256.924652
221  107.422394 -14.683159  177.135864  0.240550  2.218872      68.062187   1442.467285 -223.025787   5.671921  0.337296  329.038940
222  121.551468 -16.360876  182.777405  0.321036  1.364010      79.816635   1081.951416 -130.673462   7.746165  0.529053  315.401520
223  103.393906 -10.569721  169.135864  0.278486  2.117119      96.306732   1010.883118 -134.359146   5.139579  0.496562  371.021820
224  131.349304 -21.068296  165.670456  0.344760  2.123492      63.566959   1333.814453 -177.854858   7.204668  1.867329  444.345947
225  120.339592 -21.680420  191.475113  0.275667  1.853193      62.586121   1205.299438 -176.278458   5.583576  0.432938  390.340332
226  110.543442  -6.345173  161.402756  0.252074  2.221274      87.854530   1514.240601 -194.001373   5.967505  1.731701  376.982910
227  121.458160 -18.627745  154.831451  0.322109  2.698818      58.694546   1980.081909 -237.359787   7.112066  0.843418  294.178680
228  111.175659 -18.775875  171.177139  0.303916  2.445707      79.210548   1095.734375 -170.265060   5.708578  0.612176  352.739624
229  118.710716  -6.366896  175.847366  0.182237  1.452819      53.323952   1241.622559 -197.509827   6.782637  0.685664  434.725189
230  127.959541 -10.137641  163.217300  0.258660  1.731477      85.730980    615.235413 -234.913971   7.302317  0.873937  281.640686
231  122.413528  -9.011319  164.532547  0.304943  1.418960      80.584229   1570.024292 -124.725304   6.758878  1.070491  296.537811
232  124.101959 -22.844893  175.078522  0.301697  2.609374      58.960697   1379.900757 -236.092880   6.874368  0.747849  369.216370
233  103.252457   8.962648  154.660645  0.207757  2.118102      88.240257   1631.623779 -202.294144   5.448782  1.032021  447.697754
234  112.101646   1.276798  161.705582  0.203900  1.588591      66.631073    956.622742 -234.684509   5.113440  0.407664  407.480286
235  135.543259  -8.904651  162.278473  0.300048  1.201462      47.622002    868.184265 -178.684067   8.919342  0.216407  414.894562
236  127.601540 -12.636576  179.789200  0.262298  1.424131      72.291542   1900.029785 -153.856216   7.736422  1.584177  362.638367
237  119.161736  -5.662866  174.433212  0.227180  1.074407      52.037312   1278.913208 -174.275269   6.529004  0.423585  372.949493
238  114.746483 -17.410488  184.589233  0.315664  1.332996      87.801117   1521.462524 -112.369881   5.923769  1.175436  411.317169
239  110.602028 -10.636117  171.671982  0.255464  1.942242      87.668159    914.224670 -212.233704   6.497463  1.371235  447.761414
240  130.740112 -14.479244  166.000000  0.272159  2.040438      56.580540   1179.078979 -245.925339   6.975485  1.202956  442.570068
241  122.287132 -29.661669  158.800217  0.332522  3.678879      72.710709    610.929565 -241.441803   5.554422  1.407286  323.131134
242  116.113464 -26.752867  192.378937  0.335645  1.733308      96.625443   1476.886597 -111.781898   5.834494  1.385353  411.857361
243  110.354347   5.772213  156.133987  0.225147  1.406791      72.067963   1056.303223 -148.422150   5.708479  0.566489  431.085785
244  102.669312  -3.517720  170.586395  0.143042  2.726934      92.979301   1577.046753 -190.568008   5.017569  1.251548  396.878052
245  119.025978 -10.190521  146.801392  0.281315  2.709734      26.045336   1759.687622 -223.175827   6.355666  0.473184  425.476746
246  119.281120 -26.401691  178.186478  0.321759  2.770818      73.348000   1557.820068 -213.180862   5.474568  1.898294  439.687164
247  121.197433 -13.289742  178.149094  0.264298  1.573098      75.853325   1227.032227 -181.237991   6.496130  1.280923  389.846985
248  114.755814  -6.501637  172.150711  0.207421  1.635818      70.665024   1287.928101 -182.961533   5.578135  0.906531  404.645081
249  127.019676  -4.186407  170.295059  0.198049  1.087393      65.733887   1821.368164 -246.690231   6.930704  1.588962  390.562958
250  121.437538  -2.853152  172.094177  0.184359  1.048997      81.317413    610.383667 -220.810104   7.034375  0.654082  339.774292
251  117.705841 -21.436152  175.911667  0.291600  2.637431      64.971321   1017.854248 -211.032379   6.396741  0.580530  406.338135
252  130.458359 -18.959593  173.245255  0.289255  2.303061      74.480019    919.214233 -200.454865   6.814408  1.213228  340.973206
253  107.136421  -6.707906  158.100784  0.265517  2.555454      98.460869   1275.195068 -197.320877   5.815560  1.742514  344.669250
254  112.273941 -14.541303  172.551697  0.242468  2.675162      58.493172   1470.852295 -214.288300   5.677641  0.469064  361.988953
255  127.548698  -7.595892  164.928604  0.263039  1.328573      91.550896    986.921570 -210.433838   8.352281  1.655928  270.355774
256  110.053612  -4.473119  167.030777  0.206382  1.953624      81.539040   1219.713867 -249.432388   7.054824  0.961337  391.308441
257  125.941383  -8.373257  150.248093  0.286237  1.857139      65.566956   1427.009277 -216.801132   7.917327  1.408870  404.130890
258  127.988197 -16.137684  167.299225  0.318197  1.841553      79.761917    886.266296 -199.385178   7.387529  1.234618  357.109253
259  128.687943 -23.719936  181.620987  0.347426  2.117446      28.638544   1808.721313 -164.424850   6.108751  0.276875  296.482880
260  117.415581  -6.687152  159.725311  0.248122  2.154757      63.912827   1651.758667 -193.954468   6.331839  1.366973  434.425568
261  112.029205  -5.738870  166.486038  0.257049  1.642842      95.672577    777.833862 -176.389877   5.414650  0.927673  337.582581
262  118.732422   3.209560  149.806305  0.208623  1.778178      73.864967    685.624329 -230.294098   6.175379  0.316108  330.856232
263  115.371208  -0.834837  151.582336  0.249792  2.104829      64.631584    911.955200 -236.543564   6.926733  0.681379  448.169312
264  119.505630   5.730995  153.285385  0.188737  1.087580      81.474609   1003.975525 -206.955780   6.557852  1.141572  327.927185
265  107.776695   3.578710  166.190475  0.184600  1.007496      97.625000   1356.841309 -185.768570   6.425527  1.699364  386.378937
266  114.483017  -1.034008  167.101685  0.194478  1.259990      81.829842    714.228760 -211.061035   5.546495  0.308859  288.102692
267  114.474510   6.207816  153.560364  0.216530  1.377679      67.970436   1455.768433 -195.947388   6.883815  0.687821  366.753693
268  122.202957  -5.333724  157.429260  0.255250  1.672976      90.612373    721.256653 -240.337845   7.780521  1.376957  299.883301
269  112.668724 -18.123646  165.162582  0.328677  2.454231      82.039726    784.100586 -140.744675   5.956399  1.107769  432.807892
270  126.901054  -9.882798  147.472717  0.303633  1.814064      34.902016   1687.980225 -223.450165   9.441782  0.542532  421.229889
271  107.472481  -4.219475  168.776917  0.275194  1.290338      92.511520   1843.348145  -98.746788   6.122185  1.681516  440.040253
272  113.163200  -3.639486  162.016006  0.244906  1.783297      69.930229   1906.549805 -230.322632   6.496508  1.085365  394.221375
273  134.611633 -11.605532  160.960007  0.279956  1.579459      76.893867    830.184753 -244.733734   8.683687  1.206146  336.424377
274  120.211754  -6.646249  157.563049  0.294542  1.595036      85.349350   1172.426758 -188.457916   6.330473  1.679555  351.594727
275  104.015213   0.515040  170.525436  0.149256  1.584135      87.996391   1073.611572 -200.551559   5.031541  0.867606  417.476196
276  128.748734  -9.461828  165.600067  0.292390  1.311967      64.947708   1299.288940 -174.275162   7.959133  0.508359  266.569946
277  123.080544 -16.458088  172.195755  0.342495  1.664894      93.305893    796.825684 -127.541565   6.474079  1.629660  346.141876
278  126.294662 -22.990841  186.637299  0.262829  2.559433      74.616478   1491.896240 -201.420151   5.598596  1.396444  347.625122
279  121.305038 -12.982512  177.751724  0.241314  1.793548      71.244278   1357.727539 -234.480362   7.018133  0.752841  302.892487
280  108.040184 -11.796968  174.282349  0.224913  2.153694      89.774330   1975.888672 -234.399994   5.503041  1.877775  407.725281
281  132.994507  -6.600665  169.550064  0.235176  1.068280      53.530113   1706.534668 -213.612366   7.582531  0.837492  353.284119
282  122.601578 -16.268627  177.176117  0.260648  2.213071      77.761505    741.815674 -223.585587   6.118457  1.674289  430.699280
283  124.088333 -11.492696  171.723602  0.313184  1.349523      76.524811   1780.234497 -149.402496   7.201437  1.387531  368.959534
284  125.669426  -6.238411  168.382919  0.249402  1.177862      75.480278   1297.564941 -179.839996   6.882071  1.414059  344.976532
285  114.780853 -20.769911  171.998123  0.292464  2.716972      82.214172   1397.801636 -212.447739   5.718152  1.364600  362.733215
286  106.226822  -9.451035  179.470245  0.180269  1.694028      81.474136   1754.339966 -205.742798   5.600406  1.024976  429.691040
287  117.100372 -10.732224  162.138214  0.275089  2.183191      93.309181    728.025879 -187.898483   5.896535  1.675236  333.506439
288  127.944153  -5.352874  164.513779  0.286185  1.027187      22.212080   1629.939087 -187.973862   7.654577  0.286185  412.794067
289  123.632751  -4.871501  153.133408  0.310354  1.323202      87.429382    915.987793 -140.211090   7.186733  1.524482  330.749207
290  122.654892 -20.698570  169.527710  0.316338  2.505553      44.613216   1443.434204 -217.767929   6.119956  0.398523  330.220062
291  115.730515  -7.053785  170.238281  0.199829  2.126362      74.247444   1031.761353 -234.596603   7.336256  1.274279  419.502472
292  117.626183  -6.021799  158.795395  0.298282  1.597645      73.149307   1440.280396 -153.712173   6.062973  1.130379  386.802307
293  123.044518 -20.590385  166.891739  0.338717  2.439313      29.694561   1433.981201 -164.492386   6.273902  0.343466  431.994720
294  121.164902  -2.855061  158.701248  0.219642  1.619114      67.935478    710.427856 -223.261078   7.352949  0.686028  440.719299
295  125.586823  -5.755151  157.222443  0.234925  1.778523      62.902439    782.579590 -228.720840   6.648648  0.864337  440.293060
296  126.666824 -20.921425  183.511566  0.329273  1.858147      67.028336   1267.808228 -121.824150   5.438737  1.004426  422.125549
297  123.593857 -16.365654  164.517975  0.271295  2.535899      56.186203    985.801392 -230.467896   6.731413  0.747124  421.065247
298  107.729790  -4.823794  168.463837  0.244938  1.614588      88.792030    943.860107 -218.839981   6.558750  0.594552  382.679199
299  107.142227  -2.066020  165.046753  0.210527  2.020230      69.128548   1260.281494 -222.853943   5.610190  0.294807  303.143738
300  108.543816  -9.763824  157.790619  0.240018  3.217581      89.734413   1375.533691 -233.200150   5.585456  1.008395  255.509491
301  127.941475  -7.185246  156.188660  0.326655  1.183238      72.991142   1072.165649 -134.746277   7.839968  1.592014  435.876221
302  113.088806 -13.805436  178.887726  0.287109  1.531848      48.578178   1523.339355 -172.313278   6.532601  0.313421  387.180237
303  133.975128 -14.551577  172.413437  0.282703  1.708234      86.792580    518.366089 -196.316910   7.615294  1.173441  351.353363
304  116.070213  -4.328682  155.032364  0.286696  1.797884      57.211189   1717.673218 -174.611496   6.035489  0.590887  356.350891
305  120.319695  -5.672289  164.431396  0.247101  1.490305      71.793846    938.443054 -163.209885   6.283168  1.285671  432.478210
306  115.843750  -3.451060  164.740570  0.208820  1.747732      67.742470   1793.701782 -202.088242   6.042008  1.290090  404.596527
307  117.746109  -8.969672  158.762451  0.327307  1.711653      28.711182   1945.143188 -177.638428   6.667770  0.358977  405.671112
308  124.566856 -22.712646  167.367371  0.346579  2.453198      65.567406    893.210266 -185.854034   6.683364  1.009364  428.817291
309  130.881424 -16.121101  175.191666  0.302912  1.825833      48.189354   1115.894653 -230.343765   7.822574  0.355679  354.628235
310  128.846451 -10.391011  155.606110  0.282915  1.733827      87.468666    557.817749 -249.335159   6.917561  1.004041  293.018585
311  121.571388 -15.537966  157.871948  0.331582  2.226027      36.778591   1546.810059 -239.027542   6.902332  0.412180  380.287476
312  129.044006  -7.303936  158.543503  0.262112  1.457090      61.578197   1451.489014 -227.385437   8.752552  1.686756  440.184448
313  113.314476  -4.140231  159.007751  0.253499  1.972110      74.298569   1208.922607 -182.291458   6.099965  1.047457  411.524506
314  124.911659 -12.474880  161.448654  0.319582  1.701607      77.651123   1771.415039 -149.807419   6.546005  1.105414  283.159607
315  120.401421  -6.663171  164.702148  0.282496  1.392524      79.128235    794.898132 -144.367493   5.929749  1.240668  430.941833
316  104.325966  -2.842164  169.916718  0.168392  2.105767      99.000046   1012.494080 -207.740616   5.496748  1.374872  415.972656
317  121.984306 -26.217712  163.496201  0.344309  3.041274      33.722229   1777.933350 -221.184235   5.882071  0.633234  414.368286
318  112.409271 -10.936858  171.812027  0.202083  2.611018      69.486221   1219.418213 -206.896515   5.197968  0.537430  320.155579
319  127.090057 -13.274239  181.522964  0.253448  1.641389      64.836548   1652.823730 -249.297806   7.847787  1.572285  425.082794
320  122.794098  -9.684682  160.182678  0.317839  1.667400      50.300629    938.549316 -216.283905   8.362118  0.205828  401.389648
321  129.759720 -24.147476  164.415405  0.342926  2.536851      57.164623   1217.795044 -230.820602   7.354700  1.400034  425.409149
322  117.218170 -21.009367  184.615204  0.276575  2.146420      69.022308    800.648071 -154.806534   5.800648  0.253097  421.708191
323  114.282051 -17.755880  180.245453  0.319467  1.670938      23.461452   1907.084961 -140.239502   5.897750  0.207642  394.170044
324  104.089485   0.521055  166.347061  0.181269  1.899879      79.295807   1898.372437 -234.141815   5.150671  0.689795  371.856689
325  112.686913  -4.051669  170.659592  0.208755  1.426308      77.042191   1030.930542 -212.639023   7.257448  0.826226  407.221100
326  121.332199 -10.678656  168.432510  0.314409  1.443613      43.107933   1853.590210 -116.802254   6.614421  0.327793  273.661652
327  126.986282  -8.048930  171.831863  0.237140  1.426545      64.445381   1419.337769 -221.853271   7.875539  1.182106  389.280304
328  130.982651 -14.546161  165.170792  0.325422  1.607832      42.845337   1646.232788 -181.932037   8.638483  0.396202  306.894165
329  113.351776  -2.518195  158.297546  0.210014  2.248804      79.347389   1037.005371 -246.843887   6.199613  1.203354  379.786682
330  116.676094  -5.156698  165.472565  0.232013  1.602633      95.932625   1088.679321 -212.193253   7.730107  1.824732  302.670654
331  111.960358 -11.360099  163.341415  0.240357  2.976583      59.775131   1221.361450 -233.199921   6.270854  0.667854  418.587616
332  122.905403  -3.098118  165.592712  0.203308  1.294771      71.073402   1464.631226 -207.586319   7.591843  0.841222  285.020447
333  109.067879 -13.581619  173.582336  0.243459  2.357687      89.511818   1169.435913 -195.527542   5.526514  1.207236  398.181610
334   94.495155 -19.542570  172.378082  0.286289  3.012792      94.804985   1435.582397 -189.015945   5.085059  0.247142  382.967041
335  114.681503   7.978838  147.133347  0.252758  1.364410      84.632812    717.673218 -153.489212   5.551433  1.057691  442.396637
336  124.609848   0.869159  156.230865  0.213389  1.065259      71.381042   1170.830322 -242.771210   8.872620  1.228311  378.234253
337  117.611603   1.688996  156.643097  0.188323  1.648091      87.330177   1248.231812 -247.806076   6.769211  1.448796  292.037842
338  120.122169 -12.811936  168.607224  0.268165  2.030132      84.063309    585.376831 -204.215591   6.754226  0.699626  387.157501
339  130.206802 -23.458891  177.660339  0.306294  2.494339      40.779129   1805.254517 -221.947235   6.735487  0.405372  260.181091
340  125.866150 -17.458214  159.268784  0.309351  2.360529      60.739491   1499.661621 -212.668976   6.940247  0.794522  304.351898
341  116.889381  -6.088004  152.147095  0.279942  2.123396      63.983219   1826.261963 -169.456543   6.087505  0.840761  325.346283
342  129.407059 -15.909080  170.558762  0.305782  1.880728      51.232349   1059.792725 -193.105972   7.599108  0.440419  408.441956
343  119.232887 -10.918852  163.195374  0.318960  1.690751      76.960632   1611.560059 -133.715149   5.318524  1.907819  413.589447
344  118.324776   3.350438  157.581329  0.188536  1.371995      52.227631   1949.214355 -203.293915   6.324613  0.767069  400.113525
345  109.110786 -20.175022  176.505814  0.276029  2.648692      59.512054   1077.807617 -223.850296   5.339929  0.204842  386.017151
346  117.744690 -21.492588  184.407990  0.297258  2.058891      77.591904    745.476685 -161.952271   5.626989  0.269654  389.202271
347  116.962532  -5.336933  150.545151  0.327745  1.738707      86.477295    698.831787 -194.457336   7.093534  1.310546  397.603699
348  132.293045 -16.700354  168.929260  0.306575  1.877731      47.300583   1534.841309 -223.513596   9.295057  0.715783  401.351471
349  116.305397  -1.051087  159.897247  0.209766  1.702740      78.235229   1294.839478 -205.427963   6.036958  1.609124  387.336578
350  121.017151 -23.189350  168.349319  0.297654  3.014972      85.199715    580.366638 -238.639755   5.570181  1.305524  317.216705
351  134.944839  -8.430121  166.038391  0.268776  1.134501      63.486488   1382.151489 -191.487885   8.994033  1.502143  414.979401
352  130.381592 -23.949459  172.578934  0.315924  2.573553      72.761276    637.759766 -212.058762   6.447979  1.198539  390.007294
353  125.378166   3.269674  140.086945  0.297729  1.074437      37.458038   1405.216797 -187.512314   8.920472  0.283659  348.668823
354  115.803627  -9.360722  169.054733  0.273440  1.716574      47.074749   1751.077393 -150.373230   5.418684  0.446965  377.489532
355  122.518318  -7.099711  174.919388  0.240756  1.118776      78.565498   1250.356079 -146.750870   6.128589  1.555549  371.093750
356  126.217232 -19.648417  169.841782  0.288075  2.535350      66.570587    820.738708 -243.840652   6.751133  1.418873  432.953308
357  118.127678  -4.277702  154.503601  0.265017  1.928823      68.657684   1787.540527 -178.406830   5.733240  1.916095  444.429688
358  114.728127  -6.966599  167.814575  0.197035  2.160162      88.347588    967.216309 -197.578522   5.699620  1.012783  293.786835
359  105.584572   5.048134  156.844864  0.198042  2.153882      85.796867   1093.036011 -228.337830   5.365094  0.579809  366.370697
360  130.110977  -2.577577  131.594711  0.274794  1.423587      65.215088    773.419800 -249.325546   9.606226  0.440107  340.177185
361  114.466393 -10.850665  175.404953  0.220013  2.055667      75.451958   1076.105591 -211.835632   5.426374  1.066294  424.193848
362  120.300697  -5.420744  164.920135  0.253066  1.488816      38.964844   1505.489136 -213.185745   7.274074  0.412147  405.357574
363  139.643265 -13.569118  178.793243  0.344299  1.117024      66.200928    807.919373 -115.170753   8.846425  0.251186  310.785156
364  132.759521 -19.906410  168.117828  0.285347  2.570206      58.761280   1426.435303 -246.416046   7.042912  0.935937  334.866699
365  113.826126 -11.603607  152.932617  0.277050  2.922612      76.028404   1568.845947 -220.102142   5.639736  0.909345  260.793518
366  121.131508  -2.958369  157.082962  0.297022  1.205991      75.189835    755.297058 -147.500671   6.644758  0.860606  438.085327
367  121.451668  -8.379974  168.252228  0.276984  1.404120      64.574226   1512.258545 -169.560654   6.977025  1.019754  417.513031
368  124.023033 -17.734350  177.814270  0.264613  2.277327      66.623650   1337.437744 -201.703293   5.385989  1.454241  420.926300
369  136.451828 -11.735528  185.451523  0.292573  1.081635      46.325951   1347.283936 -196.081863   9.428785  0.609432  446.878082
370  127.331779  -8.535724  150.364471  0.277362  1.867482      41.666996   1108.931030 -227.915054   7.810283  0.256994  313.709045
371  117.001854 -18.997559  184.022903  0.212182  2.597125      87.458107   1480.996948 -247.919632   5.304312  1.400416  315.395905
372   99.178108   0.695086  168.429138  0.172703  1.901708      77.186668   1362.458374 -206.563461   5.041716  0.294008  383.252167
373  128.988800  -9.980302  168.560638  0.242457  1.685713      64.938889   1062.919312 -237.950378   7.885846  0.995840  368.998260
374  116.910828 -14.707237  157.360458  0.311889  2.607351      43.476727    997.687012 -213.859299   5.472571  0.216779  387.417114
375  118.426384 -18.692165  172.701752  0.275090  2.663034      41.347851   1784.115967 -223.627625   5.671741  0.412451  331.943573
376  118.650597 -15.573988  171.652283  0.280860  2.216624      71.724136    954.259644 -232.634537   6.565674  0.918774  423.406616
377  128.481598 -15.524220  144.873840  0.344398  1.974591      63.549538   1389.976929 -243.742752   8.907056  1.438825  422.075775
378  119.727676  -1.461226  158.433075  0.242675  1.369451      77.772064    743.771912 -164.196381   6.884966  1.166899  427.102509
379  101.671875 -15.438114  179.353241  0.232226  2.021888      90.312721   1695.143311 -196.013458   5.560099  0.571513  379.943848
380  122.071342  -6.284014  166.380997  0.237592  1.558261      68.341026   1016.481140 -198.268936   6.714058  0.768689  368.526917
381  114.616211  -4.705355  171.601944  0.220742  1.491855      36.665501   1644.859619 -223.656891   5.988534  0.267388  332.154877
382  129.755661  -9.803878  157.166718  0.294173  1.497463      72.823639   1271.365356 -211.059128   7.884688  1.845067  390.879181
383  108.757812  -4.417614  172.514481  0.177315  1.686933      72.144783   1978.359741 -231.816727   5.025910  0.699483  329.241760
384  127.629692  -9.453654  173.837067  0.236376  1.518568      41.520374   1985.020386 -248.182144   6.704475  0.546438  354.604889
385  122.695061 -23.743095  173.865707  0.336718  2.426000      59.593147   1073.033081 -137.406052   6.583069  0.511726  371.536591
386  135.826767 -16.354652  159.229141  0.305312  1.915294      49.515152   1344.754883 -248.710709   9.062521  0.476514  314.483704
387  111.771935 -11.898763  179.014740  0.232788  1.601515      69.681702   1644.280640 -152.225861   5.568920  0.463829  291.485291
388  134.069901 -23.449488  189.150879  0.304192  2.216641      65.512054   1442.778564 -221.330872   6.957723  0.912996  327.227173
389  123.137985  -2.317021  162.941086  0.251995  1.160236      43.517803   1062.891846 -204.314499   7.495118  0.241317  387.054993
390  134.493958  -8.692071  158.336075  0.292332  1.218166      55.440849   1789.635132 -196.236969   8.635804  1.185618  419.026001
391  120.156555  -3.953615  166.332718  0.240007  1.275372      59.272903   1709.589844 -163.278778   7.231989  0.565745  302.972443
392  116.101906 -14.652593  159.537415  0.290387  2.764559      48.065605   1628.063110 -215.291718   6.046074  0.631664  394.353088
393  121.312637 -17.391388  172.712494  0.272850  2.365816      76.834946   1144.516235 -160.036972   5.669896  1.768870  384.152893
394  107.560669   0.049203  167.247879  0.185585  1.521806      79.188812   1288.336426 -192.295853   6.230883  0.899470  421.416901
395  127.251862  -5.780546  178.332016  0.189292  1.007024      68.031296    796.874146 -237.630051   7.730857  1.517247  449.293030
396  127.904083 -15.968839  169.879486  0.285973  2.062589      45.495384   1533.204224 -227.112747   7.336069  0.355509  258.980652
397  118.804665  -8.505229  153.083969  0.261091  2.448845      79.851494    585.763611 -231.279510   5.706039  0.989259  376.493134
398  118.799706 -17.957569  148.967026  0.288054  3.413844      38.714172   1131.913940 -249.598587   5.198008  0.412098  356.511475
399  115.729507 -14.727928  170.598801  0.284240  2.178236      56.568913   1395.332153 -175.646912   5.886880  0.538618  400.974854
400  116.400032 -14.505818  164.371017  0.279446  2.460414      81.136536   1605.964478 -209.735229   6.063032  1.664746  339.435486
401  116.436432 -14.498571  167.438843  0.275902  2.368245      72.534424    885.813293 -207.307098   6.376876  0.686185  399.350372
402  135.416962 -15.519376  180.629105  0.319472  1.396465      83.199654   1163.732056 -190.150909   8.887158  1.374571  310.342529
403  118.115524 -13.080099  153.325089  0.303079  2.498842      59.802238   1565.655518 -199.243912   5.828665  1.307697  431.209656
404  129.698105 -11.393500  169.901413  0.282151  1.441680      80.085999   1494.667603 -129.392731   7.025228  1.446489  297.031189
405  125.082222 -14.284109  172.766571  0.280347  1.822902      78.134186    655.055725 -184.818863   5.870166  1.141230  418.699036
406  107.126785 -19.824759  173.836578  0.238519  3.270344      91.161133   1742.022949 -227.426483   5.053150  1.147176  328.893799
407  113.197495  -1.652353  167.424973  0.234595  1.248610      49.004299   1294.778320 -192.887070   5.758595  0.371438  443.727020
408  133.162903  -9.109930  166.406296  0.258005  1.339533      84.734764   1005.465210 -229.744858   8.496395  1.610069  287.112579
409  123.628311 -15.552947  158.668289  0.304856  2.321700      77.254631    550.083862 -221.175262   6.167039  0.339778  369.633575
410  137.544250  -7.951543  167.886063  0.241372  1.137733      60.251518    939.572876 -209.823257   9.215592  0.907380  409.029144
411  108.893791  -2.434812  171.834015  0.191970  1.369783      85.685028    877.225037 -200.140488   6.269802  0.968457  440.598663
412  121.600533  -9.170481  166.390259  0.235907  1.890822      87.334641    543.599121 -242.531021   6.487965  0.963980  349.841797
413  116.141151 -17.809530  179.741760  0.233004  2.514509      77.401703   1953.407593 -248.024811   5.669227  1.795706  409.596863
414  114.764870  -4.094763  165.105118  0.196484  1.955571      86.546463   1250.858643 -218.524841   5.717941  1.653923  346.518860
415  127.641716 -14.289685  151.559372  0.312945  2.025058      71.809135   1490.065063 -209.557922   8.057647  0.932272  266.988708
416  109.481651   2.932512  156.539108  0.236626  1.791436      45.387524   1287.981934 -176.290237   6.214135  0.279114  446.335144
417  132.202805 -15.169846  166.783859  0.311800  1.737204      54.292938   1299.802979 -197.870056   7.559877  1.041908  448.192291
418  127.802292  -7.187817  169.943771  0.214835  1.496978      62.108479   1793.929443 -243.408142   7.334036  1.420270  384.147156
419  108.224045   4.074546  158.790527  0.232797  1.524254      72.406487   1141.943848 -215.101318   6.071211  0.493241  422.970581
420  124.030487 -10.661281  174.695190  0.282178  1.435902      27.432707   1767.881958 -196.987457   8.277057  0.351363  425.777283
421  130.061935  -0.595050  148.501953  0.222671  1.120006      57.876320   1835.917114 -232.307541   8.296575  1.739539  435.790436
422  106.956917 -18.999372  173.752914  0.253829  3.025307      86.402519    844.285095 -151.573273   5.137100  0.672172  435.087341
423  126.721855 -11.992034  169.830124  0.279354  1.733172      34.434551   1456.537720 -148.935394   6.243575  0.395489  417.195282
424  116.099701  -1.668843  163.984131  0.242701  1.218616      83.483330    666.702576 -217.613831   6.952642  0.697074  395.881805
425  123.486916  -8.239725  165.588196  0.294036  1.404399      23.204819   1452.507812 -141.044922   5.798982  0.250119  405.891205
426  118.403313  -0.368447  165.502060  0.190357  1.125182      83.512856   1331.017090 -168.090851   5.702211  1.810531  335.698090
427  128.785416  -0.306231  139.196014  0.248372  1.414254      14.674440   1661.820068 -244.148499   7.036780  0.340764  449.337189
428  132.284668 -12.972942  175.104294  0.269155  1.551749      78.344009   1344.155884 -186.105850   7.965775  1.372729  293.282959
429  116.029305  -3.999148  133.636398  0.312046  2.496031      72.274765   1676.714722 -201.294510   6.242272  1.826748  364.329010
430  109.593483   3.385564  162.968246  0.159751  1.654626      71.548378   1359.394897 -214.871719   5.314906  0.906431  424.812378
431  110.117966  -9.911296  159.991882  0.268299  2.601475      95.725807    531.823669 -184.194778   5.163980  1.653964  417.548401
432  115.362831 -20.255283  168.078949  0.307758  2.701883      78.698540    761.918884 -181.350571   5.493150  1.118889  420.293030
433  128.135529  -6.991089  154.672577  0.282584  1.524892      54.619827   1332.380127 -211.369415   8.732759  0.730135  394.292145
434  120.626839 -13.890748  178.791580  0.312560  1.328672      84.931641   1641.033203 -106.691223   6.782483  1.143191  315.974945
435  128.262497 -17.927490  181.629120  0.286170  1.921333      57.941730   1366.472168 -243.706360   7.027785  0.919918  434.946411
436  119.945930  -0.235878  156.339310  0.221643  1.487579      85.203667    722.341858 -240.636688   7.082029  1.313450  346.525452
437  131.876694 -12.787593  167.515823  0.292165  1.588706      72.268402   1288.107300 -194.414841   8.466834  1.526113  361.398773
438  105.385841   6.379104  162.960907  0.163311  1.447332      90.749077    822.407959 -197.292511   5.389153  0.578588  422.626099
439  117.725937 -11.215225  157.171555  0.329057  2.000755      31.158779   1634.617432 -197.769012   7.074617  0.268530  333.364532
440  113.397270 -12.795626  151.396088  0.338890  2.506388      37.010700   1495.015625 -162.798477   5.412412  0.265452  320.520660
441  113.611687 -10.357757  179.346313  0.227482  1.483959      69.085281   1401.821777 -201.434479   5.734865  0.513009  328.504242
442  128.340591 -11.815477  159.061234  0.328809  1.577176      57.249668   1005.437073 -231.437485  10.709120  0.582800  427.837891
443  115.648994  -7.368475  169.973923  0.237091  1.723031      39.727489   1461.748047 -224.392227   6.869034  0.377564  439.388428
444  123.549789  -2.524795  155.317352  0.223363  1.639313      44.700016   1970.818237 -238.182053   6.619381  0.790442  409.419037
445  130.659576 -12.316984  175.594727  0.262655  1.581782      52.288303   1442.113770 -243.558868   9.544006  0.647532  362.357239
446  130.785172 -10.929322  166.015564  0.247428  1.736167      73.994858    960.390198 -244.789032   8.164735  1.194517  328.065918
447  117.497528 -11.058379  168.692215  0.244969  2.106572      72.865318   1670.067749 -175.752335   5.706898  1.023443  341.418304
448  120.320396 -17.774715  174.285599  0.320815  1.916151      69.588364   1403.827637 -152.003311   6.902786  0.829284  374.557739
449  125.384369  -5.900652  157.969788  0.288862  1.347198      79.970467    743.382019 -162.416870   7.341441  1.515342  410.132904
450  110.734985 -11.398787  152.637512  0.309443  2.832236      65.018600   1707.094971 -194.551544   5.333919  1.071715  411.348389
451  110.860535 -11.911391  174.996857  0.222983  2.047015      88.527184   1119.705566 -206.480850   5.550429  0.675593  282.232391
452  118.129440 -15.200001  165.014755  0.266021  2.738682      61.919472   1209.705933 -246.958649   5.610490  0.760160  375.398376
453  129.230072 -12.286479  164.971359  0.301241  1.629968      52.736820    993.929626 -162.583008   8.600426  0.343157  356.369049
454  117.064926  -1.852374  154.943115  0.237423  1.824983      79.594879   1168.665161 -201.865707   5.329444  1.062733  332.245758
455  118.590500 -29.322010  171.305115  0.309681  3.608046      75.119270    744.480042 -206.547455   5.344949  1.222102  376.075958
456  103.207527 -12.964852  166.067810  0.238154  3.362537      87.774017   1527.540405 -235.847534   5.544624  1.040490  395.359497
457  126.463165 -14.347809  166.579803  0.343524  1.548737      64.981995   1169.933228 -182.610779   8.136727  0.931732  428.853516
458  126.279022 -11.648620  171.805511  0.280725  1.508537      80.978233    796.648499 -180.442780   7.503162  0.641295  301.438202
459  125.900238  -4.822423  160.624390  0.224106  1.547264      65.719231    741.120789 -247.261810   7.719517  0.346493  345.817322
460  116.943718 -13.042566  177.975098  0.241421  1.879119      61.719601   1333.208374 -247.516846   5.872275  0.493156  340.762024
461  127.514450  -6.995717  155.225342  0.261157  1.694130      43.418541   1781.103149 -244.217163   8.034065  0.489034  305.604034
462  125.272789 -18.830263  168.416977  0.299899  2.337877      76.697685   1690.739014 -195.885696   6.405740  1.387740  290.022278
463  108.229332 -17.002779  165.585175  0.266954  3.224126      76.223640   1553.467041 -223.360352   5.366328  0.732859  313.044708
464  127.619980 -21.328568  183.414642  0.303752  2.126125      66.258560    779.182373 -211.491318   7.153317  0.453861  406.254333
465  111.800896  -3.582820  175.705154  0.168900  1.086641      92.134850    851.201477 -178.946960   5.202620  1.236458  363.993286
466  121.934380  -9.529412  171.631805  0.254397  1.577058      72.767242   1579.323486 -226.562286   6.562509  1.600356  396.927582
467  120.936394 -11.363706  155.446808  0.258639  2.638972      66.832428   1236.388794 -245.165314   6.622226  0.719176  287.501099
468  110.607117  -6.818247  169.379425  0.217596  1.944485      75.808441   1685.666138 -226.477661   5.734071  1.478564  441.486847
469  122.906425 -11.929483  172.974579  0.254950  1.876016      46.981323   1427.349121 -205.677261   6.448336  0.346036  296.038727
470  108.683380  -1.820038  166.406921  0.194210  1.753204      74.755508   1926.792725 -192.001953   6.785535  0.909808  375.701416
471  109.603424 -19.754307  177.771301  0.279030  2.472757      64.892197   1129.812500 -194.633209   5.592535  0.248419  373.506470
472  119.773285 -23.675690  163.228119  0.332716  2.994938      60.320885    936.869141 -234.736740   5.974054  0.737767  396.490112
473  126.563759 -23.792698  176.157257  0.345976  2.275960      53.415672   1505.141846 -211.075439   6.401057  0.737709  404.535950
474  130.149277  -7.249099  163.249908  0.276212  1.374430      14.315935   1841.895630 -193.299500   7.320852  0.256071  344.572693
475  100.625496  -8.049279  170.729492  0.249941  2.019507      57.544689   1448.178345 -179.774429   5.390885  0.232685  439.631836
476  135.728241 -19.385033  169.325867  0.330566  1.888653      65.138191   1126.569458 -168.161789   6.087240  1.327622  408.713104
477  120.261223   0.528005  154.870010  0.231294  1.469736      66.146431    845.871582 -228.305374   6.497231  0.445024  372.535645
478  117.312744  -1.447911  159.803772  0.202542  1.830637      69.492363   1033.703613 -230.449112   6.573954  1.343949  445.542999
479  119.528496   2.061548  156.781647  0.216946  1.219247      84.550949    667.844910 -163.224243   5.957325  0.949438  358.077850
480  116.231941 -11.202943  170.419571  0.278209  1.726214      77.492981    866.744141 -213.235031   7.524368  0.354627  302.171051
481  112.074738  -5.100574  175.069046  0.192198  1.441237      78.710892    746.535278 -204.140717   5.008619  0.455089  408.631744
482  103.556763 -15.755632  173.522598  0.245146  2.837364      95.800476    749.330688 -230.998581   5.103052  0.388289  427.164795
483  110.292358 -10.501287  174.081528  0.223725  2.025298      81.011574   1941.135620 -180.382156   5.672626  0.965048  339.601227
484  124.867661  -5.268380  160.876465  0.285094  1.285854      32.391571   1382.406738 -204.222977   8.032279  0.236476  347.469727
485  111.814018 -12.144109  177.035477  0.184865  2.445878      90.194130   1744.893188 -202.416321   5.205389  1.677150  340.364441
486  107.897079 -18.039520  163.397964  0.282274  3.327338      68.166992    962.749512 -203.311493   5.322181  0.303847  321.105713
487  126.148918 -25.183207  173.654556  0.322264  2.682545      75.063110   1132.264404 -208.794006   6.449626  1.159145  303.390717
488  112.178375  -8.550810  161.279724  0.287537  2.073471      79.879456   1037.917358 -146.400909   5.499401  0.741247  363.022125
489  112.725128  -8.257515  152.673615  0.305074  2.391276      82.723358   1283.553345 -200.164490   6.168159  1.807018  392.349854
490  119.442970  -6.616112  163.650192  0.221317  1.956387      76.752533   1139.548096 -236.019318   6.694924  1.465889  362.382629
491  131.414001  -8.316251  172.460495  0.264304  1.224187      27.101629   1719.425293 -218.734512   8.628200  0.397293  406.282745
492  131.050568 -13.828411  151.442047  0.330479  1.722905      48.256245   1303.829224 -246.016190  10.403349  0.319405  258.028198
493  104.800575   0.469656  167.625900  0.213482  1.277931      92.942009   1880.828857 -167.728516   6.133934  1.462459  438.583527
494  115.793167 -19.488447  181.478607  0.285541  2.023424      35.176182   1988.284180 -180.698883   6.225510  0.342201  383.041809
495  124.978996  -9.204383  164.525894  0.276341  1.542110      75.791084   1436.429810 -172.333206   7.026908  1.490537  344.095428
496  113.846176 -10.177623  167.557007  0.268279  1.966216      52.048897   1853.076782 -209.756760   6.052661  0.607819  412.397766
497  128.145248 -18.969137  167.812302  0.308174  2.322116      57.728668    936.789856 -232.141159   6.708535  0.509103  381.696045
498  134.652634 -13.777218  175.190460  0.295164  1.482421      88.570091    516.853271 -194.043488   8.609572  0.616619  312.784485
499  116.965767  -4.077312  152.298325  0.284232  1.888031      65.903679   1613.117065 -174.034317   5.913784  1.329395  429.256470
500  130.360001  -4.449361  165.037628  0.227984  1.043670      71.199905    617.170105 -221.594818   7.429964  0.572693  373.935699
501  107.068527  -7.059633  166.565323  0.223044  2.351266      85.131241   1639.384399 -179.881210   5.070561  0.955655  350.577423
502  120.522095  -9.574685  177.678467  0.216918  1.605089      76.906487    767.541199 -248.096268   6.158951  0.601939  348.212372
503  112.831367   0.110038  167.547089  0.172343  1.315186      90.103821   1599.763428 -210.034943   5.996760  1.646825  330.777649
504  120.597542   0.283265  160.012436  0.240148  1.103186      51.969158   1227.251465 -197.671432   6.742801  0.452190  389.228729
505  109.810623 -18.662184  165.974548  0.300455  2.871481      73.319061   1592.402466 -204.244812   5.151487  1.024928  399.860077
506  105.601799  -7.921981  164.921234  0.244327  2.598610      72.067963   1074.257324 -145.560226   5.435698  0.429911  428.339813
507  107.226212  -7.945373  154.259476  0.294872  2.710712      88.227478    704.369019 -240.235504   5.878143  0.458301  360.186066
508  115.133537   1.896406  163.659302  0.197613  1.115249      80.322701    846.288635 -244.175812   6.647453  1.422053  436.995392
509  123.604523 -11.926573  162.613174  0.278826  1.967669      86.181396   1090.554810 -216.360840   6.558894  1.616487  298.312012
510  116.368050 -23.562510  170.178040  0.321561  2.791499      84.941299   1439.249878 -220.323380   5.842863  1.839244  344.780426
511  112.938881  -9.102678  181.371750  0.214022  1.160467      73.227310   1646.590210 -215.613083   6.513669  1.038865  414.583557