            lon        lat         inc      D1AU     delta  launch radius  launch speed    t factor       B1AU     gamma         vsw
0    106.801575  -4.458850  170.444366  0.223527  1.741742      28.202461   1955.347046 -178.898727   6.118784  0.206143  373.551483
1    128.885788  -4.844615  160.426193  0.290874  1.027772      58.869827   1020.885803 -145.229019   8.202586  0.767890  449.724609
2    126.167450 -16.493031  163.168579  0.330464  1.966055      55.516991   1511.441284 -203.570099   7.485435  0.687408  373.718658
3    123.880150  -8.890205  157.263031  0.315402  1.564354      40.902016   1900.043213 -142.221725   6.251996  0.655892  437.550781
4    123.901215  -4.449654  162.346405  0.242692  1.390398      47.492134   1124.868774 -212.538681   8.124674  0.390783  399.393341
5    121.244141  -9.773435  170.502655  0.273792  1.576734      48.165947   1727.898682 -178.724213   7.007193  0.683626  442.288605
6    119.675545 -15.449519  181.827942  0.233819  2.053722      63.361935   1069.952271 -239.009598   6.800388  0.470816  354.988281
7    119.937080  -2.535208  162.499832  0.235760  1.302892      72.642242   1849.901123 -182.282349   7.176695  1.032236  322.017395
8    120.686897 -26.304350  173.611542  0.326383  2.970540      64.110710    802.264343 -234.574524   5.673814  0.464854  403.419037
9    108.454987  -5.994611  171.355713  0.207363  1.757598      91.995316    869.517029 -226.443604   5.995398  1.096447  392.400269
10   132.443802 -11.274564  175.717300  0.273236  1.319690      56.845070   1699.842529 -139.850739   6.285233  0.884122  377.469482
11   111.921539   1.235318  160.137146  0.267469  1.204271      89.755905   1501.802734 -148.356430   6.771557  1.849156  405.410950
12   121.976288  -9.891289  180.026230  0.219481  1.337658      52.965057   1568.541626 -197.534195   6.230313  0.513713  330.522491
13   120.826103  -0.226983  157.304749  0.227334  1.388014      12.214135   1664.961304 -215.040268   7.039788  0.251898  434.645081
14   133.096863 -10.131834  170.213348  0.266424  1.336315      67.532051   1267.537354 -159.509979   6.344488  1.150455  355.668488
15   120.777321  -3.343871  156.227692  0.236120  1.776360      67.746819   1989.254150 -195.169922   7.013643  1.304236  358.296326
16   127.513428  -4.125521  164.109268  0.234098  1.083533      71.454506   1281.149658 -210.759598   8.688797  1.493321  366.475067
17   127.269936 -27.254087  185.705353  0.323055  2.515722      76.516762    969.173218 -186.313568   5.834245  0.777564  307.559998
18   130.507141  -6.862957  173.572861  0.196565  1.314347      59.144943    765.497375 -220.575027   7.685473  0.453754  379.027618
19   114.756294 -16.837626  165.820679  0.263488  2.987850      79.372826   1318.403564 -193.036469   5.309156  1.916400  380.900055
20   119.132004 -14.378386  165.290588  0.286556  2.334128      44.079151   1577.448242 -203.289627   6.339505  0.445009  352.455109
21    99.620766  -9.351008  175.399063  0.197370  2.158508      86.977264   1102.885620 -209.344604   5.442948  0.363067  425.491241
22   129.855743 -19.686466  174.368652  0.315419  2.115500      49.472961   1235.472290 -237.824203   7.176282  0.667349  449.417938
23   120.875412 -18.379038  175.756439  0.279097  2.354713      58.904751   1479.297363 -230.203033   6.769318  0.711225  377.755798
24   125.104080 -23.048147  189.025803  0.332584  1.826495      47.990185   1836.224609 -156.730728   5.824431  0.587338  423.467316
25   128.581543  -0.456153  153.819946  0.204505  1.143594      35.009922   1173.227783 -235.174866   8.043414  0.301902  375.766785
26    96.499542   0.230631  172.034119  0.165919  1.789992      69.316383   1519.062988 -169.387497   5.074582  0.239057  431.623199
27   116.381065  -6.251556  173.299866  0.268583  1.025700      75.050003    798.910767  -96.625443   6.636034  0.273693  341.799103
28   111.357872  -2.104697  161.046814  0.227651  1.856344      83.244217   1893.114990 -189.151978   5.901745  1.528697  380.166687
29   114.005058  -1.304070  149.565735  0.283665  1.981201      70.074203   1128.380371 -205.456238   6.821920  0.797239  409.762115
30   120.781647  -2.227016  158.638565  0.242811  1.397349      72.179100   1408.017456 -163.263535   7.203280  1.218380  373.495483
31   117.013969 -14.915957  173.229126  0.286412  2.030584      53.294052   1819.841919 -185.295761   5.983387  0.665145  426.074097
32   106.674408 -14.774455  163.072403  0.283961  3.082225      77.640160    873.554321 -197.014679   5.012596  0.418861  386.068817
33   117.866356 -13.799198  178.648880  0.266695  1.745906      41.881672   1426.229492 -211.041962   6.270426  0.234166  319.719421
34   134.450272  -9.198350  163.401764  0.308876  1.084675      71.528168   1608.146362 -203.170654   9.057378  1.249809  345.823364
35   110.238579  -3.365566  159.711349  0.239513  2.145075      85.680595   1238.827148 -159.119629   6.241364  1.998196  449.444092
36   131.956650 -10.809316  160.614929  0.299996  1.440474      72.424217   1242.943115 -200.898788   8.740588  1.320526  359.198212
37   134.898758  -6.289176  153.479263  0.291502  1.019138      46.861717    970.049683 -173.879868   8.775547  0.271907  356.691162
38   115.766548 -14.208754  166.806137  0.304264  2.062598      82.811302   1633.257202 -152.358368   6.306385  1.778606  384.627014
39   112.198563 -14.515795  180.758392  0.226866  1.907067      65.509392   1647.841309 -207.861450   6.072502  0.370270  256.381226
40   123.530769 -25.951521  182.377792  0.340654  2.282099      59.146439   1831.787842 -184.853714   5.750891  0.556670  295.604248
41   106.715675   1.680320  161.101746  0.221854  1.703657      66.399208   1728.102905 -155.874008   5.691760  0.548599  392.547394
42   121.291763 -22.745350  161.326477  0.334372  2.785767      64.451187   1018.690552 -243.546112   6.322719  0.963471  378.566040
43   112.943298   1.918807  156.069321  0.202019  1.955185      89.139740   1234.235840 -211.493958   5.811249  1.220854  312.331268
44   126.722641 -17.884678  169.799698  0.299668  2.140950      85.635567    936.506104 -200.393982   6.208820  0.977616  251.774475
45   110.053055  -4.127943  169.473801  0.195587  1.882710      88.958183    997.806824 -244.251083   5.668879  1.151622  381.308990
46   132.173981 -14.959332  168.856918  0.295615  1.868134      44.240772   1716.670288 -232.317093   7.614819  0.804955  433.512482
47   130.850281 -14.775647  166.328049  0.318962  1.713564      47.029812   1137.075928 -206.867523   8.078660  0.383871  375.315186
48   120.926910   5.684928  148.399490  0.225971  1.197982      62.799156   1826.166870 -219.720383   7.514998  1.137094  407.791840
49   117.623276  -7.512136  166.603561  0.212912  2.054248      83.451935    857.964417 -238.602249   6.641290  0.848927  306.068359
50   127.160362 -16.970688  167.919998  0.301981  2.172826      58.614620   1386.155396 -238.199066   8.154029  0.999433  406.892853
51   122.843376 -14.348842  173.482178  0.308960  1.634887      75.831635    885.058716 -155.751419   7.043503  0.627153  368.502594
52   112.648003  -5.356566  163.958969  0.221941  2.174089      81.314980   1466.798462 -195.823730   5.740730  1.557713  393.493805
53   122.687088  -3.665448  145.254684  0.282161  1.739698      67.720078   1278.604614 -225.682114   8.552870  1.428748  405.683197
54   136.031693 -19.022488  189.229721  0.301441  1.780818      78.354362    798.494812 -183.970078   7.604584  1.261724  363.935577
55   113.644806  -2.360094  166.340775  0.211979  1.609648      46.072182   1546.074463 -242.230988   6.325654  0.454793  442.740417
56   113.536087  -5.084055  161.510452  0.246519  1.984757      84.894966    911.489807 -178.098206   5.472458  1.232038  382.577454
57   114.881950  -8.809808  162.672592  0.251130  2.271151      67.439964   1392.162354 -237.810715   5.911055  1.207163  421.076996
58   121.037003  -7.606140  170.204880  0.218349  1.724604      68.859581   1085.108154 -224.521805   6.199993  1.023206  392.747162
59   122.525497 -21.795324  182.910019  0.303071  2.113276      70.939163   1713.236084 -174.717804   6.163344  1.364148  404.596313
60   109.155670  -1.177523  159.650711  0.265305  1.697416      75.956268   1479.336792 -183.471100   6.530449  0.587935  329.317230
61   109.773026 -20.745266  170.260406  0.262691  3.481820      68.522957   1163.126831 -239.492111   5.601427  0.465492  342.837189
62   132.066437 -20.067865  174.253510  0.341435  1.879564      58.807594   1841.020264 -188.877960   6.984895  1.072292  410.176758
63   118.575272 -19.714874  197.041534  0.245172  1.345846      55.919205   1163.750732 -148.246414   5.826183  0.204246  297.238739
64   122.977615  -5.965487  156.176071  0.233293  1.987349      68.398521    782.583618 -249.178040   7.424372  0.566023  355.078979
65   128.081650 -18.223724  158.195129  0.321450  2.282392      21.366920   1433.189697 -236.284058   6.903323  0.267584  387.511353
66   138.856110 -12.724879  187.320938  0.257405  1.469821      55.902294   1141.046021 -230.006516   7.461105  0.716436  386.838593
67   115.717812 -17.426273  158.270889  0.306345  2.855071      59.828835   1672.827393 -193.984985   6.363529  1.054578  386.949036
68   115.287888  -9.742966  178.304901  0.236353  1.277918      83.756805   1754.555908 -154.374725   6.371808  0.779813  250.660019
69   116.417160 -14.979031  173.214996  0.256626  2.220660      94.146782   1007.501892 -211.398804   6.515769  1.049206  261.640320
70   109.308037 -14.502817  169.854919  0.234494  2.966224      90.177376    936.463928 -247.173157   5.521030  0.764131  317.873932
71   124.374313 -19.861246  166.903366  0.288865  2.693501      66.637924   1427.526367 -190.863266   5.634096  0.931445  299.847778
72   135.676788 -11.735819  185.064987  0.280121  1.225088      34.877491   1141.733032 -177.559998   7.175402  0.255558  408.079010
73   126.334473  -4.510662  161.418137  0.250864  1.277574      63.905659    895.544373 -205.334900   6.965166  0.863819  425.204956
74   121.255219 -15.420172  185.202652  0.314626  1.203295      78.753304   1352.600342 -121.961464   6.643327  1.073073  404.280731
75   105.400398 -20.061028  171.972488  0.335987  2.408880      48.593353   1573.588135 -124.321083   5.060615  0.239150  410.858826
76   122.789055 -22.292559  169.104858  0.331561  2.503077      55.343487   1389.166626 -202.432587   6.266542  0.683612  369.274475
77   142.155502 -15.304866  169.835602  0.332252  1.375415      64.893059   1772.235352 -246.271011   9.735545  1.379438  393.279022
78   113.583321  -5.421435  164.866364  0.257439  1.710103      72.560509   1396.123413 -148.849045   5.794408  0.634250  335.071045
79   117.862297 -12.584899  157.172272  0.306063  2.342650      61.343990   1460.073730 -185.946625   5.242368  1.053415  414.692596
80   129.391357 -13.843023  168.427048  0.321470  1.605391      41.803829   1183.456299 -225.015091   8.397643  0.356377  428.777985
81   123.828499  -8.763072  169.157455  0.251266  1.510381      78.418083   1422.266479 -210.158157   7.607143  0.944806  266.230743
82   121.831100 -12.581480  151.372406  0.335260  2.052340      66.913254   1112.222778 -164.498550   7.147298  1.107731  401.111847
83   119.175949  -7.415129  176.625488  0.182755  1.518013      87.254433   1348.800903 -240.303436   6.140234  1.989398  312.810486
84   126.469887 -16.585823  168.725296  0.309128  2.036314      70.763237    913.807129 -207.276703   6.523831  1.527102  437.174622
85   126.979233  -9.459943  163.998840  0.322141  1.286518      51.990971   1158.767700 -149.022842   7.355933  0.587297  447.546661
86   115.448929 -10.226103  154.862549  0.259876  2.876002      69.237297    685.133911 -227.848938   5.231951  0.326032  371.492859
87   123.066032 -15.813051  168.418106  0.324151  1.845034      89.898140    959.574829 -172.323532   7.020966  1.997325  350.521790
88   131.616241 -27.664238  178.130783  0.337955  2.676315      50.460396   1642.280762 -220.631775   6.537531  0.659466  328.974030
89   132.445969 -18.546755  159.979462  0.314311  2.109127      77.908875    959.896606 -249.390945   7.413226  1.838062  342.225769
90   130.890945  -9.606541  160.085815  0.325431  1.211920      52.249722   1739.397095 -160.374146   7.778909  0.830655  417.365875
91   114.056030 -14.789820  184.307266  0.240671  1.559834      71.787231   1740.161499 -144.177200   5.132135  0.745889  372.707581
92   106.008911  -7.989153  164.251877  0.227118  2.741126      98.287247    593.506592 -207.127457   5.560205  0.711406  427.095734
93   105.778175  -6.714576  174.574844  0.185279  2.016557      80.679886   1297.366943 -222.023529   5.454658  0.845232  433.205353
94   106.920395 -18.362568  172.478058  0.302637  2.412697      83.682388    989.065491 -140.852432   5.135546  0.225520  250.832764
95   119.597778  -3.557188  148.538879  0.279329  1.880374      67.184654    973.054626 -181.232849   6.837489  0.933721  420.586914
96    99.957344  -5.602422  164.908524  0.197736  3.216844      95.005661    886.721191 -226.872131   5.290519  0.445542  384.437775
97   115.551147 -11.991292  171.954773  0.273617  1.795798      89.672684    807.595215 -173.636185   6.284519  1.161874  376.266968
98   126.099030 -15.843072  170.697968  0.265059  2.196336      76.515587    885.986389 -216.371689   5.662623  0.671941  261.962036
99   110.516701   1.481614  155.691574  0.225778  1.943584      96.500000   1282.244019 -207.270676   6.076136  1.203099  299.377106
100  124.732918  -6.513083  174.569046  0.204321  1.246931      87.248817    513.800110 -219.448654   7.323412  1.371287  377.540070
101  135.995544 -19.691875  172.576599  0.344650  1.846612      61.621620   1264.126221 -209.286652   8.454380  1.066238  412.332886
102  115.342896  -4.924130  167.113098  0.189708  1.947363      80.635567   1341.371460 -210.773544   5.474303  1.122141  326.875671
103  120.411484 -21.045296  171.530396  0.297700  2.603950      70.198715   1862.426025 -198.417465   6.048213  1.974910  409.348236
104  112.313644  -0.649415  169.826706  0.192369  1.008699      71.110268   1705.588623 -173.650314   5.574796  0.774603  345.485870
105  133.202850 -20.085268  182.698395  0.300030  2.012931      71.616119   1639.893433 -194.802063   7.114063  1.719467  361.742554
106  109.807503   1.609783  168.694763  0.169426  1.017441      99.542801    650.471619 -207.499054   6.056989  0.884679  360.908203
107  106.071632  -9.208504  178.889099  0.217923  1.341916      68.960777   1747.786133 -169.055099   5.065297  0.537931  410.460052
108  115.295357  -2.848869  169.286972  0.175619  1.561398      84.519630    886.102417 -191.303482   5.595161  0.992955  342.313599
109  112.624374   0.223620  161.317291  0.217068  1.542711      76.792686   1301.564575 -232.212128   6.365036  0.571848  281.552185
110  111.185806   2.169559  159.197830  0.200046  1.821947      90.473320    888.142151 -193.095627   6.313496  0.857074  331.230316
111  125.571083 -12.496747  180.405975  0.244786  1.516746      81.442726   1240.963257 -217.532059   6.925121  1.185153  289.591736
112  114.674667  -4.657746  167.186783  0.303344  1.074639      84.405479   1366.211060  -89.821213   6.420622  1.018373  366.418732
113  106.082520  -0.030461  165.042908  0.179032  2.027694      97.791412   1762.585693 -219.363068   5.656393  1.804730  356.813171
114  123.562767  -7.994689  177.968155  0.220834  1.258545      71.583740    658.984985 -173.588135   6.630882  0.581299  424.569183
115  113.453491 -25.126442  177.745697  0.271656  3.301012      73.152565   1338.302490 -214.664688   5.262191  0.660102  337.011536
116  122.125160  -2.085663  166.203705  0.201443  1.204157      51.259899   1996.618652 -233.608444   8.110075  0.815602  397.925385
117  115.558708  -8.832245  162.691742  0.282099  1.957993      77.746407    822.643616 -175.019806   6.112598  1.035656  433.898621
118  118.139282 -25.214977  185.175766  0.254650  2.913302      77.700874   1177.848389 -238.825302   5.143023  0.692050  310.836792
119  121.971092  -7.958516  171.833572  0.272646  1.195942      74.392105   1708.177368 -168.767715   7.526448  1.571765  413.501038
120  137.837051 -10.462476  168.520554  0.276805  1.254052      69.082207    625.465393 -205.119446   9.485992  0.621623  407.641663
121  130.309586 -12.843069  172.711777  0.263529  1.677891      61.129036   1397.595093 -216.783310   7.498453  0.971222  372.815430
122  113.195381   3.660381  163.677811  0.173233  1.073488      79.283226   1442.394165 -217.672211   6.412924  1.238085  366.789459
123  116.502754  -7.349212  165.872299  0.247704  1.903681      67.675018    915.353088 -187.826035   6.683428  0.458675  377.137360
124  108.417297  -6.149690  153.957153  0.261919  2.911851      80.946526    997.167419 -197.396896   5.287026  1.600888  442.218170
125  114.812599   3.393724  157.569458  0.196776  1.394650      77.081398   1667.860718 -186.625519   6.653192  0.785376  279.588135
126  117.522171   0.328761  150.376938  0.221528  2.010719      72.150208   1181.263428 -243.566467   6.113820  1.769265  424.895691
127  120.758423  -9.432691  161.108368  0.285882  1.935539      36.846111   1341.335327 -246.820877   7.354925  0.243080  329.576904
128  118.423485  -3.739534  158.222885  0.263564  1.709022      25.207867   1964.563477 -185.758163   6.479538  0.324885  382.262726
129  109.365417 -17.362490  169.766235  0.269070  2.849816      72.837585    895.969482 -190.868866   5.518819  0.435198  405.215302
130  108.269218  -4.696271  155.786499  0.291456  2.273153      52.215958   1360.433716 -196.230911   5.716824  0.311661  381.937347
131  108.535469 -11.956082  174.660294  0.223093  2.298419      78.038071   1011.169006 -247.255341   5.517551  0.565802  424.701508
132  126.742447  -3.222467  158.838165  0.245092  1.303648      27.318703   1426.537842 -224.937714   8.359516  0.308029  417.938141
133  119.778229  -5.928583  155.401047  0.273715  1.915999      53.668571   1274.676514 -205.990158   6.983865  0.681256  427.653259
134  114.723785  -4.546894  158.933746  0.256096  1.918386      66.958046   1299.973755 -212.863556   6.019913  1.010546  433.742126
135  113.362793 -21.144485  165.424698  0.331829  2.765220      49.049480   1883.366577 -184.657211   6.272571  0.472465  333.103668
136  105.534645   7.810032  159.520081  0.170826  1.745704      78.324440   1340.983521 -182.463760   5.055886  0.528791  372.994629
137  115.827560  -8.715636  157.333389  0.292973  2.062609      90.023140    815.285767 -208.276382   6.538366  0.762611  261.925629
138  112.496262 -17.500736  170.770508  0.304408  2.535811      29.878922   1428.474121 -138.886414   5.335341  0.214022  448.351959
139  128.124008  -6.714758  165.811935  0.225286  1.395340      88.594513    605.964722 -219.381653   6.981449  1.438695  298.906433
140  107.162697  -9.228203  161.420303  0.263913  2.600699      95.643501   1110.323486 -237.634293   5.474596  1.513754  366.151947
141  106.073639  -7.242006  176.754913  0.194677  1.488184      91.124977   1383.128296 -133.340317   5.903373  1.265954  419.603271
142  123.916107 -10.222360  147.528275  0.336325  1.777385      76.515373    811.076172 -223.533905   9.461102  0.771246  335.493134
143  124.063026 -27.315664  176.963989  0.332398  2.747145      66.771187   1539.998413 -200.649567   6.095051  1.039961  358.095581
144  111.710197  -5.036356  157.258942  0.270561  2.132192      83.312088   1130.612915 -181.538315   6.153337  1.622164  405.998932
145  114.019318 -11.070885  171.042999  0.288203  1.819133      58.332626    911.848389 -139.972260   6.249916  0.212511  449.305511
146  129.984436  -8.806806  159.439514  0.249479  1.675840      73.825188    651.162170 -230.623154   8.287518  1.001541  378.252563
147  103.685928   8.185220  158.255859  0.179990  1.894371      78.682892   1438.751221 -243.989410   5.061604  0.389497  307.350739
148  111.274849  -7.011894  168.095825  0.239836  1.936573      59.326599   1247.398071 -152.617325   5.820624  0.342687  366.224304
149  127.034683  -8.696332  145.673050  0.318999  1.714228       8.612413   1804.840576 -243.406204   9.154424  0.260624  397.500763
150  108.872688  -7.023959  170.951233  0.221469  1.795016      82.774628    879.781128 -181.577835   6.226460  0.650356  422.803558
151  118.322281   1.997125  153.206406  0.237822  1.502487      46.898727   1582.748657 -206.224625   7.294529  0.387861  324.240845
152  121.062241 -20.516367  164.980667  0.339728  2.358515      68.285255   1547.539185 -175.130905   6.446227  0.757475  279.967834
153  113.808937  -6.557149  172.757416  0.203488  1.735583      58.728485   1861.617676 -220.228043   5.713069  0.529038  319.173950
154  127.741447  -4.296027  149.780533  0.265695  1.428838      48.032791   1544.156494 -208.416656   7.764578  0.904066  443.099060
155  113.288033 -10.747025  173.981262  0.278517  1.522174      44.769291   1973.842651 -106.980591   5.897561  0.378722  381.481476
156  116.325844  -3.932664  139.403610  0.315874  2.220021      46.986092   1813.253540 -200.280411   6.736792  0.638837  390.390869
157  106.077995   0.610663  168.340790  0.160968  1.683437      89.874176   1276.700439 -224.988510   5.891691  0.713660  310.156586
158  107.715118  -6.299080  172.482727  0.248072  1.412726      74.377922   1339.135498 -126.513023   5.504161  0.417114  359.630951
159  116.762283  -8.168544  175.137009  0.216685  1.493703      82.606667   1862.647583 -209.526520   5.984408  1.896599  374.210602
160  141.110992 -16.623171  171.468048  0.310680  1.655409      72.811142    682.222656 -235.718109   8.374996  1.675807  446.899048
161  125.814125 -13.294895  165.167938  0.302393  1.782299      68.254723   1059.827881 -164.072235   6.306460  0.537403  280.250214
162  112.145630 -23.409975  169.879944  0.298321  3.171058      65.283211   1750.247925 -165.735901   5.449739  0.854110  377.012543
163  115.240097 -18.614597  158.262787  0.318712  2.871114      67.986221   1198.471680 -209.288010   6.298532  0.981839  365.817993
164  129.700577  -6.690141  152.064026  0.305451  1.380123      11.411957   1746.349121 -204.555664   9.178651  0.259388  406.454620
165  123.647858 -24.238518  164.284958  0.343959  2.688122      64.553024   1784.352417 -175.336975   6.143919  1.431535  366.698792
166  127.088905  -0.906973  153.023849  0.249516  1.061037      65.325394   1142.919556 -188.815842   7.809037  1.706826  443.279083
167  127.486122  -0.324020  149.598740  0.227245  1.234302      53.003105   1696.272095 -225.987457   7.871047  1.279744  446.849731
168  122.257271 -16.123386  175.737564  0.256177  2.212419      62.624859   1883.198364 -229.286926   6.895153  0.865775  325.976288
169  113.623772 -11.050154  172.188736  0.225161  2.129757      77.713341   1262.219727 -199.207993   5.471901  0.732296  313.398346
170  117.791145   4.421758  153.673935  0.197994  1.420408      64.746559   1282.942261 -176.497208   6.344003  0.541105  312.622406
171  119.596527  -6.760378  167.350815  0.256412  1.525732      64.178009   1549.425171 -236.520157   6.769597  1.208014  443.393860
172  136.614151 -11.359388  181.003555  0.305493  1.048743      76.292892   1065.161499 -148.779083   7.623347  1.791547  404.263611
173  128.375565 -16.601761  166.230377  0.330543  1.825323      65.771500    759.688782 -187.150208   6.371006  0.577904  426.952179
174  115.746567  -4.972678  167.681671  0.195961  1.923964      22.884853   1758.430542 -228.395432   6.380144  0.288768  387.462952
175  126.822601 -12.308134  163.073761  0.243781  2.338562      59.027164   1189.014160 -217.961365   6.343332  1.294998  442.671021
176  114.420372  -8.582502  167.374252  0.215997  2.314216      80.387611    579.288269 -243.888550   6.748676  0.240595  396.510101
177  121.638092   0.878819  151.386353  0.236230  1.382220      93.204018    676.177979 -239.039444   7.764215  1.074815  277.113617
178  102.317451   0.713186  166.512512  0.177485  1.982588      87.901703   1707.707153 -233.813904   5.586420  1.021981  418.567139
179  111.499855 -15.461683  170.735825  0.239494  2.761585      94.593750   1296.781860 -216.290237   5.155461  1.659263  318.815674
180  104.091095  -2.302775  156.584915  0.263592  2.423785      95.631134    948.688416 -217.743073   5.470719  0.987007  399.823273
181  121.108864 -14.937952  174.682205  0.307888  1.696698      51.752171   1217.404053 -170.695587   6.733027  0.399489  416.460480
182  111.636635  -4.291097  170.461502  0.216068  1.458095      99.789604    539.252563 -171.634232   5.989864  1.220769  404.024780
183  107.241699  -6.048628  158.958206  0.232165  2.987520      64.102592   1040.274048 -233.720474   5.104783  0.461971  430.390991
184  130.972198 -11.999697  174.736328  0.294554  1.355365      45.097004   1165.275879 -178.672913   7.229288  0.392454  415.594666
185  104.756653  -4.886743  159.173141  0.250081  2.614808      70.144089   1249.872803 -243.118912   5.385110  0.341532  333.597534
186  124.762840  -2.231696  146.993835  0.253033  1.669826      56.262787   1191.312378 -233.005478   7.477875  0.930813  429.771698
187  111.287590   0.343118  159.505142  0.294328  1.244689      89.437164   1137.691162 -148.651321   6.501328  1.575564  441.267975
188  123.607109  -1.887659  147.899567  0.287067  1.426373      61.383244   1052.311279 -195.855179   8.131576  0.555415  383.176666
189  116.319870   1.138551  141.293228  0.277958  2.044456      77.771660    967.451294 -215.753067   6.543107  1.330341  384.941711
190  127.002502 -15.073746  194.144119  0.239727  1.341529      23.584913   1953.570557 -213.632919   7.342677  0.289432  321.926483
191  123.363617  -7.833459  164.705124  0.234326  1.754981      76.352081   1175.195312 -247.603409   7.570117  1.694656  371.153168
192  121.171570  -9.089593  174.474274  0.229414  1.648221      36.798115   1896.322388 -232.888306   6.917973  0.397094  344.821381
193  114.008827  -3.635148  170.861710  0.182491  1.649210      38.676430   1441.768677 -212.001236   5.810072  0.298890  400.628876
194  122.378288  -4.344280  158.016602  0.238419  1.674103      68.299843    911.197998 -235.666992   7.879583  0.603361  324.361877
195  116.808487  -3.212765  157.840363  0.209313  2.223702      35.594250   1888.695557 -244.933258   5.491819  0.455585  375.029388
196  110.623505 -24.573874  166.901276  0.334417  3.061768      77.251999    974.177490 -138.907181   5.097344  0.948979  410.587433
197  121.742729 -20.896397  170.461624  0.292023  2.684853      74.527924    858.618347 -227.963028   5.794594  1.411319  381.865295
198  130.269470 -22.172031  172.509476  0.313493  2.545110      33.825935   1397.107788 -245.233749   7.243938  0.378052  379.500732
199  119.455505 -15.627792  157.033493  0.330123  2.305815      36.719315   1861.338745 -192.316101   6.564029  0.622584  448.421021
200  125.995338 -11.672511  166.637207  0.283750  1.699628      47.826733   1523.758057 -213.267212   7.051318  0.446433  318.800110
201  134.717819 -12.317893  168.729095  0.321858  1.263000      65.651314    730.559448 -166.700836   9.800042  0.395104  393.496826
202  122.099503   1.061731  154.818069  0.250237  1.152349      38.354462   1330.420410 -197.038910   7.592407  0.334643  389.583923
203  125.990898 -10.596012  164.824524  0.286220  1.615067      62.379654   1081.712402 -199.128891   8.027576  0.656641  376.423889
204  113.644257  -3.898549  163.000992  0.233510  1.835567      64.901642   1690.147217 -249.474411   6.401070  0.881456  398.332581
205  106.982956   0.519771  162.066528  0.183280  2.226820      90.135460    732.622620 -226.631332   5.514009  1.073138  444.146332
206  120.835358 -12.423176  177.467834  0.261633  1.570714      72.895317   1584.110962 -171.045242   6.793702  0.905791  336.785980
207  114.488976  -8.816999  165.110107  0.242497  2.287059      65.849686   1832.965576 -233.891815   5.466710  0.850102  358.891205
208  117.325058  -5.405020  164.672531  0.240312  1.647170      78.585983   1145.071167 -211.348297   6.747530  1.996854  417.608887
209  135.202621  -9.014242  158.641617  0.280949  1.293355      25.541424   1826.494019 -227.625320   9.023767  0.411254  375.649017
210  122.656982 -17.092630  174.079147  0.309109  1.935203      56.169502   1399.111694 -152.290390   6.366534  0.868161  439.294617
211  115.058167  -1.665470  168.054596  0.177761  1.475716      57.916180   1662.749268 -236.504456   5.644888  0.647401  376.137665
212  118.187660  -5.647477  145.829422  0.252629  2.688108      65.015244   1253.449219 -243.737030   5.703556  1.618418  423.589294
213  117.065376 -18.470394  177.081253  0.285344  2.202678      55.060059   1617.985352 -188.155991   5.822723  0.537621  364.284302
214  112.452843  -0.418592  150.522202  0.316390  1.659088      77.656731   1612.209229 -160.666901   7.393987  0.663186  303.526154
215  118.119759  -3.297539  169.760574  0.176697  1.411419      66.406837   1964.015503 -200.353455   6.138049  1.241200  380.743988
216  123.868553  -9.870318  178.743393  0.248697  1.249617      77.142021    645.604614 -142.632706   6.334587  1.562497  447.657867
217  114.019142  -8.245681  164.058289  0.271329  1.931347      86.110855    883.336365 -181.095688   6.573302  0.817489  351.635895
218  127.441048 -21.749296  165.406601  0.298272  2.744045      62.461903   1682.961548 -239.998962   6.459805  1.020289  300.081512
219  116.666489 -16.777208  164.992279  0.293757  2.538884      73.915421   1428.854370 -195.686111   5.993818  0.862980  300.386414
220  112.758453 -17.511789  165.280930  0.268878  3.187779      66.396378   1079.811035 -220.675430   5.128036  0.485153  320.333801
221  119.879211 -13.071126  167.963043  0.295003  1.910165      53.536484   1962.134155 -135.179443   6.332257  0.881873  430.703674
222  124.797981  -3.806650  170.665939  0.230881  1.087596      32.827919   1135.727661 -205.806854   7.414921  0.261131  449.453278
223  115.920509 -16.533182  169.670242  0.302149  2.211627      83.795990   1331.822876 -190.325226   6.236549  0.736868  264.068115
224  128.205307 -11.593015  178.215683  0.265257  1.406874      55.042103   1208.817749 -196.008179   8.419238  0.603081  405.792938
225  120.956253 -21.981405  179.509201  0.289584  2.471571      59.504517   1471.164551 -191.351364   6.380063  0.629340  364.998413
226  101.719238  -8.297777  174.602493  0.176608  2.389183      76.748657   1422.601562 -247.000595   5.393064  0.402778  371.575653
227  110.779045   1.714985  163.718369  0.200682  1.314734      83.626564   1643.427368 -205.034286   5.723969  1.385792  383.220764
228  109.785713 -15.034286  173.419815  0.298047  2.053154      34.849567   1937.060059 -173.643738   5.305321  0.306233  441.682617
229  110.774925 -15.079163  166.495743  0.259309  2.905270      70.971939   1265.941772 -166.117249   5.295661  0.732801  365.333008
230  114.916924 -16.335932  169.320236  0.309299  2.151055      96.074730    579.981567 -158.844894   5.656524  1.150093  386.432861
231  112.306198  -4.737932  165.075378  0.226932  1.865558      56.968102   1985.670898 -189.826340   6.252913  0.446734  281.505188
232  127.438477 -29.227579  170.852463  0.341141  3.057208      65.823555   1042.797119 -217.821808   5.984985  1.028655  327.499878
233  115.852516   3.123664  159.215439  0.190718  1.340219      83.908607    950.134949 -237.139877   5.881118  1.433979  381.300659
234  119.919998 -18.137989  171.922272  0.296071  2.270409      57.148190   1360.896240 -205.666992   6.091579  0.791407  422.578918
235  121.842072  -9.496145  180.028580  0.228668  1.306023      47.475830   1237.708008 -216.572006   8.146333  0.522495  444.544556
236  112.926826 -10.097564  165.723083  0.276100  2.046842      89.696854   1165.026367 -154.582397   5.865246  1.741563  383.093170
237  127.931526 -17.142061  161.138596  0.344316  1.966452      37.536980   1689.086426 -199.994934   8.409678  0.560767  429.600220
238  115.633591  -4.701260  162.209579  0.251628  1.765615      65.924980   1956.102051 -196.109283   7.110825  0.857369  360.979858
239  120.800140 -19.966021  165.794373  0.342349  2.383808      33.454174   1677.999390 -182.542984   6.011454  0.431991  422.826019
240  119.700554  -5.414851  163.110992  0.246469  1.607048      91.632759    536.465515 -194.243347   6.377845  1.463874  373.384949
241  118.871582   0.429125  168.371414  0.168055  1.185056      52.791695   1046.691772 -206.397766   6.396167  0.422172  409.842743
242  116.676620  -5.523365  155.353546  0.280431  1.873894      80.683784    893.478943 -173.443542   6.669965  0.700762  316.855621
243  131.438751  -7.123047  145.601227  0.295213  1.359078      74.370651   1380.949463 -195.613907   9.186398  1.227565  310.897705
244  110.980003   2.939147  162.393997  0.201317  1.306826      91.956841    615.190979 -208.986191   6.336356  1.082677  438.192841
245  117.688995 -18.349655  164.334641  0.302488  2.640760      89.207626    882.810242 -200.132187   5.369208  1.406241  291.675171
246  126.197205 -25.706757  184.506683  0.333766  2.251197      84.375084    838.808899 -170.870590   6.314524  1.474561  377.575989
247  122.993690  -4.722606  159.543106  0.211215  1.812265      57.238590   1925.263062 -248.541122   6.797292  0.688262  279.277466
248  111.061745  -4.149724  167.630676  0.222884  1.671637      85.736740   1571.958984 -163.568069   5.769535  1.762750  402.537415
249  130.583710 -15.038001  161.620377  0.323306  1.759605      64.022377   1423.463135 -206.967712   8.720887  0.994424  370.831299
250  102.151688  -4.204637  153.888489  0.269461  3.039825      91.350822   1749.753540 -214.043594   5.270640  1.371925  401.729828
251  123.419502  -9.063707  163.410843  0.245847  2.003410      70.128899    681.430908 -192.312073   6.563322  0.243995  291.967712
252  137.117859 -26.247980  182.379745  0.349954  2.446040      25.237848   1430.249146 -241.647934   8.454810  0.331225  415.467346
253  124.027283 -15.261629  176.997513  0.247570  2.074499      80.740471    900.823730 -237.300262   6.552148  1.429817  353.852386
254  110.335915  -9.138108  160.304031  0.263396  2.518819      94.880928    924.129272 -231.374496   5.959307  0.805084  256.608521
255  123.535934 -22.139757  173.944473  0.315118  2.441848      44.119072   1801.345459 -177.458298   5.714500  0.705741  418.175751
256  131.224533 -21.336140  169.492523  0.323802  2.246294      63.779285    973.666809 -197.704834   7.383108  0.661249  336.256195
257  101.384506  -3.260383  168.840057  0.212987  1.877072      92.852394   1389.262573 -160.597351   5.377150  0.910154  440.553558
258  116.428101 -18.230928  160.002975  0.303842  2.906332      81.824677    507.254486 -210.091705   5.703756  0.887531  435.879517
259  114.226509  -4.244389  169.723862  0.276647  1.066342      65.915825   1089.967896 -152.873672   6.553650  0.468276  436.903259
260  130.118011 -11.187448  163.596542  0.271324  1.688892      88.921371    724.312256 -209.847290   7.483836  1.481983  287.365601
261  132.197968 -12.126678  171.465698  0.268674  1.573210      61.006237   1231.497070 -248.629288   8.330082  1.340032  422.672424
262  120.430290  -0.736601  148.815948  0.269547  1.584938      54.559231   1678.220947 -162.650818   7.086328  1.038713  447.181976
263  129.724091  -2.253640  152.794510  0.245034  1.138501      48.339466   1214.455444 -221.441452   8.583918  0.346771  284.887054
264  128.585007  -4.361304  150.620972  0.274012  1.388690      43.888744    926.759277 -205.579102   8.205388  0.280365  430.457977
265  112.072662 -15.807790  175.361908  0.243234  2.491868      68.099152   1441.177490 -208.230362   5.665479  0.376127  252.845871
266  130.539856  -5.462043  164.626740  0.255850  1.058073      50.076561   1270.432251 -168.287491   8.286589  0.529827  363.225769
267  114.877945  -3.418756  153.531296  0.239684  2.277063      83.551163    778.869324 -239.115295   5.713474  1.580451  396.108368
268  112.973213  -4.050691  171.742981  0.213574  1.222133      60.940872   1487.923706 -190.229279   6.809631  0.375115  279.265289
269  108.708939 -25.834944  177.509018  0.325280  2.669777      48.364071   1789.275879 -165.860718   5.253735  0.294597  389.155365
270  129.192886  -9.295005  167.334625  0.267492  1.370087      84.150787    550.841675 -190.217194   7.020735  1.696683  392.331909
271  108.901443 -13.909256  180.628586  0.243590  1.655791      92.893166   1041.641357 -176.596466   5.400329  0.694979  346.040253
272  127.250053 -25.076357  171.052155  0.302803  3.024809      69.556610   1579.327148 -213.410370   5.212696  1.780161  344.689087
273  136.236862 -20.542004  175.939987  0.327061  1.978628      74.186935    767.727051 -218.212616   8.588116  1.215560  389.867920
274   98.947426   3.791649  169.625717  0.149477  1.570607      59.003426   1459.892334 -198.874817   5.080311  0.216020  421.045319
275  122.445686 -12.838780  174.327286  0.253660  1.920094      56.916508   1244.851929 -249.543182   6.830615  0.608737  392.333954
276  130.984329 -17.198824  178.107956  0.295537  1.825131      66.246979   1214.869629 -179.696365   7.225376  0.863758  348.089752
277  121.154198  -3.841748  163.203079  0.243121  1.315920      87.508034   1297.384277 -171.989151   6.553502  1.129087  257.461761
278  133.118713 -11.466586  159.748291  0.319460  1.346097      73.752960   1584.098511 -205.558868   8.949859  1.332289  336.129181
279  122.259300  -4.591029  158.615997  0.245015  1.556134      91.820190    610.646729 -179.504501   6.965120  1.730321  325.960876
280  113.331169   4.500765  148.651215  0.256755  1.811686      39.791901   1318.744629 -218.945114   7.011773  0.254880  411.331055
281  116.002701  -1.266695  159.818710  0.233262  1.562924      76.404716   1129.765991 -210.263458   6.555794  1.185028  401.089203
282  125.055779 -28.204077  182.064743  0.333534  2.633356      95.133965    540.482605 -195.668045   6.317202  1.128246  308.429413
283  125.455124  -2.350954  160.641312  0.214697  1.312410      63.421932   1278.444946 -189.845535   6.212350  1.602148  426.487732
284  115.920456 -12.017809  167.101227  0.275969  2.033934      74.633263   1470.579590 -133.655045   5.731061  1.795546  442.258301
285  103.080246 -12.696191  168.205093  0.244443  2.867919      89.919907   1580.733521 -218.235687   5.036343  1.247392  438.790436
286  108.111282 -12.224854  179.212784  0.191372  2.042013      90.340096    752.422302 -224.360046   5.305384  0.710806  416.159973
287  105.577034  -4.920907  166.925339  0.229324  1.965047      93.399231   1140.645020 -145.633713   5.707962  0.945546  379.422882
288  123.357109  -6.829286  155.686905  0.289355  1.613962      64.318367    968.609802 -206.981552   7.853216  0.847512  421.651520
289  120.808502  -1.034611  147.479431  0.238389  1.888743      78.653969   1132.381104 -218.894440   6.360108  1.752326  359.152557
290  134.634109 -18.237371  165.841095  0.326460  1.870249      74.408104    938.861145 -238.162613   8.677044  1.087367  348.135651
291  122.009399  -9.325863  155.132599  0.282627  2.076959      39.874920   1299.535156 -213.702652   6.986029  0.269522  305.350647
292  124.441689 -10.165123  184.778702  0.220302  1.169780      74.134674    954.523682 -195.384323   7.460664  1.545977  405.131927
293  115.806503  -5.527090  136.820297  0.343723  2.261562      36.176582   1438.677124 -226.180283   7.353191  0.464417  446.658600
294  109.580887   4.698051  162.868240  0.206756  1.068365      51.831928   1772.586426 -200.799393   6.416038  0.427157  404.330292
295  110.827293 -12.224466  158.075455  0.309392  2.499953      89.177681    606.036804 -192.568024   5.286349  0.754854  417.219330
296  119.730392   3.638715  152.456253  0.246046  1.094747      68.739143    962.532654 -169.470947   6.671713  0.978686  436.897461
297  129.662979 -10.318499  191.902618  0.212443  1.004310      58.262012   1140.297119 -213.310104   7.295385  0.862876  427.067841
298  117.482124  -7.600766  160.128784  0.225837  2.384161      72.999718    792.698914 -247.911118   6.566650  0.922296  398.129456
299  128.076950 -24.268135  183.625854  0.324419  2.224862      74.925209   1238.923706 -146.225159   5.387274  0.623254  250.923553
300  120.401215 -18.030661  167.580276  0.284331  2.603802      49.882713   1961.261597 -228.684021   6.402861  0.897144  419.491547
301  122.022339   1.154644  158.620483  0.200259  1.168851      35.289383   1534.425537 -214.477036   7.224194  0.442179  421.771545
302  121.242508 -18.503778  166.729782  0.303483  2.413624      75.878891   1229.546753 -206.552841   6.793658  1.193806  324.739929
303  115.590202  -7.757304  180.319748  0.195908  1.136889      86.098228    647.170776 -170.686630   6.759893  0.350759  325.140533
304  118.480110  -5.966141  161.458832  0.272711  1.593521      83.614624    579.012756 -173.550827   7.652164  0.720446  428.648926
305  110.238907  -7.397576  169.272980  0.206352  2.140556      74.093727   1624.431152 -188.206024   6.184555  0.918920  382.531036
306  122.279999  -6.047428  171.885361  0.220161  1.259058      72.474373   1343.311646 -163.894943   5.961567  1.377742  369.806335
307  116.332619  -1.697865  169.144714  0.198233  1.102021      73.935921   1926.530762 -217.175766   5.830210  1.455239  392.854828
308  126.536751  -6.359556  160.185440  0.269139  1.421398      43.044846   1202.332520 -230.090591   8.634301  0.451894  433.501160
309  126.185326 -22.962662  168.993805  0.312587  2.700703      74.433273    978.494690 -247.511551   6.401917  1.374012  339.349426
310  117.983498 -10.205885  156.477417  0.284186  2.240668      74.059013    973.910950 -225.514557   6.843887  0.709308  312.471436
311  121.141548 -17.053144  183.036774  0.292248  1.628397      74.460899   1073.349976 -153.192352   7.411734  0.715262  383.404907
312  117.493523  -1.877119  171.143173  0.184398  1.013209      76.789337   1622.037964 -185.831528   7.065823  1.445993  370.181122
313  110.600266   0.424660  165.509247  0.187966  1.557331      87.891685    705.253235 -206.102188   5.825117  1.294830  441.566559
314  112.489182  -3.371276  169.360535  0.206676  1.465802      58.944134   1631.353760 -212.513458   6.930873  0.400478  284.222046
315  115.659393 -12.335121  165.252594  0.270488  2.285927      58.646740   1744.106079 -202.587540   6.242894  0.719877  375.554199
316  121.402168  -2.964232  151.721970  0.275639  1.566568      69.497993   1772.290771 -224.180801   7.786959  1.520052  402.414551
317  108.441849  -7.511921  169.523865  0.345239  1.186529      86.225769   1593.217529  -74.703094   5.742188  0.710414  398.341797
318  122.432045 -10.044895  184.734924  0.198208  1.233802      72.833229   1003.791199 -204.476074   7.182074  0.515183  269.254608
319  121.809753 -10.173990  169.412613  0.284751  1.504954      78.988419    983.814453 -209.289078   7.467659  0.991964  368.848419
320  114.055458 -13.158618  164.129105  0.244620  2.934097      85.468277   1017.768188 -248.625427   6.091171  1.753346  363.519531
321  116.691254  -6.962564  151.243652  0.267649  2.430213      73.477470   1084.637329 -238.638763   6.157803  1.128263  367.389496
322  118.454010   2.498033  155.480255  0.187047  1.664789      70.506454   1410.170044 -241.617645   5.889602  0.851798  317.177460
323  110.588898  -2.796719  166.132675  0.224704  1.887741      39.343960   1555.816528 -201.513657   6.094525  0.302165  426.127319
324  110.400337  -5.498689  176.177704  0.200984  1.149192      59.661308   1574.037720 -164.109985   6.158235  0.624401  440.079407
325  106.970955  -2.039414  165.035522  0.201546  2.009750      93.648460   1134.612183 -225.646988   5.752148  1.077743  356.837677
326  125.511139 -13.206796  162.243073  0.317238  1.746770      49.132442   1110.731812 -146.339890   7.178745  0.481645  431.313934
327  130.260147  -9.743206  165.154465  0.279378  1.403115      30.449289   1527.067383 -214.225052   9.075524  0.349603  379.292267
328  100.653145  -4.177485  169.399872  0.208292  2.114170      94.391693   1004.981323 -206.348190   5.332579  0.451246  407.138214
329  120.346680  -4.713672  172.458420  0.190560  1.533280      45.566730   1376.170166 -239.354446   6.413314  0.308792  283.728607
330  118.041527  -2.672309  154.053986  0.296382  1.527454      74.187424   1405.877197 -174.073441   6.887597  1.606165  443.375854
331  113.621513 -18.452536  172.353699  0.289780  2.463731      91.684471    572.199463 -184.289276   5.986366  0.668533  397.839691
332  130.326202 -17.575785  168.138763  0.273169  2.331744      72.159119   1649.092896 -242.446213   7.557559  1.966570  342.308197
333  116.957214  -3.305898  161.487717  0.237958  1.601414      77.318893   1988.731323 -232.873703   7.600410  1.337331  333.669830
334  134.113571  -4.902811  163.386261  0.223192  1.102880      61.642235    682.847778 -237.206940   8.549919  0.273356  361.710602
335  109.549934   3.106999  164.022125  0.208537  1.122157      89.585815   1053.969360 -178.986176   5.534210  0.556548  292.249817
336  107.457268 -17.651253  166.838379  0.320007  2.547209      97.195335    627.447205 -170.911194   5.445244  0.369196  358.815979
337  121.706802  -9.120882  166.992874  0.271160  1.600130      40.951572   1911.115723 -237.584229   8.153279  0.542559  402.098083
338  115.479446 -19.165380  170.820114  0.279648  2.763143      71.919304   1180.004028 -240.539963   6.222103  1.147588  403.286682
339  131.288147  -6.277890  160.938980  0.293907  1.025869      68.327751    787.909790 -218.664352  10.586843  0.668367  405.057343
340  124.333794  -2.845006  164.112564  0.210953  1.200993      58.982407   1884.633057 -183.847488   7.746654  0.958467  355.078522
341  127.081314  -1.118561  154.231873  0.213816  1.258628      53.958305   1046.882935 -202.727341   6.892036  0.841816  442.923584
342  126.561165  -7.221751  181.753738  0.188090  1.005236      66.010048   1767.320312 -205.288895   7.031737  1.075212  321.558411
343  121.555779 -12.054898  165.119446  0.246927  2.290329      70.299370    938.448059 -247.829147   6.930241  0.442935  250.350815
344  113.471161  -9.990521  154.433853  0.329455  2.169616      78.276474    746.193237 -141.033493   6.152973  0.878346  426.826904
345  119.207413 -13.151296  162.399597  0.313837  1.957544      78.998055   1195.112061 -164.507507   6.245911  0.997651  324.843689
346  108.540215 -15.704111  172.596451  0.286442  2.191248      84.558708   1099.883789 -154.514267   5.652731  0.548861  362.162720
347  118.281456  -2.056642  160.329132  0.220761  1.683852      64.148476   1947.090454 -236.175156   7.065167  1.123917  392.987946
348  129.018509  -8.781315  151.715500  0.291587  1.587468      78.883774    991.107300 -230.414185   9.001109  1.499884  332.579987
349  121.696289 -11.850327  179.018417  0.250607  1.473103      75.790741    746.597473 -216.447647   6.779091  0.360730  329.602570
350  118.404327  -1.353267  158.901749  0.269939  1.261124      36.707340   1974.065552 -165.591827   7.030243  0.469852  439.189240
351  113.643585 -14.038507  172.157211  0.263406  2.158820      97.993500   1536.382812 -169.337112   5.001517  1.485866  278.219940
352  125.630287 -17.858238  157.995514  0.322513  2.320013      58.750053   1575.689697 -212.928177   7.931993  1.304938  409.720642
353  116.120338  -7.481851  172.908371  0.251055  1.306368      85.161430   1298.553711 -182.050446   6.737276  1.561994  381.028900
354  117.598694 -14.815858  185.017334  0.246745  1.541273      67.207222   1533.548340 -168.349991   5.689759  0.565605  322.036316
355  111.902649  -9.323307  164.068192  0.250917  2.319599      88.812798   1961.083496 -232.568436   5.668329  1.690099  333.312622
356  120.590378 -15.944196  149.454773  0.300546  2.794671      76.349068   1428.201416 -232.393768   6.528104  1.431961  266.566162
357  124.099289 -12.779351  167.677963  0.303003  1.662774      64.499222   1754.120361 -130.413605   6.430973  1.369209  421.618835
358  118.763550 -23.039856  186.799301  0.267903  2.402018      72.176598   1188.638672 -215.887634   5.702810  1.012546  439.790375
359  118.050606  -7.131132  162.648209  0.270913  1.775377      87.888718    541.717224 -165.367599   6.247992  1.397468  444.066559
360  101.128143  -8.399096  165.940277  0.249842  2.636677      96.280762   1527.350830 -208.775543   5.201151  1.068809  423.879456
361  120.791176  -2.041765  162.543289  0.226973  1.321865      45.476490   1103.473145 -226.874207   6.878678  0.334862  421.748993
362  108.574615 -12.016684  158.629349  0.303510  2.652784      88.427330    862.031006 -223.607132   5.381480  0.933680  377.839905
363  110.124588 -20.268566  169.412491  0.269882  3.309563      89.806061    866.644348 -196.917648   5.022182  1.392312  382.511017
364  116.713310 -17.228363  169.357452  0.299301  2.304793      85.388824   1489.021729 -170.671265   6.186788  1.699222  352.760895
365  108.699425  -6.167324  167.540848  0.239694  1.894169      76.454895   1826.284668 -166.972855   6.140088  0.815625  373.158386
366  116.276932  -9.457435  164.467117  0.303233  1.712097      61.707287   1716.455933 -112.150368   5.527827  0.991189  442.877045
367  128.642242  -7.571290  166.958145  0.269412  1.195670      56.254036   1093.309448 -175.441986   7.415043  0.590022  393.398956
368  131.837769 -18.070189  173.948669  0.290971  2.046212      67.745331   1161.041626 -178.262009   6.685296  1.182646  367.969269
369  120.148827 -25.463285  183.996277  0.288559  2.678586      78.349716    841.809631 -206.353745   5.748913  0.857570  392.861755
370  135.803818  -9.859653  163.565399  0.276788  1.276608      47.113361   1369.410645 -209.071625   9.421548  0.380505  275.193848
371   95.129875  -5.104024  173.951614  0.160926  2.307128      82.407791   1641.493896 -214.977753   5.611835  0.360359  425.119812
372  105.113472   2.488055  168.604767  0.132666  1.512456      79.628265   1547.131104 -224.699799   5.466885  0.746780  372.142670
373  112.029648  -9.372054  173.662979  0.224190  1.965815      50.552528   1555.379272 -231.767868   6.156411  0.473066  449.888275
374  110.208931  -1.070858  157.938583  0.222684  2.156629      63.502262   1718.161987 -223.566742   6.378603  0.752838  406.820496
375  105.551796  12.181463  157.968628  0.150319  1.291922      93.309540    989.093994 -241.123703   5.178709  0.630561  366.541290
376  124.005936  -4.461028  162.544861  0.255395  1.232563      35.804512   1789.214844 -154.448746   6.416749  0.380291  341.524231
377  117.961945   0.713781  152.441727  0.274787  1.554287      28.258926   1643.012817 -158.650955   6.103781  0.281974  404.594116
378  119.426125  -5.961715  162.400818  0.264886  1.581846      48.520161   1588.851807 -159.450562   5.809617  0.668256  435.097473
379  112.406067   2.550239  147.732697  0.260924  2.021582      80.352539   1785.749756 -174.036789   5.594899  1.592276  396.552063
380  130.508331 -17.750566  165.998184  0.329456  1.974086      42.078815   1714.155518 -189.072754   7.862058  0.397734  287.762360
381  135.601654  -7.417232  165.415085  0.260172  1.081669      26.476128   1455.612183 -218.341980   9.762957  0.393559  444.454742
382  126.320793 -14.999401  163.658127  0.290057  2.181031      54.889061   1122.148926 -217.990845   7.014133  0.547959  366.793976
383  129.429291  -5.221385  152.501740  0.272464  1.292106      50.721630   1117.551392 -235.572723   9.052668  0.684764  444.658661
384  112.108704 -15.469184  166.400192  0.299401  2.538121      54.030762   1059.187622 -192.174011   6.387541  0.333595  434.229248
385  126.712296 -18.340513  162.324234  0.323403  2.212612      66.865196    746.663208 -221.917938   8.638967  0.895111  430.109924
386  127.198128 -16.747704  151.344315  0.333140  2.128921      37.935326   1345.687622 -219.615707   8.051249  0.347811  336.866821
387  111.700325  -7.234441  178.704758  0.194488  1.242120      82.042747    944.210815 -201.480484   5.619433  0.860786  410.259888
388  118.921700   1.734420  158.600220  0.189578  1.449235      64.584366   1963.372070 -238.775238   6.403993  0.940706  342.792725
389  114.147194  -7.416471  163.333649  0.254640  2.029931      48.119308   1485.925781 -223.277390   5.972767  0.326093  331.319122
390  116.671783  -4.776513  160.747360  0.255420  1.770350      72.002838   1662.313721 -187.671387   6.031577  0.844533  324.476746
391  120.963173 -10.749136  170.094498  0.260030  1.719123      86.034813    673.127869 -179.262985   6.533026  1.045977  355.908386
392  106.354065   0.234665  169.135178  0.172661  1.594900      86.973389   1420.411987 -240.785828   5.688248  1.460858  444.269379
393  126.300728 -13.247132  177.147079  0.259679  1.640137      78.395439    906.557861 -230.125549   8.551277  1.523215  373.563934
394  136.760956 -10.653809  153.270096  0.295129  1.321843      65.822495   1819.969116 -189.133759   9.023924  0.829457  265.266602
395  110.482132 -10.587548  161.474457  0.275823  2.499532      67.325012   1242.739258 -184.787735   5.155351  0.355356  260.116791
396  125.546936  -7.605554  165.915543  0.285695  1.247280      76.979836   1130.453613 -194.980515   9.032021  1.540118  394.117920
397  126.543739 -17.329119  180.090805  0.310819  1.681274      67.292297   1311.376465 -210.169830   7.935735  0.776070  359.048523
398  121.966064  -7.328598  165.237488  0.255688  1.620898      54.623703    951.337708 -217.821121   7.211783  0.333696  377.363037
399  130.258698  -9.340748  167.372177  0.309389  1.170322      77.362999    675.131226 -144.526993   9.475767  1.348583  445.797028
400  120.465340  -7.278641  166.256256  0.230118  1.948287      50.566689   1794.707397 -222.497635   5.752888  0.835789  423.384552
401  138.675705  -9.765817  162.388290  0.258959  1.280399      74.750992    968.614929 -247.056686   8.480597  0.775596  258.060089
402  126.861069 -25.856129  165.873383  0.330563  2.900696      62.149471   1395.438599 -243.723221   6.187300  1.842921  397.492218
403  113.481529 -23.228792  168.861862  0.276260  3.493503      83.288643   1209.545288 -245.758408   5.528142  1.204580  315.810425
404  116.557999  -7.009668  161.878464  0.243610  2.093498      55.386822   1656.895508 -246.819275   6.582288  0.732591  398.472748
405  120.330528   1.484995  150.824982  0.229818  1.583726      46.213917   1177.156616 -248.002258   7.180011  0.277646  312.528717
406  132.342819  -7.354559  167.035141  0.243198  1.248820      73.459099   1057.028687 -231.428299   8.655991  1.735621  376.589325
407  124.103668 -10.899249  178.697784  0.218225  1.618931      78.590378   1339.866577 -227.545563   7.175908  1.810216  365.471954
408  118.667198 -15.947692  169.463074  0.259871  2.582020      60.611057   1983.758789 -248.922897   6.466138  0.962776  365.866547
409  116.839417  -6.991471  161.940521  0.229200  2.135347      76.239807   1332.684082 -235.362747   6.363560  1.291108  359.560242
410  105.205124  -6.285927  171.160721  0.201553  2.097318      88.973587   1532.425537 -247.457657   5.435674  1.197870  411.408356
411  124.929733 -15.146976  182.949966  0.258040  1.684553      66.345581   1048.817993 -144.028763   5.813612  0.580381  345.638000
412  134.113770 -15.724444  177.526917  0.289716  1.714449      70.637062   1065.665771 -215.926514   7.328912  1.404076  400.765869
413  119.428200  -5.495074  166.734879  0.241259  1.431750      64.209747   1717.176392 -172.344345   6.243126  0.939984  376.341705
414  112.423409 -16.297878  152.529648  0.304468  3.194868      85.102631   1378.648804 -222.130173   5.573327  1.884596  288.977600
415  120.105156 -17.816742  168.054794  0.308839  2.269152      81.391266   1419.471191 -166.484604   5.906608  1.686254  353.174347
416  107.739609 -13.002604  172.455490  0.240666  2.491743      43.993095   1561.810425 -232.303864   5.759675  0.270650  389.804718
417  114.022247   3.362561  152.789841  0.227874  1.728212      95.750076    516.937378 -218.870651   6.100270  0.237942  295.859467
418  115.591438 -13.537122  159.230377  0.281204  2.796834      40.072990   1675.034302 -198.552582   6.281902  0.411240  351.566589
419  117.509743  -0.448557  163.437729  0.219706  1.183887      82.698151    912.050537 -219.951706   6.978374  1.388764  390.837158
420  121.259804 -15.643070  165.818634  0.283303  2.367465      67.823799    863.949097 -203.989212   5.674059  1.333831  449.105927
421  120.753059  -6.530478  141.188446  0.281336  2.366750      60.591862   1500.515869 -220.240036   6.439122  1.105304  372.417725
422  122.673447 -25.605688  175.402924  0.328443  2.709162      56.667686   1291.475220 -211.124191   5.816526  0.594945  359.725281
423  121.965927  -4.097023  153.260193  0.301101  1.459130      41.133457   1197.221436 -208.486130   7.266491  0.260402  371.055054
424  115.503685 -14.135589  168.333328  0.269639  2.293929      74.522453   1420.982666 -224.632233   6.261925  0.674281  278.373169
425  114.645798 -20.324444  177.439377  0.296227  2.248054      91.105453   1374.754395 -115.645607   5.084667  1.480045  353.532074
426  116.668388  -9.877911  186.322708  0.185066  1.246633      43.202599   1054.538086 -238.939713   6.048230  0.220528  443.709045
427  119.394577  -8.130036  164.251663  0.276349  1.617340      82.997375   1238.479736 -148.830338   6.921096  1.100682  324.986755
428  104.877785   4.901114  164.474854  0.178090  1.253874      82.203514   1183.651733 -192.028839   5.515863  0.364229  310.955627
429  110.249855 -22.402607  169.182053  0.339226  2.700125      82.850563    847.276611 -170.495621   6.150514  0.971473  444.056671
430  124.921181 -10.818908  178.088013  0.268371  1.316794      43.482292   1337.702026 -154.864838   6.509607  0.226080  259.502258
431  124.092789  -6.828293  164.313370  0.284309  1.273020      89.881508    617.790649 -114.243889   6.308721  0.652448  288.636383
432  130.779831 -17.797281  159.978363  0.328309  2.010637      79.130257   1094.574951 -227.411545   7.901489  1.525883  328.040253
433  126.776077 -10.967649  166.380188  0.284402  1.656233      64.294296   1688.698730 -202.736496   7.403566  1.499712  422.396851
434  110.546135 -14.662621  171.351730  0.238565  2.692151      86.155945   1230.721313 -222.110336   5.885747  0.983251  333.599243
435  113.156433 -16.915787  173.583466  0.248600  2.631634      73.834846   1920.403442 -213.270798   5.076770  0.837999  317.276703
436  114.850655  -5.322499  176.456375  0.177640  1.229720      71.238205   1971.837280 -227.942535   6.177195  0.857427  307.076294
437  113.205086 -19.526440  180.629913  0.256772  2.336415      66.137062   1852.702271 -181.813843   5.571104  0.820654  422.617096
438  122.534401  -6.865109  174.110092  0.218249  1.258541      60.738384   1332.635376 -197.747910   6.925108  0.839611  392.489136
439  128.616348 -27.461222  169.034897  0.319594  3.081903      68.733086    929.449341 -248.224045   6.509404  1.008466  310.767944
440  125.661316 -13.506665  168.268829  0.306863  1.696823      62.485184   1510.193237 -167.403458   7.169487  1.504187  449.399384
441  112.931160 -10.895749  167.333908  0.305603  1.767514      90.345932   1182.468018 -127.053505   6.650825  1.274169  373.318024
442  109.762222  -8.274998  156.080170  0.305692  2.315099      84.453392   1418.841797 -194.577408   6.029078  1.767715  409.820343
443  117.706306 -14.043718  180.319397  0.237241  1.851367      57.115166   1856.354980 -220.492020   6.601428  0.533544  320.435211
444  132.464142 -13.712668  170.074844  0.304701  1.519453      85.289581    586.443298 -202.282471   7.997859  1.991607  393.707336
445  112.974640 -11.047969  164.195099  0.301700  2.013151      96.397736    697.498596 -178.070648   6.356153  0.885732  336.386108
446  114.196838  -2.689679  164.968262  0.226811  1.502792      55.528427   1670.848145 -164.873703   6.373904  0.653389  422.671265
447  118.237534 -19.049084  156.047058  0.313814  2.937104      80.912056    661.393677 -243.346832   5.623801  1.852769  354.294830
448  129.631805 -11.581164  167.735565  0.273984  1.621844      73.981773   1746.329834 -163.233704   6.510033  1.052677  272.815613
449  133.680466  -6.550694  157.348373  0.278804  1.152653      15.730580   1768.789185 -203.583450   9.392466  0.346934  434.765808
450  107.656891 -19.656847  180.444580  0.257059  2.321369      64.531509   1725.650391 -187.391815   5.088455  0.343359  309.462219
451  127.791458  -6.946766  173.924667  0.256810  1.071534      19.883268   1425.039307 -215.598541   8.278800  0.220919  365.798676
452  124.430420 -10.534652  166.346817  0.262691  1.849373      82.358498    618.087952 -213.706757   6.994514  1.892832  407.008362
453  118.686150 -13.550395  171.024338  0.234899  2.428729      52.107182   1402.283081 -227.920166   6.487924  0.345612  263.785095
454  116.754822 -23.711210  176.708054  0.283820  2.917547      79.184761   1112.908325 -185.481049   6.074352  1.376304  407.532196
455  124.000366 -11.843320  177.879242  0.304831  1.240846      40.755093   1799.514526 -115.127289   6.580626  0.470047  424.063934
456  130.490875  -8.056469  170.179550  0.225803  1.422918      62.772057   1438.157104 -249.008942   8.089020  1.960268  440.965271
457   99.602066  -0.103398  167.093079  0.191774  2.033422      81.306686   1722.297241 -193.847214   5.281000  0.552118  425.520447
458  110.053406  -6.367763  154.485672  0.268932  2.604985      92.944443    569.682739 -167.344376   5.147434  0.516131  334.402435
459  120.595985  -9.479158  162.005981  0.235462  2.333691      82.462708   1587.663330 -236.486481   7.401372  1.879888  312.763275
460  106.281944 -14.084713  172.120224  0.259526  2.425730      80.907852    982.983643 -237.500641   6.128035  0.405162  417.168549
461  122.611855  -8.527287  177.048340  0.266192  1.065856      73.523888   1466.997559 -165.990097   7.049574  1.300300  391.241089
462  130.477692  -9.046290  158.570297  0.279860  1.482983      60.316799   1664.203613 -240.958435   7.828542  1.557578  423.701477
463  129.944000 -15.562103  176.612656  0.253203  2.107341      43.806778   1784.741211 -222.765778   6.522631  0.868552  431.323639
464  131.078125   0.518090  145.160614  0.223565  1.085148      47.434853   1445.512695 -241.484299   8.627563  0.702735  404.552551
465  134.561020 -11.195237  168.672577  0.316178  1.169614      78.078629   1254.077148 -165.836105   8.448013  1.321298  327.423676
466  126.110565  -4.557944  166.143295  0.210822  1.264436      77.374573    641.079590 -223.730560   8.286514  0.747583  347.599091
467  115.485466  -1.926030  172.988861  0.172284  1.000705      40.461479   1359.008057 -194.234680   6.443693  0.285659  348.786163
468  112.761841  -8.160641  163.731476  0.283133  2.008998      69.806480    849.153076 -192.994019   6.193872  0.406164  443.705658
469  138.096222 -10.694839  166.388382  0.322400  1.059492      81.070015    626.716675 -192.241501  11.471565  0.449205  321.816254
470  127.303307  -2.035252  156.075836  0.226090  1.312417      66.092865    818.789429 -237.736206   8.680065  0.998419  430.741852
471  121.329796 -12.104458  161.020859  0.280213  2.229357      64.874146   1381.981445 -205.317734   6.689569  0.825268  342.929596
472  111.051247  -7.308570  166.309402  0.263444  1.838170      92.331078    772.520752 -197.522217   6.009313  1.106810  402.574463
473  114.682693 -21.176964  161.421936  0.347742  2.730191      74.241737   1660.958618 -158.937592   6.469178  1.522896  380.758240
474  121.608978  -8.663827  159.230042  0.270027  1.997081      51.219139   1891.491699 -184.562607   7.087300  0.987417  432.890167
475  126.754158 -16.951210  170.618927  0.311870  1.955350      77.684158    957.805420 -170.308380   7.423372  1.119734  348.157196
476  115.557892 -19.834835  163.787933  0.301660  2.914883      68.097885   1388.131104 -226.723679   6.237151  0.958686  347.135101
477  113.138443  -3.515289  163.080078  0.215055  1.933073      81.808197   1423.460327 -243.373642   6.412906  1.596152  387.075256
478  127.316559  -6.979726  162.097733  0.258903  1.391860      66.306839    838.352417 -217.990799   8.623467  0.887555  416.028625
479  119.151649 -10.105262  150.875702  0.302168  2.339736      51.424717   1162.163452 -204.890594   6.529941  0.447835  361.571838
480  126.131691 -10.702402  172.218231  0.238977  1.699681      69.035271   1695.155396 -226.483002   7.144165  1.354680  352.708038
481  116.965172 -20.290571  167.182785  0.330784  2.451948      69.946838   1026.052246 -172.145782   5.617089  1.132591  439.008942
482   94.894409   7.715710  162.658859  0.180798  2.154247      83.190636   1614.327515 -221.021744   5.053665  0.237071  334.824707
483  120.467201  -4.295042  158.324768  0.254933  1.757898      65.795410    792.803467 -231.954315   7.091341  0.445117  407.579834
484  123.661263   0.547729  154.766296  0.205719  1.339318      75.089325    951.797058 -248.665512   7.874624  0.978269  330.231110
485  117.688210 -12.998728  155.659393  0.284455  2.607660      82.707405    912.907104 -198.957520   5.580291  0.826241  253.660141
486  143.890106 -18.374346  163.879959  0.338411  1.601064      62.530807    861.028748 -248.594147  10.503959  0.816110  436.814270
487  124.410889 -22.473150  178.018158  0.304021  2.438595      74.408157   1042.996094 -197.613800   6.276011  1.212482  381.228729
488  113.175041  -5.014983  161.057770  0.252579  1.917439      92.463806    699.211487 -171.444702   5.519755  0.562356  301.678955
489  127.962006 -21.443541  169.955933  0.310395  2.482629      63.649925   1502.302612 -212.415878   6.487895  1.844320  434.300751
490  117.396759  -3.386446  160.534149  0.237655  1.726365      55.156853   1005.562439 -196.971024   7.192577  0.478850  439.407288
491  115.279716  -6.112663  160.626114  0.283283  1.770377      57.456085   1329.507446 -149.276917   6.583220  0.463906  381.935577
492  111.648407  -0.358754  169.103806  0.202314  1.097050      78.125244   1467.765747 -164.911850   5.208734  1.311619  433.285248
493  121.308067 -11.713060  162.150787  0.306732  1.839471      71.667191   1232.654053 -220.934479   7.101114  0.850099  343.192383
494  128.642670  -7.118058  157.359650  0.265321  1.463402      75.830154   1028.282959 -239.673065   8.668150  1.759711  382.750641
495  116.711647   2.137521  162.128555  0.183044  1.148411      82.357971   1465.228394 -220.425064   6.460745  1.040653  277.301270
496  123.868301  -8.460361  174.305679  0.237337  1.344280      65.910118   1671.298462 -196.535416   7.351894  1.035861  359.020020
497  130.743576 -19.229246  182.046265  0.321251  1.785416      81.462120    790.506958 -213.499908   8.493914  1.809623  400.111511
498  126.408195 -11.357412  158.330765  0.294052  1.878825      51.077175    939.705750 -228.132156   7.832797  0.409000  399.899231
499  119.530556 -16.428965  169.905380  0.296398  2.176108      70.875862   1820.061890 -218.909317   7.106669  1.687986  421.427765
500  131.438736  -9.997719  163.236938  0.255752  1.628307      71.241928    671.438965 -249.394257   8.925370  0.739933  377.144928
501  131.239517 -22.124123  162.633224  0.349279  2.205252      66.509201   1444.739014 -189.500626   7.376795  1.013234  323.886078
502  118.461189  -0.625815  150.146881  0.252656  1.804119      79.951538    992.708069 -209.114258   7.289542  1.129786  347.576447
503  121.788033  -6.988161  158.846436  0.301705  1.461624      75.336868   1251.784912 -178.122223   7.407176  1.646357  415.590790
504  120.621605  -8.830020  163.516373  0.308518  1.498190      73.021858    830.195984 -163.685379   7.023340  0.328510  297.730957
505  118.057114  -9.061596  176.999268  0.227038  1.486341      53.143024   1344.846069 -185.791687   6.023216  0.396840  350.738617
506  119.023186 -10.394816  159.573730  0.304367  1.916362      63.607330   1637.680298 -186.460678   6.458225  1.000004  396.981476
507  108.445831  -4.421669  174.883881  0.176846  1.449807      79.100174   1542.180054 -208.525497   5.448912  0.905486  388.907990
508  113.408134  -1.531046  143.405502  0.299174  2.368783      23.213186   1426.780029 -220.510742   5.452786  0.207538  392.456879
509  131.155334 -22.655674  164.606003  0.341839  2.359748      59.463726   1017.806702 -179.034454   6.604706  1.039417  408.112366
510  114.070503  -4.506727  164.838135  0.218402  1.951008      55.163063   1770.661987 -214.180603   6.318367  0.560667  358.569366
511  107.769127 -10.397645  167.653488  0.243450  2.525736      68.922661   1581.382446 -161.123856   5.169076  0.868621  441.987030