           lon        lat         inc      D1AU     delta  launch radius  launch speed    t factor       B1AU     gamma         vsw
0    -8.611721  -5.818828  157.467941  0.123222  2.269446      48.804176    824.862976   49.103825   8.114673  1.437476  279.824066
1    12.169302   4.799776  166.199020  0.167089  3.488643      19.344645    810.402649  106.680069   7.263391  0.859908  311.703308
2     2.137524   4.546333  167.868408  0.162317  4.042721      20.217770    819.194153  176.945709   6.109257  1.433431  328.614105
3    -3.179690   0.276238  156.730148  0.120866  2.377910      28.612198    531.502136   61.025047   8.977846  1.979334  337.927521
4   -15.135467  -4.394054  153.794144  0.126734  3.226613      14.901710    586.546448  151.077133   6.592743  0.965824  355.303436
5   -10.892698  17.059477  170.274384  0.180803  4.641106      29.405212    435.751129  173.824417   5.786729  1.310272  344.652985
6   -13.358711  24.105526  148.124512  0.127638  4.541965      29.183926    571.594238 -103.557739   8.239256  1.492725  380.335785
7    -2.688371   6.875204  179.131073  0.178531  3.200067      18.790892    671.472168  230.169098   9.099125  1.712431  349.870056
8   -13.734756  -9.836024  159.237900  0.174069  2.300390      11.327174    930.987305  145.305527   7.260237  1.557173  377.586487
9    -7.758158  -9.953693  156.337311  0.176831  2.866002      28.187679    424.797180  213.010178   6.873754  1.004421  347.576752
10   15.535288  -0.799106  170.123322  0.152142  3.505567       5.803224    538.512573  163.864197   7.524405  1.832379  396.508911
11  -13.068947  -0.398243  169.138199  0.144802  2.793495       8.835695    425.729736  241.334549   6.351436  1.419302  416.835571
12  -21.516661  -1.338277  173.604309  0.121234  1.094759      29.296999    739.893005  147.610840   7.751119  0.831938  319.706848
13    6.224157  10.994158  159.510117  0.184976  2.933992      18.350046    672.439697  176.902039   9.533116  1.692724  356.675385
14   -5.145747  -9.297238  160.360931  0.154350  4.474319      21.004929    898.133301  162.383804   5.637454  1.872423  331.008087
15    5.609707   9.828253  158.412125  0.132588  3.571876      10.681679    834.889587  215.403320   8.484838  0.869846  330.599792
16   -7.274318   1.761921  150.940506  0.112595  4.449409      11.537776    741.521729   25.440073   5.639678  1.553158  356.423370
17    9.926612  -1.373358  123.568321  0.136217  3.746443      25.429022    551.647949  -11.716113   6.323472  1.629894  336.187714
18  -13.682586 -13.379791  181.775894  0.228803  1.560627      29.108732    572.314087  215.239685   5.322283  0.692185  338.000671
19  -18.417477 -13.112758  155.095444  0.168884  3.874575       9.340189    428.700500  180.089279   5.077858  1.004001  414.222137
20  -16.661364  -1.746016  171.590897  0.112725  3.627534      29.330702    985.580933   22.138416   8.318639  1.997739  336.686371
21    2.292051   4.403674  155.488739  0.157929  2.480388      36.789013    773.692139  178.542816   5.855126  1.426447  302.399139
22   -1.484137  -6.426533  154.615356  0.145747  2.578940      14.368506    581.269653  198.040604   8.687415  1.250616  346.463501
23   11.005873   6.548167  166.258011  0.194599  2.019739      38.673847    535.061096  156.253265  11.090392  1.251856  330.616577
24   -8.572317   4.155967  146.769608  0.103629  2.810364      41.356915    652.421204  180.272232   7.471754  1.998610  313.446655
25  -28.259096 -12.206435  172.273560  0.150822  3.021280      34.374084    994.628418  240.532944   7.494954  0.918052  343.320770
26  -19.786880   5.031739  180.612915  0.127953  4.030131      28.762072    763.231262  242.496887   6.587192  1.170453  334.935333
27   14.753373   0.327625  165.748550  0.172218  1.677767      30.399490    726.510376  213.203156   6.531151  1.085611  323.445892
28  -19.033354  16.604042  152.140396  0.147331  3.091477      31.386536    807.628540    2.734927   7.877141  1.005445  338.978302
29   -0.945597   4.162246  163.301743  0.138644  2.854120      38.058475    612.505615  186.255920   6.119587  1.648345  311.463104
30  -16.478529 -10.279369  154.751556  0.196921  2.452766       6.563566    514.114197  157.598221   5.987765  0.290521  354.659851
31   -4.863397   8.667557  167.721771  0.152198  3.487401      32.157562    616.526062  145.324402   8.289083  1.412417  316.493713
32    0.412545  10.477936  145.963303  0.163715  2.451396      30.163870    539.722412   84.402916   8.442815  1.042073  334.238037
33  -19.723976  18.910767  161.664719  0.153404  4.631294       7.916468    974.117981  -64.747879   5.167419  0.976585  374.967651
34   -3.210822   9.241462  157.202698  0.255528  1.286698      20.666962    450.084259  150.084015   9.464849  1.459716  405.532410
35  -22.672510  -1.031159  157.878647  0.130709  2.056357      33.201389    440.384827   61.265694   6.591214  1.555117  396.712646
36  -16.473763  17.070877  179.087143  0.188473  4.093496      17.626945    561.181274  191.589676   7.888664  1.631161  376.457397
37  -13.052948   5.742074  159.472900  0.119574  1.515947      11.630456    516.817261  133.943726   6.261114  1.320091  386.649872
38  -14.332341  10.321944  157.668488  0.132409  2.485188      61.695503    483.851440  209.201248   7.283249  1.586335  292.032776
39  -18.382385  -8.563422  165.004364  0.155800  3.100026      25.989090    519.716614  225.185410   7.342820  0.261320  274.633392
40  -10.904929  -6.422759  173.449478  0.125380  3.245599      11.281892    963.657715  104.276726   6.589880  1.298004  341.291748
41  -27.093843   3.251945  177.046555  0.114367  2.203620      10.487055    964.676697  155.474899   7.449033  1.372385  405.563873
42   -9.031894   3.776240  161.922455  0.126982  3.794372      16.222843    409.185547  238.021515   5.933113  0.706906  400.030273
43    0.150195  17.909571  158.016602  0.197878  3.378585       6.619732    992.929016  132.348984   8.080674  0.611640  305.136597
44  -12.575280  18.009010  167.142700  0.145448  4.385942       5.962007    924.582947  163.695679   7.490347  0.920530  348.979950
45   -8.485078  -2.852777  195.065063  0.164477  1.085677      23.881765    438.768127  182.240707   8.633629  1.116930  356.363739
46  -18.483791  -0.077461  144.948059  0.140392  2.373765      11.429132    766.278503  -53.618500   7.070952  1.158775  372.159271
47  -39.186535   4.089633  158.755295  0.114562  3.283482      13.200176    674.379211  166.644913   6.385388  0.222299  400.132202
48   10.469038   2.708016  177.599365  0.168189  2.789484      16.094261    773.717041  223.150894   6.555305  1.300565  342.742493
49    0.533002   8.215588  153.480804  0.106351  3.664574      39.295052    742.675659  184.024597   8.570496  1.545616  303.073456
50   -7.811565   2.401906  173.655899  0.128063  1.422279       8.260980    519.731628  131.628708   8.331566  0.553509  356.137177
51  -14.374640 -16.442175  155.181458  0.209631  3.201735      55.702412    465.163452   38.364651   7.380409  1.330119  284.283661
52  -22.463236  11.110959  167.711334  0.114297  3.583332      27.791353    429.317719  199.251343   7.690700  0.847851  435.774994
53   -4.169389 -11.254335  161.683762  0.143317  3.497441      20.980158    622.654297  150.524811   7.460185  1.101016  323.552368
54    3.066968   2.294673  168.854813  0.130979  1.493448      10.993952    659.081665  164.136154   5.912177  0.613678  328.593964
55  -14.384054  -1.258490  180.338699  0.154314  2.487297      24.852558    416.171173  166.531052   6.552622  0.919179  368.501740
56  -15.965214  10.794165  168.222992  0.149240  2.872502      25.225615    640.251953   19.861528   8.008204  1.343109  352.934509
57  -17.101278  -7.146004  146.492950  0.169579  4.179012      37.203300    772.247864   57.335453   5.082019  0.897960  277.111572
58   12.204614  10.615419  145.415833  0.159228  3.704109       9.730785    682.656067  245.390854   9.788442  0.494955  305.947571
59  -20.061140   0.513143  179.213257  0.158625  2.528017      21.005005    662.627197   28.716061   5.498511  1.313098  358.963898
60    1.175202  -1.493767  174.057678  0.140279  3.859719      27.620689    784.480164  -12.070892   6.742723  1.006866  292.242889
61  -10.847353  -4.526562  188.418152  0.126162  1.011209      30.482145    480.382294  240.066818   8.949734  0.987430  324.651123
62   -5.245381  11.470716  157.643906  0.117586  3.758737      27.012249    648.890320  196.420242   8.214525  1.753553  342.935516
63  -33.772202  -0.778977  145.205017  0.198371  3.158191      27.129673    711.843933  204.993851   7.240323  0.476987  351.858521
64   -1.241871  -0.670114  209.757477  0.121825  1.037757      47.210033    650.587646  206.747437   6.363209  1.673977  289.723236
65  -11.830241  11.368811  160.192322  0.111917  3.664881      16.727488    814.857788  246.232178   8.446074  1.845839  367.028870
66   15.275424   6.292230  152.421249  0.165180  3.518954      17.630842    568.681702  190.366318   9.002260  1.106856  349.080170
67  -10.018004   5.836527  157.821075  0.173476  2.719395      15.823418    611.983521  126.916397   6.382255  1.917333  372.530365
68  -23.445564 -13.421765  155.316162  0.212023  3.678457      48.705490    780.734924  -75.242142   6.499501  1.667868  296.896301
69  -23.921192  -7.960358  153.728180  0.167886  3.076099      20.379538    813.069641  227.294937   7.493992  1.512359  375.046875
70   23.299307  -0.445228  158.209030  0.151584  2.397873      83.718353    441.708374  164.778793   7.077461  1.274460  267.871826
71   -2.180886  -8.117664  146.142593  0.107845  2.078248      46.422852    650.330200   50.190872   8.709428  1.422285  289.894989
72   14.762659   0.181878  173.637085  0.150818  2.385001      12.348750    834.330383  114.866539   7.812404  1.085040  341.246643
73    3.739081   6.319928  156.572830  0.156059  2.513053      28.792250    675.194885   88.373917   9.638781  1.111069  317.936920
74    4.509911  -1.956852  169.372223  0.116880  2.596177      41.123306    411.319275  238.396194   6.090692  1.395282  320.160248
75   -0.850710   9.852915  157.361115  0.111914  3.590547       9.897968    700.276489  222.783035   7.317349  1.553052  366.732941
76  -18.422680  -6.144145  142.462814  0.129609  4.236873      33.209286    561.321106  202.728165   5.750302  1.556107  331.968079
77   -7.619891  -2.149195  152.159836  0.110779  4.171024      30.595636    755.779724  153.836777   7.988198  1.684335  319.769409
78   -8.151242  19.296185  167.437698  0.180395  3.930674      41.103245    714.437744   57.462070   8.529598  0.754504  266.885498
79   -1.698468  -4.484163  146.494568  0.123444  3.410690      39.049610    418.024536  115.477448   5.163978  0.589782  295.524231
80   -1.805807   3.232958  145.743851  0.103014  2.498609       9.694116    503.192780  223.058365   8.216928  0.649764  346.468964
81    7.429597  18.025726  169.180237  0.160122  4.750579      43.030727    979.641602  246.969574   6.063247  0.984511  250.943375
82   -2.404620   3.979057  167.951736  0.162961  1.704091      18.750027    982.131104  155.374680   6.312117  1.743532  345.559875
83  -20.758371 -16.870958  167.148453  0.215053  3.055394      19.016144    483.363647  242.036346   6.959943  1.460303  397.251892
84  -28.999022  -1.369441  170.152451  0.109081  1.791307      28.916632    717.579346  117.040352   6.977670  1.081041  375.146362
85    8.565077  -4.359750  175.763351  0.121646  3.289158      50.090004    672.558960  212.761292   6.721300  1.850050  290.311523
86   -3.654331   5.240665  150.693024  0.119945  1.994856      42.160580    475.050446  206.503662  11.674356  0.661308  287.128448
87   -2.546254   0.951542  162.386047  0.114264  3.426305      25.133385    489.296417  166.090073   7.301489  1.992519  351.208191
88  -15.268056  15.938288  175.084900  0.165620  3.587309      11.162971    732.494751  118.059784   8.047407  1.374487  382.680359
89   -4.299903   8.771582  150.958206  0.166558  2.948257      15.985110    895.123108  143.035599   6.601200  1.118975  331.081787
90  -12.218132  21.482609  153.936096  0.151876  3.844807      43.298820    780.856628  -13.013516   8.947054  1.504053  324.653534
91  -28.107378 -12.268516  187.672592  0.161233  1.513448       7.164418    766.658386  246.753067   9.470691  1.730565  438.135345
92  -14.967073  -1.664077  155.319138  0.106342  4.723929      46.866150    675.197510  211.736664   5.367276  0.856561  267.379547
93   -4.605881   2.295787  164.896591  0.135952  2.480818      34.575802    986.514709  214.607697   8.346362  1.705638  304.836517
94   -2.441597  12.416246  165.879456  0.148603  4.213847      33.313919    501.348907   13.014255   7.636142  1.000334  310.765228
95    5.049412   3.285270  172.864960  0.100130  2.590206      23.169752    765.493774  140.074127   5.737092  1.758419  340.691040
96   -5.957274  -0.670269  161.929810  0.157165  2.229692       5.183093    462.043823  239.915680   7.839392  1.500555  401.075897
97    2.137496 -14.109153  143.705246  0.136902  2.723206       9.310073    779.596008  167.858505   5.834380  1.252908  359.593170
98  -20.648413  -5.604847  159.031586  0.126909  3.109985      57.177814    480.026306  121.249481   7.929662  1.236742  305.081360
99  -22.150070   5.306370  166.413788  0.142395  2.719403      37.530392    783.923157  119.102707   7.585340  1.375056  332.803101
100  12.482526  -8.918235  134.944580  0.176414  1.397978      43.015671    453.801941   98.211090   7.324017  1.520355  328.492157
101   9.179552   2.800231  185.441513  0.142671  2.138437      48.349678    809.630615  165.059341   6.492351  1.219145  270.895477
102   7.717482   3.340215  184.843414  0.185003  1.379230      34.863235    429.954926  189.517853  10.659361  1.118818  337.995483
103 -17.424582   1.412239  161.084930  0.130627  2.300545      30.511053    576.373169  125.878944   8.409025  0.346872  265.139130
104 -12.775510 -13.205526  161.296402  0.233343  2.114247       9.506724    520.241089  143.951935   9.712770  1.034378  396.050354
105 -13.320450   1.847885  160.153839  0.101673  1.625913      43.719681    804.751831  181.968277   7.410305  1.827321  306.087036
106   4.918944  -5.108992  156.144104  0.110944  2.700649      46.260727    508.299866  147.366333   8.127918  1.796303  301.341858
107  15.681874  19.598043  164.632538  0.233481  3.650401       6.597644    621.988953  208.147659   8.526855  1.288560  376.013458
108   8.788091  17.599976  146.934982  0.222493  3.224421      33.967819    801.054016  228.591934   6.948830  1.727899  319.084259
109   5.157939   4.359113  161.498611  0.109399  2.730257      22.377905    492.173004   99.515450   6.434118  1.920314  368.022369
110  10.607415  -2.884598  154.183563  0.140497  1.555148       7.118539    548.324646  -34.336498   7.196383  0.412901  329.056396
111 -24.068363   9.614359  154.864197  0.106296  4.309937      68.242432    596.809570  151.211517   9.436031  1.948874  305.672882
112  -5.469341   9.609042  144.201309  0.130115  2.591967      14.918284    467.468903   26.190784   6.323301  0.954655  372.567871
113   6.152212  11.834238  176.455200  0.214626  2.506530      18.433559    566.053101  221.606308   7.912336  0.912100  345.444092
114   4.542837   0.171078  171.576599  0.108560  1.358397      14.936617    518.152344  191.885147   8.633748  0.679899  342.759186
115   8.716578   9.701986  165.555511  0.131351  4.135487      18.967056    843.774902  160.335831   9.020806  1.018548  315.061401
116  12.492770   5.147940  160.244080  0.228014  1.612653      28.454117    594.551819  246.416641   9.516062  0.429868  302.609497
117 -15.966367  -3.954941  167.189224  0.116212  2.382360      11.274745    835.756470  223.364944   9.470058  0.521765  297.921204
118  -9.703884   1.138275  165.445312  0.110667  2.309779      22.374830    638.887146  222.808350   7.790358  1.226871  330.660553
119   6.640317   3.715209  149.370010  0.104416  2.975857       7.007874    770.838013  153.123245   7.454863  1.283617  360.327148
120 -24.531864   4.076938  160.107986  0.121129  2.240310      21.433826    700.051270  205.791763   6.754680  0.539897  330.266907
121   1.669516  15.202928  188.071182  0.181309  4.414122      29.532721    607.517395  235.051300   5.678273  1.903348  322.855133
122  -2.466767  18.547195  171.247574  0.188575  3.956271      17.363997    507.310547  205.712448  10.843766  0.598936  324.209991
123  17.788536  19.404703  172.742203  0.265444  3.069730      32.873829    777.129517  199.708450   6.653553  0.446491  255.129486
124  14.019451   5.914845  165.702011  0.186120  2.751264      32.873844    692.887329  164.911209   7.069632  1.445610  322.986389
125 -19.683886  16.351782  166.590912  0.176528  3.104512       9.062551    778.715759  184.666138   7.741362  1.396694  405.211639
126   3.428001   6.687541  173.685745  0.114916  2.961132      23.642496    589.844360  208.279800   8.629373  0.416789  279.391479
127 -20.278509   9.976910  171.754211  0.178343  2.704151       8.486607    575.832703  213.990921   6.327562  1.802355  419.348236
128  -8.363114  11.740874  142.669846  0.115425  2.008760      17.351120    929.267761   95.279785   9.872390  0.664822  307.429626
129  11.557478   0.156489  142.478928  0.152404  2.261583      17.964752    938.638550  199.944778   7.595296  0.950178  324.091461
130 -26.461870  -7.866059  179.756180  0.173467  1.666163      36.187004    570.716309   86.350502   7.061276  0.424696  314.314423
131  12.042434   5.530132  157.118042  0.150419  3.296397      47.360840    647.002380  190.121735   7.577343  1.654905  294.183655
132  -0.197263   6.125553  164.861496  0.145054  2.778992       7.142548    665.464844  173.319107   7.995676  1.525362  374.706390
133   2.906157  14.569907  166.441956  0.186712  3.408619      21.337585    427.427917  150.829666   7.562774  0.962177  357.516541
134  -1.927750   5.683408  143.720108  0.110427  2.614581      26.684338    648.092102  131.928085   8.260315  1.581591  336.878601
135   9.107556   2.323386  166.522003  0.164219  2.380955       9.988640    695.128723   24.663507   5.824027  1.111231  348.865906
136 -23.722078   3.511629  171.233490  0.136653  1.773358      12.892473    754.855225  121.574135   7.632277  0.712118  350.815155
137  -7.896646  -7.850662  138.507339  0.149849  3.713970      57.037556    458.147827   -6.789358   7.226194  1.504472  277.446350
138   9.635886   0.192523  151.233231  0.142832  1.725853       8.148224    445.494080  102.069023   8.066910  1.674559  421.522522
139   9.000814  15.323898  130.730682  0.154602  4.614879      11.613625    658.320435  106.148407   6.030129  1.547515  360.186707
140   7.291276   1.449450  164.387131  0.159190  1.496696      20.079527    453.256927  144.690887  10.378119  1.404664  372.647430
141   2.834752   0.097547  191.666824  0.142784  1.181234       6.916644    418.178925  247.708099  11.344954  0.643310  413.260834
142 -31.365576   5.148290  176.560944  0.134485  4.659635      28.759827    532.139404 -112.678802   5.756268  0.419014  363.361542
143 -14.598642  -6.949512  142.951981  0.136232  3.301548      29.651192    403.687225  225.186493   5.780743  0.933014  364.962494
144 -11.307568   7.608156  151.581818  0.122284  2.992048      72.173973    450.113708  139.801819   8.076497  1.821638  265.078156
145  -1.900449 -12.517656  174.141998  0.143270  4.973756      13.795166    417.991669  145.999619   7.006993  0.969688  374.237701
146  20.029322   1.096416  136.448944  0.180422  3.263722      14.932392    426.292297  228.846893   8.386567  1.768902  418.701691
147  13.520901  28.174683  138.207535  0.241091  4.723370       5.713398    400.690277  197.994019   7.619951  0.420994  419.978943
148   1.789667  -0.665215  155.800980  0.126168  1.673639      21.301134    602.763550   59.683151   6.482601  0.849323  314.000580
149  -5.568978  -1.792287  178.749191  0.107172  3.932456      45.745125    673.276611  113.574738   6.737502  1.661778  290.002777
150  16.376865   5.055519  178.072281  0.181967  1.549992      32.569992    675.771667  227.140869  10.206374  0.983858  339.172668
151 -15.004619  -5.850109  155.250900  0.184796  1.813718      23.896675    459.163971   54.184258   9.017701  0.435748  346.639130
152  -7.560537  19.717445  165.830994  0.153366  4.779415      59.571983    578.556641  109.164886   5.550248  1.477632  269.017334
153  10.366289  10.657546  162.008530  0.146682  3.913388      48.403889    644.858826  226.132812   6.541502  0.847856  255.162964
154  -7.821360  12.109818  164.376297  0.134770  3.488006      19.878490    989.651672  214.712189   8.203363  1.881773  347.786865
155  -3.380944   4.766038  162.454285  0.149461  3.619412      21.427765    432.187164  169.009506   8.167276  0.730827  342.068054
156 -30.803495  10.168174  162.893738  0.102141  3.202746      31.090456    644.131531  115.790344   6.468408  0.394198  338.080719
157   2.132774  -4.263520  184.490448  0.120284  1.704836      63.546883    407.391296  194.173355   9.218863  1.754456  271.636780
158  -9.132397  27.106537  171.583481  0.227156  4.160264      43.779266    741.763062  198.759583   8.562315  1.871960  307.055817
159 -18.847805  -5.546206  169.084473  0.116719  2.649411      44.302673    550.628540  173.540100   8.999913  1.390018  321.648010
160 -13.313605  -2.825380  155.623260  0.103099  2.415424      46.110962    870.357544  100.937820   6.948824  1.258894  284.753906
161 -14.584749  12.575194  162.801300  0.116202  3.407988      54.589912    400.935699  235.632278   5.438487  1.157499  319.773407
162   6.765083   3.781224  167.092056  0.152045  2.207234       5.189463    643.747925  150.788132   5.921931  0.950179  357.589813
163  -8.042338 -16.288750  161.377823  0.143034  3.981953      32.081306    570.814819  249.664856   6.468230  0.429717  255.107849
164  -0.092037  32.381340  161.720581  0.253175  4.708765      11.933619    541.894104  125.518456   6.272443  0.372581  282.141388
165  12.441142  13.253061  163.205597  0.196035  3.121533      20.928902    726.878845   93.166496   6.082432  0.923672  332.967285
166   0.442490   1.333055  168.115051  0.162712  1.774937      17.201511    854.962036  190.261002   7.749599  1.128535  324.098450
167  -9.046951  16.050673  157.145554  0.137832  3.672027      25.614956    850.500977  158.899170   8.029926  1.743478  352.215302
168 -12.921342 -15.764832  184.015518  0.140354  3.233923       9.800272    621.799561  167.180679   8.255067  1.831198  395.627869
169  -7.547200   2.032199  149.539017  0.161407  4.331086      10.136498    667.373413  114.975975   8.022154  1.817341  370.705597
170 -17.274933   5.403328  140.211472  0.104760  3.034113      14.848772    633.552734  240.202545   6.138536  1.949063  390.631622
171 -10.294737  11.476162  146.780319  0.113980  2.358603      44.992798    980.083130   43.801395   7.965047  1.158270  283.772980
172   5.707162   5.309632  171.875259  0.134045  2.526580       9.539681    721.945312  207.716034   8.217955  1.959047  373.586395
173   7.185215  19.541370  158.572968  0.190149  4.321465      11.838996    596.365295  109.731766   7.875001  1.038981  343.207306
174   4.014301   9.028823  189.442184  0.135132  2.869911      29.395792    829.841980  115.303802   8.046549  0.696278  280.046875
175  14.993495   0.265526  163.807938  0.186520  1.286090      50.566612    595.131653  193.359619   8.399649  0.845649  294.247681
176 -21.773376  -5.555867  173.481277  0.154682  1.444386      28.335768    508.014526  207.426407   6.513197  0.624355  355.528992
177 -14.463381  -6.171528  165.227814  0.154076  2.855041      32.701031    462.343658  197.927567   8.515514  1.621671  349.022644
178   5.495630  12.682591  162.645081  0.149482  3.798607      10.556025    898.964294  168.050705   6.965593  0.847589  321.367249
179  -5.482725  -5.340604  143.178024  0.108242  2.342661      49.349457    657.318298  194.134857   9.806034  1.611842  289.398315
180  11.579565  21.576172  165.964035  0.211857  4.250953      36.698467    934.285400  171.685364   7.607750  1.629341  294.216461
181  -2.789773  -3.129570  173.479721  0.136277  1.898281      29.326864    587.133911  159.734680   7.185891  1.169127  312.186584
182 -19.163982   3.240897  182.108353  0.106580  2.956341      16.550663    667.574402  233.228470   7.605671  1.066819  365.374023
183 -11.944283  -5.935559  151.106903  0.146836  2.547273      29.886423    838.200562   49.053841   5.078058  1.093150  309.050385
184  11.255836   3.432367  162.938141  0.148496  2.156079      45.697021    667.221558  226.739365   9.344076  1.839740  312.044250
185 -12.658694  -8.906564  177.759659  0.141958  2.752358      18.465405    581.886292  117.205887   5.480944  1.827991  369.089661
186 -19.113274 -10.338307  155.816742  0.132584  3.979183      26.684271    457.012054  181.489365  10.557693  0.459160  336.413483
187   7.421765   1.526569  171.518600  0.101245  2.865953      10.159036    416.498230  187.699722   9.541473  0.296415  433.010742
188  -0.219301  18.607498  165.895111  0.188179  4.548402      17.807575    778.237183   -4.947176   6.625455  1.251147  322.990662
189  18.200546   1.523122  170.459229  0.175021  1.498103      34.030170    746.109924  235.167267   8.166669  0.467153  268.526001
190 -23.473833  -7.800451  168.274109  0.201760  2.379181      11.064634    597.438965  180.958160   5.334031  1.082535  392.397247
191   3.853871   6.906242  170.233978  0.169076  2.038831      19.837553    509.664520  149.740021   8.455126  0.332893  313.840637
192  -2.703752 -20.027000  176.282394  0.163171  4.445103      46.293228    619.704407  117.528038   7.341907  1.778540  287.919830
193 -15.403931  -2.692170  153.774643  0.150896  3.789972      17.379553    441.137573  179.233810   5.896337  1.709369  390.713257
194  -9.150781  11.225884  147.861237  0.121399  3.587867       7.422262    499.584839  121.365555   7.796060  0.654873  370.891418
195 -26.572315  -0.797700  173.889542  0.121321  2.761765      16.765665    917.592834  214.746979   8.737633  1.163874  372.886780
196  10.328232   6.670301  156.123672  0.152181  3.108388      13.181283    708.772644  124.006157   6.413425  1.589895  362.417633
197 -20.659027  -4.404606  172.348724  0.125497  2.543509       6.898132    798.119690  219.118240   7.692616  1.735258  400.546478
198   8.452735  -2.117806  158.907898  0.118460  2.145135      20.008217    687.800049  198.082275   7.681439  0.971720  325.249115
199  -5.935564 -11.826539  142.591049  0.112738  4.733536      16.157055    476.546997  135.189285   8.556033  0.690650  342.634247
200  25.956675 -11.968481  139.183533  0.160624  2.307666      23.160547    734.172363  173.044907   7.319708  1.280902  398.081238
201  10.840905  22.513863  146.711823  0.192984  4.943531      18.012009    680.304749  166.072525   7.034338  1.362413  321.198547
202 -30.164768  -5.652225  160.087646  0.209138  2.412847      41.629471    596.566528  133.427628   8.575814  1.511759  371.868286
203   0.683177  -5.070786  166.831161  0.133437  4.937913      27.741636    916.515503   74.086609   9.158095  1.089589  292.029602
204  -1.317649  10.217717  161.237137  0.133720  3.787012      15.648858    505.829620  153.929749   5.886145  1.428284  367.883148
205 -34.269360  -9.416550  178.413605  0.158462  1.536074      15.584697    700.643616  241.740524   8.349351  0.358281  398.105743
206 -28.576929   1.429357  143.025192  0.161155  3.292575      40.521515    632.277649  220.637787   9.057851  0.829026  332.566772
207 -26.647678  -9.169301  165.756577  0.209987  2.107551      41.538723    644.395447  222.535797   7.290498  0.479613  303.669037
208  -2.012710   8.991334  185.766022  0.161022  3.777621      28.967505    472.867432  207.042175  10.287563  1.574998  337.180969
209  -0.923687  12.266602  160.088623  0.122961  4.109677      62.307007    862.939514  248.794449   6.841287  1.538059  252.145508
210   7.663417   5.640456  158.453781  0.115984  3.247383      12.597475    485.137817  204.908447   9.772177  1.941024  387.957672
211   9.498535   3.267605  166.226089  0.100227  2.885966      30.251188    743.933533  118.837212   5.926802  0.992774  303.675171
212   4.107125  14.796594  171.140076  0.148365  4.658171      27.361805    548.870972  213.802567   8.580012  1.071143  310.905579
213  -7.061005  18.276127  151.306259  0.158908  3.889513      38.051491    570.039673   43.305214   7.794176  0.504265  276.731964
214  -8.849913   3.410560  152.119919  0.102386  1.442807      44.007359    771.089600  178.483200   7.535758  1.239039  284.388428
215  -8.764122  23.201504  167.149292  0.188700  4.279510      38.477589    507.538666  187.439545   7.492295  1.531678  328.789062
216 -29.027184 -12.787769  160.288132  0.191183  3.683871      14.339727    940.295532  224.207870   8.340937  1.403400  391.964813
217 -15.050227   5.538195  160.476242  0.115954  3.376193      17.186058    741.339722  183.276077   9.468240  1.051179  340.910004
218 -21.173676   9.395698  166.170914  0.140103  3.058938      34.578030    821.952759  138.269119   7.578704  1.979537  357.772797
219  11.641009  11.774258  191.512985  0.154596  2.742728       5.840707    807.988525  248.773605   7.202250  0.405481  295.694244
220 -17.853079   0.628048  165.420456  0.126434  1.881676       9.801044    729.839233  149.173233   8.897089  1.350102  374.437866
221 -16.313068  -3.681104  164.444611  0.119055  1.660742      29.416725    622.018799  120.857445   7.998344  0.775801  324.758667
222   4.278541   7.255418  188.829010  0.194812  1.951382      16.562206    453.013916  171.285538   7.821939  1.182548  377.413971
223 -17.166359  -3.834383  162.575211  0.172452  1.838926      16.936226    794.964600  -11.439698   6.411725  1.538289  367.790100
224   0.286728  -0.611059  182.029434  0.167914  1.075794      26.911409    436.969513  172.256927   9.483242  1.674447  351.599609
225 -33.760628 -14.650416  173.835632  0.175146  2.939843      68.535271    781.922241  180.196564   6.616189  1.462856  343.225677
226   5.687913   9.621645  159.837830  0.177459  3.024074       8.300828    428.132874  128.874802   8.266176  0.589664  399.223633
227 -19.381804  -4.861802  166.368530  0.143312  3.014374      34.235065    536.056152   66.134758   7.175434  0.838127  322.026001
228  -1.023438 -16.720921  210.427231  0.169632  3.578728      37.932102    805.423950  233.159103   7.762120  1.427303  298.466095
229  -3.966657   8.637074  153.257690  0.180094  1.622180      27.425690    415.513336  123.796783   8.340472  0.814725  380.394409
230  -4.235707  20.370310  146.054855  0.143873  4.106433      10.402330    474.611572  110.367157   7.313769  1.041247  397.997986
231  -8.034000  -4.138896  187.711426  0.119191  1.764458      26.519062    617.294495  161.060287   9.564918  1.307768  325.648376
232  -4.851774   5.492536  150.955322  0.175881  3.260459      10.961817    434.034088   -6.002407   7.760402  1.514216  398.156189
233 -14.840694  15.383380  169.246735  0.169296  3.281907      36.755733    420.463989  154.581497   8.843214  1.336570  363.870392
234   5.392640   1.305535  158.285553  0.159773  1.255098      47.494068    499.570618  206.611420   9.816236  1.173667  306.529144
235  -1.312065  -0.843131  161.096375  0.108691  3.426969      40.611179    756.876709   38.516430   6.221401  1.781774  294.841949
236  -7.813378 -10.485476  167.361465  0.132560  3.162841      28.459656    630.516357   99.409782   7.231146  0.870417  306.207458
237 -15.530074   4.326379  159.870331  0.133242  1.814613      24.168093    421.193115   81.712769   8.443482  0.870326  371.258270
238 -21.993477   5.724131  140.406555  0.137857  2.309243      31.225004    857.075989  178.786896   6.727885  1.681682  363.395416
239   0.804159  -6.575526  166.328125  0.111679  3.635064      32.624271    634.167236  248.793854   8.274929  0.940810  293.366272
240 -14.629091  28.966049  180.286606  0.260008  4.498411      15.583369    697.824707  211.271194   5.706506  1.191203  327.438934
241 -26.739729  -1.898206  153.252716  0.128036  3.423943      29.178925    824.846436  173.806641   6.693984  1.609960  366.883362
242 -14.437149   8.663826  179.341064  0.165725  2.404790      11.887989    539.722534  212.985794   9.368415  1.607246  404.250153
243 -21.281187   5.826459  149.961288  0.134722  4.500871      21.036232    584.156128  122.406776   8.585162  0.898759  356.839813
244 -12.547282  -7.520127  155.589981  0.130423  2.798439      40.560089    795.798523  195.152039   9.530257  1.984887  319.412842
245  -1.923561  10.373050  171.033081  0.142984  2.910373      10.487831    618.572754  113.010925   7.273954  0.871093  352.822327
246 -11.602945   4.822816  171.858582  0.125707  1.590717      54.736698    822.076965  105.841347   6.464952  1.087324  267.190216
247  -3.193277  14.927195  166.348801  0.206234  4.820154       8.995295    422.942169   51.105305   8.214447  0.503182  380.010773
248  17.102814  12.049876  144.158585  0.170262  4.343699      22.897766    642.343201  240.157272   6.861707  1.252206  330.111816
249 -20.287632  -3.752703  172.115204  0.126253  1.678500      32.708038    466.857697  179.186813   5.622106  1.645411  371.764923
250 -12.356993  17.738083  162.706116  0.137188  4.163060      19.735559    557.434082  142.953506   8.960240  0.669051  347.783173
251  -1.172203  22.338104  171.662704  0.186910  4.518086      53.186924    518.560791  243.086731   8.698412  1.369489  268.335693
252   1.496570   3.423029  180.034409  0.129037  2.309827      60.634365    509.614044  232.977188   6.174867  1.239397  257.472809
253   6.201881   4.029408  148.351120  0.138346  2.418890      43.037617    508.981750  234.578781   8.557649  0.944758  297.713776
254 -25.371286 -13.459689  165.489975  0.232191  2.352416      17.970903    864.401306  178.792313   8.141920  1.552798  403.022400
255  -4.271330   9.399694  152.567291  0.107634  3.048200       7.489061    565.110291  229.798218   6.992217  0.956485  374.803192
256 -14.141446   2.082237  165.411575  0.143245  1.543266      40.794811    882.818848  -17.231325   8.501335  1.464384  302.054260
257 -15.469123   0.440580  164.741287  0.103401  2.054806      50.320343    710.839172  200.059418   8.150695  1.519356  287.240326
258  -4.032695   9.343863  147.133942  0.153781  2.053049      28.646759    643.504639   74.272308   5.315105  0.668755  295.109680
259 -30.906031  -2.698323  172.968185  0.123851  2.327336      26.092873    776.746155  238.005081   7.522926  1.581714  397.542389
260 -12.652601  13.595942  150.661224  0.108137  3.355571      17.007036    638.105896  146.266953   7.954641  1.717937  378.899841
261 -12.523424   0.355494  165.915405  0.115828  3.448087      40.482697    985.791443  152.846024   6.380843  1.543493  294.204803
262  -3.701001  11.433384  190.361954  0.134544  4.065559      18.090317    870.186829  178.468674   6.865836  1.055131  315.488129
263   4.942472  10.833302  163.177414  0.112021  4.461544      33.777733    865.791199  198.203003   5.589350  1.900068  316.880157
264  -0.547126  11.805076  143.393570  0.179257  2.034482      16.575581    842.044373  141.021225  10.415677  0.841306  339.332428
265   9.529414 -10.054732  152.037918  0.147190  2.243175      28.913025    856.372803   94.099464   6.341022  0.833283  288.022797
266   3.409211  -3.869487  164.930817  0.130386  4.124834      23.632092    417.214111  243.561417   8.378061  1.998849  361.945374
267  -7.571695   5.466829  148.715897  0.140743  1.147332      42.874390    740.355957  237.152756   8.093429  1.165154  286.490509
268  -6.502937  -0.102749  163.841614  0.100560  2.157910      41.856373    611.047791  199.169220   7.790236  1.573885  301.759247
269   2.384033  17.980249  160.539825  0.199003  3.446913      12.844108    929.736877  104.791771   6.798830  1.208004  341.854095
270  25.388939   7.205183  149.002472  0.234909  3.011596      11.093624    655.933655  141.923676  10.066954  0.379362  325.161224
271  11.894915  12.205772  176.563904  0.193732  2.657240      36.760818    699.927551  230.182358   8.735094  1.701794  334.694092
272  12.542210   8.192707  156.513397  0.172462  3.099855       9.611350    481.936554  178.559387   7.965110  1.587581  396.575836
273 -17.928455   9.077358  167.023697  0.112819  2.678535      49.021732    426.972595  161.472748   8.063622  0.880592  320.811493
274 -22.252430   2.819676  152.784973  0.133330  3.573920      50.468319    787.091614  239.571823   6.012772  0.697552  261.688812
275 -14.424753   5.548220  158.630753  0.102163  2.396655      12.848685    717.680237  184.125198   6.559103  1.731656  378.983185
276 -25.210989 -35.369717  169.747528  0.284979  4.630093       6.246730    428.645447  231.617538   6.573981  1.669078  423.095795
277  -0.015329  18.825047  165.258743  0.208493  3.393676      13.636189    512.673218  136.172623   6.328208  1.217778  367.907135
278  -2.894164   0.597660  162.729004  0.137491  1.580112      11.351830    661.255005  184.912491   9.614197  0.711104  325.956299
279 -15.406336  -1.511727  152.922897  0.145324  2.809463      43.461113    571.980713  161.559830   8.158090  0.777824  282.701874
280  -9.057209  -1.366887  169.005310  0.118597  4.660096      40.967106    421.397369 -100.153885   9.930755  0.415504  279.853699
281  -1.033832 -19.501839  155.601669  0.145596  4.123628      41.505596    712.361633  119.472588   7.894309  1.080360  281.292114
282  -4.646875   2.610216  177.061996  0.120491  3.016093       8.060537    715.743164   80.040161   8.730975  0.851327  337.325348
283 -26.678492 -15.716235  180.862518  0.182052  2.395046      57.502968    556.984802  160.855194   7.170179  1.565722  348.370361
284 -11.068047   2.473653  175.895264  0.137097  1.941840      30.169912    825.516235  203.085526   8.018604  1.856760  334.482941
285 -11.446342   2.989954  167.912979  0.171518  1.190240       8.726918    467.367065  118.883766   7.235053  1.277021  394.210114
286  -9.458194  -7.141659  174.642227  0.123655  4.041169      38.600433    465.167419   90.732277   9.180122  0.481455  277.198090
287  -8.461518  -8.169002  170.491547  0.152315  3.177514       5.663395    975.997925  200.466553   7.433900  0.681765  307.742981
288 -26.779461   1.470338  157.813263  0.106714  2.753419      20.911461    754.217163  216.492554   8.045334  1.970835  402.911835
289  -8.394871  10.479952  148.493561  0.118922  2.522475      29.659349    502.126221  114.594429   8.183036  1.591000  351.238403
290  -2.194270   2.994378  174.897690  0.145022  2.017609       5.916912    689.255371  234.224274   9.465448  0.556559  316.958466
291  -2.975763  10.671979  157.350586  0.131842  2.943575      26.716078    979.887390  114.392601   7.244748  0.820257  288.396515
292 -11.593089 -13.026943  178.614136  0.159796  4.296791      36.896866    406.684937  194.556091   6.274261  0.683999  315.148132
293   6.124355   8.201513  145.578842  0.127492  3.603246      10.595971    571.671631  142.801605   9.804276  1.957797  381.549377
294 -12.678491  -3.214624  148.472046  0.112986  4.281895      14.365300    730.393860   91.590569   7.001365  1.663463  354.846436
295 -13.523496   5.702629  167.083679  0.112440  4.027806      16.613655    678.066162  161.706497   5.890289  1.091154  349.495758
296  -0.563765  13.348503  157.201096  0.157237  3.534029      39.928818    497.511932  135.733780   7.656832  1.982792  325.438477
297   2.904275  12.666641  168.887222  0.209097  2.620960      12.386580    800.418213  109.823387   8.949424  0.970544  338.722046
298  -0.916559  22.839123  170.600327  0.202438  4.719741      34.794357    685.834351  150.912460   6.272612  1.495601  292.815613
299 -32.246506  -9.438949  180.313126  0.180882  1.344100      72.671211    721.255493  173.883392   8.523811  1.075639  311.042969
300 -25.906706   8.141897  150.388550  0.143766  2.333754      20.433325    454.646759  218.830170   7.210198  0.501615  423.959137
301  21.775749   1.675384  161.524643  0.196686  1.955019      18.855131    694.775269  195.219254   8.621296  1.465619  393.014099
302  -9.945811  19.386927  145.875061  0.159127  3.763314      21.196314    472.890137  180.985153   7.598480  0.222359  329.375122
303   9.755754  11.948666  181.394165  0.144604  3.854376      17.623142    968.964111  204.899521   5.654161  1.723303  347.580383
304  -3.346611   5.933412  162.432480  0.109556  2.618644      28.705553    413.306091  248.872162   6.135216  0.411779  331.991943
305 -38.311874   3.867716  172.772339  0.137371  1.587550      47.624168    916.823364  129.650726   6.493670  1.018420  375.217377
306  11.730445   0.937845  154.151840  0.110236  3.247824      17.089390    552.480042  214.127960   7.794909  1.526042  361.934509
307   3.637650   8.612839  147.093430  0.100974  3.918615      47.320805    557.510681  222.623718   7.531029  1.202317  285.473419
308  -2.735140   9.527450  139.408569  0.153583  4.040312      44.881958    503.907074  135.305679   8.362721  0.946442  288.831238
309 -14.331306  -4.597803  153.618744  0.188556  1.991081      14.271493    549.762085   59.219086   6.102372  1.437679  375.138794
310 -14.083220   1.293408  166.612381  0.158569  2.966928      14.280585    461.319153  199.978394   8.986398  1.541058  388.293152
311  -9.090711  -7.862520  156.568573  0.151310  2.916008      14.119694    729.532837  -96.146713   6.427026  1.457264  354.950378
312 -20.514700  -8.532982  142.012283  0.158517  4.871992      16.964596    421.490509  134.823578   6.093523  0.860533  381.838959
313 -24.524057  -0.574486  174.584854  0.156500  1.591870      32.390366    522.754883  199.146957   6.738991  0.802446  351.918243
314 -14.972576  -7.390059  163.398254  0.149695  2.455340      28.916792    750.913269  222.100891   6.451107  1.361119  334.770447
315 -13.192451  -9.064921  168.987381  0.169752  3.042719      34.382599    449.142303  205.671417   7.073478  1.308173  335.597443
316 -13.719538   2.038982  181.799728  0.108841  1.683884      31.815140    658.145813  219.737320   6.769368  1.598399  340.487213
317   4.850970  11.090887  136.613434  0.133205  3.399243      56.466698    665.367493  175.466812   9.096847  1.899951  286.940155
318 -33.608505  -0.859609  167.715942  0.144254  3.845374      15.181331    586.927429   80.114441   6.219081  0.933462  433.781830
319   6.399737   7.630720  168.723526  0.208765  1.684142      29.205524    655.368469  170.346878  10.111852  0.723919  321.016541
320 -30.609743  -6.676980  165.522446  0.203389  2.996339       9.253425    623.339478  192.276596   9.007967  0.846471  413.842224
321 -29.242762 -30.385256  178.083603  0.206034  4.974213      21.217308    544.911255  178.510925   7.480368  0.512899  373.228119
322  -4.229321  -0.915133  169.530701  0.136738  2.764221      37.722305    429.202332  177.413544   8.483391  1.994679  327.172546
323   9.779270  12.504907  155.806412  0.251262  2.267117      24.725706    948.915161  201.539017   5.794369  0.729980  300.696411
324  -0.615503   8.063731  140.977386  0.137154  2.008303      10.407784    454.490356  102.264008   6.580096  1.030166  398.143921
325  -9.935015  -3.997181  155.805130  0.103921  1.948032      18.460518    846.848938  123.503357   5.417243  1.834233  360.311737
326 -37.456615 -12.272154  153.827271  0.196185  4.483080      41.275269    559.995483  212.425278   6.602625  1.840924  393.077820
327 -14.138181  -6.290577  158.861862  0.148146  2.202513      41.062939    479.865814   63.329121   5.402153  1.996311  344.112732
328 -13.231966 -15.371597  169.353577  0.169059  4.079748       5.362646    485.647491  106.049301   6.017097  1.948554  403.546417
329   3.191771   2.112748  153.523300  0.114043  1.871488      14.183613    411.100677  170.572845   8.973234  1.220171  430.106842
330  -0.433410   9.122747  155.928940  0.103740  3.558692      30.582312    520.413635  232.982330   8.670847  1.910749  342.373352
331  -5.019415  19.378086  150.988647  0.136403  4.982254      12.238979    652.500305  -13.715015   6.430912  1.186426  357.557617
332   6.174302   2.383455  173.922516  0.124972  2.146662      44.229736    723.906921  248.157974   8.508286  1.075530  276.133392
333  12.565155  24.678970  183.999161  0.224325  4.199435       8.357857    826.392151  173.240219   6.062667  1.513970  362.949677
334 -14.013668   7.751971  169.260727  0.114582  2.244319       9.425577    984.078186  155.980225   9.471745  0.450031  286.464264
335   6.196635  11.102897  167.527573  0.192414  2.827961      14.138728    588.958252  133.025482  11.101960  0.390245  301.627899
336 -14.686144  -1.771579  181.736237  0.129123  1.050389      49.266861    819.095764   60.278217   8.882956  1.386377  282.581543
337 -11.112244  -5.098138  178.455902  0.113348  2.098033      16.176897    470.138275  134.038223   7.663811  1.163572  373.064880
338   1.420852   6.655071  167.461334  0.152236  4.423985      24.944994    884.928650  125.521088   7.079577  1.392837  310.562134
339 -12.365146   2.850594  160.890808  0.102412  2.731382      14.207235    490.805054  223.877777   6.525822  1.917390  386.362030
340 -12.604936   1.792384  149.336411  0.112184  4.198255      19.890785    951.888672  195.771683   5.357624  1.680183  341.219238
341 -29.093470  -7.650466  186.546692  0.134464  1.085836       5.506795    661.246704  237.551285   7.293786  1.450915  438.706360
342 -19.589737  -7.392553  167.433212  0.127579  4.122989      22.671289    496.696533  183.801483   5.024704  0.534644  336.080383
343  -7.696806  -0.956112  139.286499  0.150824  4.273478      21.851198    556.995422   56.724083   7.844115  1.304224  336.020325
344 -20.736073  -9.237782  167.500580  0.133741  3.247132      49.104668    507.006500  153.725876   8.326172  0.600946  284.710663
345   1.905765  12.190932  163.297546  0.150041  3.468943      45.573147    769.143677  237.861450  10.629781  0.880038  259.964417
346   0.269513   7.043592  177.781708  0.178386  1.893420       6.221554    524.066589  219.719177   7.822325  1.354769  399.950470
347   5.258210   6.952511  146.769012  0.190533  3.012487      13.835796    619.143860  -11.589749   5.479532  0.851588  334.398071
348   6.457618  -6.794669  172.988403  0.146601  3.170728       5.105061    866.939636  241.983673   5.500364  1.850829  368.274994
349 -30.705746  -0.454154  168.139221  0.100514  1.967794      45.963123    832.596130  224.234116   7.635849  1.932334  365.621735
350  -1.124141   2.610995  175.500061  0.122375  3.090194      10.352232    817.781555  189.188339   9.405298  0.712004  309.341980
351 -30.766973  -0.089369  143.729935  0.206768  2.765838      17.822191    717.132324   93.552086   8.351532  1.115615  412.463257
352 -10.385368   4.410635  165.038284  0.144997  4.598631      11.789055    425.868896  148.653778   7.211550  0.727798  402.803131
353 -17.513107 -10.308098  165.966446  0.107689  4.002313       6.655004    620.725586  204.816269   8.083089  1.308663  387.432312
354 -12.402813 -18.779371  173.433594  0.170403  3.847319       6.515865    530.011719   95.641655   7.838829  0.945430  379.445557
355 -11.646100 -19.452488  180.233521  0.154178  4.455629      21.416210    812.928589  176.646957   9.186366  1.150072  325.777924
356 -22.455828   9.728085  163.648071  0.109362  3.580227      77.152710    435.483185  130.253708   6.913244  0.895286  263.468658
357 -16.461435 -13.525979  162.739746  0.141966  3.854580      23.173639    535.670898  157.936676   7.348515  0.879786  342.680786
358 -19.138847   3.642924  166.291626  0.147010  2.016152      18.962559    861.087952   84.924828   7.846411  1.384744  355.637756
359 -13.354239 -10.904792  176.950470  0.178152  2.095956      45.679825    493.048828  191.123123   6.663566  0.393921  264.240356
360   4.235718  20.714981  153.815643  0.198984  3.873741      39.072227    656.507324   36.161869   8.845389  1.045506  285.529327
361 -17.588589  -1.480894  142.752151  0.158691  4.932278      36.687527    676.196106    5.223039   8.490105  1.027252  298.566742
362  -6.032754   8.354671  158.876236  0.149447  1.985424      24.986988    530.275391  173.119812  10.410757  1.015717  344.073212
363   9.406652   3.193985  161.365036  0.172075  2.910711      18.478468    408.164185  145.662216   9.251824  0.333100  361.375977
364  -7.617329 -11.975450  170.943924  0.164357  2.171545      50.005215    490.126526  160.927399   6.781950  1.268136  307.039459
365  -1.970155  -6.713542  156.504898  0.143136  4.832471      18.874954    539.547607  188.592880   5.001083  0.731245  320.623474
366  -7.110662   0.093739  183.014343  0.125231  3.984175      34.079388    620.567871  108.130760   7.475969  1.076509  302.691223
367   4.600833   7.595005  180.461594  0.151449  4.328726      21.982618    665.449829  189.118469   8.653575  1.036503  318.432068
368  14.571723  14.725947  183.037888  0.276243  1.843797      58.273605    592.267456  112.035431  10.104774  0.751221  298.856598
369 -14.589275  -0.982083  159.261292  0.131711  4.264179      11.723757    569.262146  194.012726   5.061417  1.638535  380.025513
370 -29.572725   0.455693  151.835815  0.138249  3.061049      50.230782    443.763153  238.350540   9.582791  0.348150  331.652710
371 -27.145332  19.164665  165.994247  0.167818  3.726314       7.158443    709.527710   83.654228   5.905865  0.664590  410.959717
372  16.311213  -3.445646  146.675339  0.170907  2.007199      44.420547    981.538208  177.565399   8.667854  1.639741  307.583313
373 -17.436361 -12.349730  147.575775  0.151184  3.970771      33.399025    955.723206    5.080557   7.212399  1.089756  295.312988
374 -13.696086  -8.214885  177.632370  0.160602  2.049162      60.225060    593.263245   24.294580   6.985154  1.271483  270.415771
375  -8.497984   3.461651  185.487244  0.181009  2.016874      18.613115    452.266968  211.412003   6.973312  1.536617  377.931976
376  -7.904799  -1.514227  165.412582  0.140764  3.577079      33.790730    618.721130  240.332336   5.367283  1.401083  315.114136
377 -11.103805  12.817924  151.074860  0.146295  4.075298      11.064883    759.652832   82.837364   7.660888  1.222872  363.318878
378   6.241116  17.293016  147.936340  0.151858  4.664376      12.076115    463.547943  213.627167   5.666857  0.995385  369.661865
379 -21.547400  -6.775947  162.155792  0.120593  3.444455      55.588669    940.258667  246.405853   6.256914  1.497976  285.961273
380   8.987550  14.674385  151.049637  0.192309  3.336057      53.996002    605.590881  221.107285   9.288518  1.503793  282.345947
381  -3.907725   6.512594  145.817642  0.153438  3.252721      29.203186    636.287842   94.821411   7.027184  0.625516  281.830902
382   3.578703 -14.063370  174.233307  0.185112  2.874355      17.866188    863.892700   84.880630   6.880494  1.423860  332.785278
383 -16.580479 -10.357198  157.342255  0.124841  3.904749      23.085329    604.333191  168.040436   6.536594  0.761267  326.236542
384 -11.493397 -17.058916  170.206528  0.168222  4.445510      37.768940    967.803223   31.529041   7.236815  1.333127  284.781799
385   5.469893   7.641400  160.425446  0.115732  4.958367       6.850306    564.943726   44.413593   7.266432  1.676206  370.968628
386   2.581000  28.169928  163.149292  0.271518  4.378861       5.045621    693.545837  143.918381   7.941395  1.302277  338.365814
387 -12.961009  28.492125  144.959213  0.167874  3.866056      22.568083    647.072815  145.682083   6.404179  0.404632  338.751648
388 -17.056965   8.517913  134.656433  0.107937  3.597506      10.602718    521.227661   55.941189   8.207945  0.807524  385.270813
389   7.006839  18.239063  187.635376  0.246780  2.872675      28.494030    515.652466  248.927399   6.876469  0.832888  331.805267
390  14.797638   3.890091  146.608231  0.161236  3.020165      12.855517    667.285095  158.120346   7.847221  0.549982  320.427094
391 -22.952131  -6.682134  174.869064  0.163143  2.919373      20.798849    791.779297  240.361664   8.702289  0.906345  341.542389
392   6.240042  -2.118978  163.002213  0.165241  3.103263      20.430124    421.324493  180.481033   8.624550  0.770858  362.733673
393 -30.996494   6.688750  155.988876  0.118521  1.939060      14.065083    788.779358  127.355354   5.546854  0.679346  390.265411
394   9.908543  17.422924  151.622025  0.229824  3.157017      30.713345    813.456787  160.653687   6.768883  1.960466  337.755798
395 -15.376666   4.354092  158.941101  0.145912  3.961176      33.673206    665.655151  177.203995   6.446996  1.609640  332.508850
396 -21.603558   3.400206  146.337692  0.120212  3.038836      11.682613    889.833374  175.347015   9.160347  1.297692  375.867218
397  -1.663825  18.789482  144.134140  0.189692  4.172923      12.248628    747.723938   39.806072   5.925062  0.963392  339.218750
398 -12.762487   6.419682  164.190247  0.130978  1.283794      30.781807    869.670105  -46.007980   6.453789  1.114452  326.374634
399  -0.802872  15.436313  167.057281  0.141905  4.379909      44.319145    880.006470  198.616821   6.906764  1.892560  292.638824
400 -30.063938 -23.947536  165.182846  0.214546  4.830811      49.372826    515.436401  113.467918   6.491500  1.917492  331.206421
401  -3.781369  10.415159  170.660416  0.214970  1.971992      25.691275    592.760803   94.738266  10.165184  1.698576  357.972900
402 -23.757528  -5.610411  167.000320  0.131463  3.023559       7.495378    747.228882  210.119202   5.947869  1.465054  402.839264
403 -10.876361  -1.665485  169.257339  0.137995  2.551920      27.456778    559.492920  193.436569   6.621125  0.946691  320.551422
404  -7.854109  -7.474599  145.217514  0.104743  4.005177      26.280718    644.842163  223.898254   7.477349  1.408731  322.701935
405  -3.101642 -11.530933  152.955383  0.122774  2.796005      14.369760    691.608154   66.143730   9.123468  1.837470  371.806854
406  -6.723288  -3.549842  156.498184  0.133352  2.893980      58.978344    671.124329  142.663315   6.082032  1.379714  255.315567
407 -12.206489  22.386183  170.776077  0.201259  4.518136       8.349279    554.363953   65.265854   6.566227  1.462827  378.694641
408  -3.001089  11.345003  134.907043  0.120314  2.450204       6.117016    542.847595  150.066406   6.846900  0.595298  370.730896
409 -22.445417  15.853321  174.229538  0.209212  2.612290      44.219608    661.719055  192.358047   6.039517  1.549344  361.048187
410 -22.904224  -0.579196  156.571716  0.172203  1.839015      21.376867    652.456482  127.616127   8.465896  1.747744  393.055542
411  15.424016   0.236916  172.476730  0.153383  1.484218      15.198602    456.618134  244.445938   8.064389  1.451198  404.578369
412  -2.444813  -0.153891  158.762817  0.147996  2.625500       6.257979    892.643860  164.418076   8.113523  0.547128  289.993713
413  25.924976   0.706905  136.258194  0.251923  2.595732      15.186094    484.272125  125.144127   8.923246  0.487690  401.651031
414 -16.767124   5.599531  156.887589  0.137633  4.758247      45.528542    658.574341  154.435547  10.242194  1.731168  316.587158
415  -8.856853   5.821671  178.081253  0.146177  4.353228       5.563077    433.576782  206.335358   8.533764  0.384889  384.493622
416 -13.627758  -0.575503  157.997192  0.140399  1.560670       6.149659    863.385620  147.882935   5.456221  1.740262  379.946014
417  -8.656443   3.627180  182.580673  0.120601  3.930217      11.465034    585.848083  234.388290   7.927959  1.705489  374.288849
418  -4.737522   0.776553  176.872803  0.159308  1.807306      36.256504    429.578430  236.025024   9.844296  1.363064  328.884918
419  15.300401  -2.764666  162.658356  0.110931  2.234523      25.286203    572.101562  109.762131   5.557949  0.478655  301.851959
420 -13.243530  -6.610057  155.725906  0.118988  3.529329      44.219711    661.674561  137.337860   6.116524  1.820836  307.412354
421   0.957610   6.569082  160.154007  0.118005  3.297928       9.580463    743.346863  152.551285   5.361320  0.854689  332.957947
422 -13.343539   2.748140  167.429565  0.136227  3.316311       9.769575    725.440552  150.282562   7.365932  1.741035  374.589142
423   4.460430  34.216072  177.013474  0.294348  4.686466      43.562801    446.519653  203.223190   6.289979  1.705779  263.559601
424 -16.228121 -14.709784  180.126083  0.192402  2.862698      24.382942    407.377228  146.111084   8.535404  1.122535  394.100616
425   3.161418  -3.472164  169.074677  0.104845  3.337751      22.469027    530.387146  211.747543  10.036180  1.292765  340.902954
426  -8.755004  -7.066365  149.993546  0.140769  1.995320      46.572269    575.113281  188.654922   7.272192  0.846656  288.743164
427 -22.374334  -5.421364  161.255630  0.145857  2.539903      21.568176    454.756744  162.296066   7.539658  0.281616  381.440369
428   2.168773   4.149855  167.983200  0.138932  1.960721       8.387838    668.804810  221.951813   5.230843  1.165874  367.139038
429 -12.201427   8.219187  159.191330  0.126491  3.040977      53.012444    596.179993  157.006958   7.899606  1.565950  288.931732
430  -7.252631  12.273858  165.971893  0.146373  3.490092      39.047016    421.348206   56.468121   8.386127  0.477207  304.741180
431 -10.442786  -0.922556  167.472748  0.115516  2.748922      17.094271    889.126892   80.265465   8.427917  1.554867  345.860901
432 -12.385416 -15.228817  164.906418  0.198941  3.076635      54.333733    918.978088   89.169617   8.226479  1.220120  257.673462
433   7.210258   5.670794  174.344330  0.216792  1.625690      17.026003    716.930969  216.919327   7.385136  1.546212  366.299042
434  21.822819   5.447475  146.151657  0.276338  2.071344      43.768135    539.057678  130.037186  11.184120  0.418400  307.578796
435  -9.416675  -7.303414  164.191330  0.166169  2.847442      24.028337    428.951141  182.595108   9.137270  0.774579  350.541687
436   1.438843  25.639297  172.494293  0.243694  3.903653      27.390461    547.526428  220.335800   7.020534  1.405143  325.120972
437  13.951259  -4.140162  155.390961  0.110090  1.513729       8.119925    573.101318  179.739517   8.345332  1.332750  392.778961
438  17.204872  26.541647  167.786911  0.296683  3.651187      44.079025    561.149963  230.393387   5.917518  1.760188  304.335266
439  -4.040938   4.400534  152.954575  0.119903  4.668485      41.841915    485.688110  -37.953316   6.665419  1.560361  309.672516
440  -3.648156  -0.378969  153.589996  0.143560  2.029197      21.921057    436.948456  134.955612   7.513355  0.941339  348.826050
441   0.593744   3.296573  154.974075  0.124135  2.200317      39.379688    523.161560  -19.757032   6.484387  0.509865  263.517944
442  -7.657765   0.666650  152.058655  0.119021  2.192322      19.705223    511.357941  246.197205   6.263193  1.307703  350.452637
443  -3.060140   6.832972  177.033630  0.155830  3.576992      37.684059    798.190552  248.711548   8.319452  0.911855  269.431091
444 -17.359549 -10.836200  155.598541  0.131952  4.196257      31.355219    447.866425  155.581802   7.499609  0.928055  338.486420
445   0.418057   6.939392  162.450714  0.113134  2.813299      31.965334    701.372253  209.395218   8.097967  1.464500  324.232605
446  -3.163312   8.279502  169.820053  0.150979  2.856415      23.560865    544.141541  188.000351   7.323780  1.205917  340.832916
447 -15.965322   0.275898  194.639664  0.150396  3.457486      22.183449    876.399658  196.514679   9.056061  1.151103  322.323334
448  -5.797621  -0.781560  158.645401  0.131029  1.322075       6.413098    778.326904  190.813660   6.400804  1.334832  357.603149
449 -27.413410   7.776877  180.220825  0.114486  3.734657      22.128353    735.389954  162.376541   7.196261  0.820990  366.479156
450   1.091734  -6.797253  169.886093  0.154088  1.955128      33.754883    498.283630  140.506622   7.610929  1.842288  333.143799
451 -19.384598   0.943719  140.927505  0.104872  3.648605      28.707203    413.957062   96.688286  10.575820  0.225709  354.385010
452   5.574146  23.923670  164.198959  0.209658  4.451091      15.388179    429.577148  132.020691   6.388436  1.835413  365.566803
453  -3.614210  10.157125  151.248840  0.117320  3.559518      15.577052    880.571716  122.495834   7.840900  0.795337  309.453857
454   9.030962  -0.747712  154.106674  0.121932  2.095545      44.719040    662.692200  142.227249   9.201060  1.235379  289.373444
455  -1.968504   0.259960  154.097549  0.154185  1.517254      13.536086    554.142883  248.364273   7.912858  1.528130  365.788025
456 -10.411948   1.019756  151.615341  0.131530  1.910464      18.225166    508.985046  193.215210   8.705200  0.477295  321.787811
457   5.865644  16.237251  153.358185  0.167786  4.032565       7.156301    755.490295   29.807823   7.679244  1.135673  349.347656
458   1.733518   0.386075  167.834381  0.136068  2.225178      29.961863    702.064697  159.112946   7.512188  1.752265  319.894867
459 -15.730389   4.160790  159.601501  0.105088  1.331000      15.900304    411.765778  119.360840   5.850030  0.505585  441.917847
460  11.371609   8.787940  180.184921  0.197568  2.061711      45.541538    402.339020  184.830048  10.416050  0.316745  297.447601
461  13.378552  20.797972  185.011688  0.254222  3.018269       6.261482    738.424683  246.107361   9.984987  1.081077  377.210266
462   5.005126  10.869895  145.929169  0.184589  3.116036      11.239034    975.712219  151.470016  10.315469  0.885443  317.802673
463  -2.356092   6.855951  150.648895  0.150261  3.176727      18.639795    620.799683  147.613434   7.479014  1.590942  349.706055
464  11.856995   1.854194  163.910461  0.181384  1.343470      25.454779    558.128906  200.556244   6.391361  0.758761  351.835907
465 -22.334249  -7.947546  166.513870  0.154196  3.368649      12.791053    971.278320  100.974442   7.611139  0.990689  352.278503
466 -20.419010  -1.263615  156.542267  0.156860  3.553117      14.941146    435.736664   97.536613   6.966893  1.044682  408.593140
467 -15.123856   4.570585  158.979996  0.118907  2.511690      12.162599    699.596741   80.614555   9.242729  1.706248  373.002502
468 -15.033168 -10.925584  177.344986  0.125413  4.467851      45.641689    810.371521  178.068069   6.447564  1.264658  283.056183
469 -13.042060   5.445286  155.686005  0.120977  3.922284      32.243073    529.532715  190.519150   9.063981  1.180673  333.482635
470 -27.146790  -0.332673  166.794495  0.104277  2.475268      26.036150    460.023010  213.009460   9.776338  0.683027  405.105042
471  -1.442201   4.067116  169.423615  0.106775  2.128315      18.943026    981.198547  249.233871   6.240820  1.120841  324.303406
472  -5.587383  13.697479  161.317566  0.112151  4.292589      27.223619    683.514526  237.557556   7.332863  0.643252  289.271881
473   1.564760   3.187136  185.630234  0.154741  2.230863      13.405031    847.682861  175.995773   7.512719  1.148011  333.139130
474 -21.190895   2.075536  182.105606  0.167513  2.689712      11.010291    702.107910  155.991959   6.539278  1.429520  389.042023
475  -3.675953   7.230918  180.404694  0.181943  2.686432      25.902201    427.911224  111.874702   8.015857  0.266921  305.488770
476 -21.442028  -2.468388  151.343628  0.154350  2.224023      50.191483    848.150330  219.648773   8.743080  0.635145  264.503204
477 -25.826881   7.114070  158.388275  0.141860  3.306792      14.463985    683.414246  173.074463   8.773498  1.713837  415.492249
478 -14.063427   0.908202  169.647812  0.125551  2.711024      17.141441    663.318298   96.965027   8.635860  1.026994  338.848877
479  -8.939990  -5.899407  192.713608  0.140466  2.174847      25.337173    404.693756  236.419937   5.961352  1.074685  359.138763
480 -18.845833  -1.542385  151.803497  0.112706  2.784191      42.250492    493.748535  122.322456   8.482566  1.601924  339.203094
481  18.451904   5.051980  164.574997  0.156629  2.701276      52.907909    451.458801  141.892899   6.903739  1.390169  316.126312
482 -23.996916  -5.398213  157.494385  0.158012  4.508905      17.836313    700.867920   44.937618   5.095817  0.825685  338.752869
483   9.956894   0.424860  168.301468  0.126001  2.119723      24.614523    482.590027   36.144676   6.920605  0.387498  297.425934
484  -9.375566  13.319685  145.932541  0.111536  2.547699      13.630978    508.964813  177.328339   7.102449  1.683241  406.307831
485  19.263784  -3.723992  169.907104  0.104062  2.116405      34.407093    569.061768  196.005844   7.987240  1.726073  343.042023
486 -24.133038  -8.317324  162.206451  0.103356  4.630744      33.338562    425.292389   41.600094   6.105666  1.418156  382.512268
487 -13.386568  16.576427  171.523148  0.178683  3.280159      40.691090    507.038116  236.981735   7.173338  0.291319  259.959900
488 -13.561063  -6.915812  182.468033  0.146327  2.168091      15.988775    482.390137  233.446655   5.223517  0.435023  341.796722
489   1.265873   9.226315  145.210419  0.166770  3.931596      11.065694    750.969910  107.432648   6.121209  1.187720  339.168671
490  -7.618527   2.077093  141.255188  0.107146  2.795753      46.956547    528.376770   23.906605   7.180562  1.539904  299.344849
491  -9.654362   7.002867  169.753891  0.110879  3.407517      33.691383    407.928040  135.991058   8.818043  0.535426  328.013031
492 -19.681232  -6.404673  164.137848  0.163478  1.931514      19.586592    886.658630  139.710251   7.793141  1.166342  359.793976
493 -15.203991  -1.522754  164.962769  0.152800  1.292391      12.801405    758.787231  110.481354   6.718537  1.115765  354.795685
494 -20.245676  -1.173906  158.404312  0.155357  2.290670      49.139580    929.457886  183.723190   7.836573  1.401646  293.007324
495 -33.473602  10.053532  144.683853  0.152774  2.527378      16.969807    986.390625  216.404373   5.854675  0.949260  424.411011
496 -16.757893  15.309635  178.597366  0.163989  4.849897      43.724728    942.209290  215.159927   8.284831  0.826732  257.047241
497  -2.535670   2.011189  192.052032  0.142309  1.860404       9.730712    789.263733   85.704605   7.482440  1.287290  351.009094
498 -28.729322  10.635298  157.487717  0.148965  1.690607      27.527887    598.526001  152.321503   5.574314  1.327799  402.476898
499   1.578976  -2.902735  135.258179  0.118600  3.667723      36.388927    652.717590  104.191864   8.292032  1.378716  300.595245
500 -33.585983  -5.646142  177.505981  0.112740  1.337710      12.021647    910.650085  198.861786   5.406922  0.824914  419.309814
501  -2.334305  -7.338805  153.560562  0.104184  3.876312      10.751687    928.287415 -205.566818   7.469315  1.660931  347.449158
502  13.410872  15.335468  147.693954  0.258452  2.892056       5.426515    843.589294  222.253357   8.826613  1.448542  374.825012
503  -9.844975  -3.090012  165.975052  0.103106  2.710400      31.702728    483.838989  100.804970   6.908306  0.534145  297.231476
504  -5.806123  13.133166  158.195770  0.122205  3.672211       8.576944    744.692078  195.372589   6.768934  0.888374  347.174194
505   3.055893  11.028459  164.987320  0.142324  3.514809      24.872639    731.968323   47.796963   6.638101  1.260259  320.405548
506   9.013070   3.340844  160.945435  0.150665  1.902347      29.327543    551.432617  205.805832  10.467109  1.428272  348.865967
507 -11.067307  -4.393201  162.888855  0.124392  4.096943      15.863099    707.106079  220.535614   5.685610  0.965417  332.053101
508 -32.954391  -1.544854  168.271301  0.118017  2.942633      67.126419    499.517944   40.762859   6.256030  0.752519  319.881592
509   4.734728  16.123241  170.083893  0.240342  2.864120      35.453930    802.262390  241.933792   8.164779  1.318023  303.691101
510  -6.235163  18.882256  140.567307  0.151958  3.709749      24.772770    555.763611 -118.735115   6.208377  0.725504  339.245453
511  17.423586   0.790772  166.969376  0.222369  1.302034      10.714808    846.487122  178.020584   6.490560  1.499317  388.082611