           lon        lat         inc      D1AU     delta  launch radius  launch speed    t factor       B1AU     gamma         vsw
0     3.608715 -11.197980  208.641907  0.113580  4.874710      25.694803    890.757385  103.530098   6.028337  0.721289  259.906067
1    -6.598328 -10.276121  198.073349  0.145703  3.600077      34.608673    456.926208   78.766991   6.548543  0.994803  321.358032
2   -11.075848 -11.582097  209.573593  0.155977  1.117884      30.886581    612.129883  205.978638  10.128290  1.006468  319.393219
3    -8.235714 -16.653616  204.350143  0.138741  3.481288      20.817354    823.368530  180.931274   7.804866  1.293138  320.360687
4     9.649279  -4.852314  219.495773  0.160558  3.836668       9.864786    488.447540  227.269821   9.263912  0.587525  348.849426
5   -20.344889 -16.240604  217.121521  0.109943  2.934641       9.071687    806.818237   61.510891   7.909841  1.687817  388.042908
6   -12.812448 -18.733641  226.026077  0.134099  3.041128      31.469099    757.768433  116.480255   7.691299  1.547113  333.382263
7   -17.614708 -17.001204  176.712555  0.160172  4.741325      10.834763    546.779541  169.071121   9.314743  1.766605  391.722260
8   -14.626149  -8.943147  175.103058  0.149802  2.413542      47.435692    450.310150   93.468674   7.396880  1.703762  324.588684
9   -14.373899 -32.397644  195.382858  0.193800  4.589921      43.036968    440.647919  220.191116   9.578278  1.456022  347.572388
10    6.428946  13.594850  191.688797  0.169384  2.939859       7.315201    683.911499  218.469666  10.361361  0.365676  292.275726
11  -10.526886 -12.571567  192.764542  0.106783  3.425163      31.640238    584.022583  240.029938  10.499039  1.669957  326.361847
12    2.497332   2.520631  209.677444  0.104918  4.120798      21.096066    538.637878  116.567169   9.270035  0.489628  284.521637
13    1.335554 -13.022870  214.792358  0.139869  2.616289      25.903515    974.731812  246.136703   8.369743  1.477700  310.002563
14  -22.157242 -14.182814  190.853058  0.172880  1.317483       9.126993    845.206055  241.098740   8.713181  1.523246  412.943451
15    1.385684   7.078599  206.424454  0.114493  3.549449      47.441151    499.562347   85.084938   9.914334  0.897879  270.724884
16    5.607613  14.720938  197.530258  0.159302  3.390323      67.706787    439.150146   98.387955  11.036032  1.713067  263.611816
17    1.853592 -20.609894  198.980194  0.198043  3.710713      17.596468    659.675232   68.239876   6.465895  1.990539  341.313873
18   -5.095708 -12.810296  197.048828  0.165046  3.092129      30.519236    595.046875  241.783463  10.171136  1.099265  317.439362
19    8.240174  19.707455  194.159714  0.197430  3.312372      15.737315    635.803833  184.414474   9.480201  0.558342  316.223846
20  -13.205148  15.618689  206.657776  0.237048  3.325017      12.365715    455.329865   36.770958   6.239934  1.846450  368.766907
21   -5.127706 -17.608042  215.293182  0.133217  4.105407       8.631949    727.220459  166.234665   7.818377  0.835995  345.336060
22  -31.857620 -26.316105  165.402512  0.239540  4.345183      71.623825    491.720886  189.918076   7.919711  1.410495  296.820892
23    9.630621 -19.641611  185.732285  0.200137  3.364474      30.187359    548.435242 -239.747833   5.468843  1.176900  311.868652
24   -0.398696 -18.832951  205.488602  0.133319  3.921311      38.258526    675.667847  104.246857   7.358298  1.813574  301.562775
25   -1.352841  -6.382067  195.346664  0.143015  2.114145       7.028688    812.590332  160.830353  10.467272  0.746130  320.933685
26    1.794355  17.012142  176.709641  0.175893  4.198310      54.312275    515.895813  143.586273   9.971663  1.366451  264.950684
27    5.057165 -22.398634  201.647476  0.188499  4.078455      13.504690    884.166382  247.260742   7.057362  1.666782  342.065582
28   -4.190775   0.702762  177.533783  0.121992  4.695760      14.263346    951.673584   78.156494   7.465016  1.672810  338.874939
29  -11.857347 -18.819494  200.775818  0.188482  2.431559      34.722046    821.816895  133.365936  10.014915  1.607442  335.596008
30   -8.283666 -22.690950  197.543915  0.215892  3.083078       6.292843    702.635010  217.749084   9.895303  0.836185  357.846649
31   -4.790350 -19.589119  206.897598  0.157050  3.590133      30.602774    561.051331  131.939758   6.948216  1.650369  328.520142
32   -0.631516  -7.901926  212.493546  0.153014  1.607628      52.565681    486.284332  112.579201   9.515127  0.876349  269.559235
33   -1.451823  -4.511898  199.497589  0.107687  1.675437      12.665915    423.516846  176.708908  12.617415  0.432862  337.656158
34  -11.234389  -2.594526  199.752426  0.178780  2.641475       8.804230    558.555908  169.798630   7.678800  0.965105  367.476257
35   -1.137825 -11.733199  199.047546  0.123854  4.510196      24.575695    533.260498  232.050232   8.277560  1.432241  334.701233
36    3.173894 -18.181934  204.812332  0.121223  4.731685      27.898447    696.227295   50.867802   9.142045  1.729624  313.394714
37   -1.748933 -17.656479  207.639053  0.150727  4.483209      25.906399    568.271118  -56.809803   6.834161  1.954261  334.217499
38  -14.990965   3.436974  211.821030  0.141490  3.779428      24.598358    650.415344  -42.876236   8.198564  1.794141  329.543793
39  -10.267049 -18.239832  209.285065  0.119684  3.922238      43.141945    876.986328  213.163132   6.268573  1.704825  295.386200
40  -18.796522 -12.297219  190.509811  0.145878  4.357682      18.990879    473.317535  181.536652   8.649890  0.324176  347.526337
41  -19.077671 -18.013372  184.664185  0.208339  2.765636       9.520155    740.142944   89.344147   8.613185  1.269961  391.765533
42   -9.653329  14.246374  208.709000  0.145673  4.647365      25.244686    609.999695   80.799377   8.481504  1.238784  306.359344
43   -8.474913 -28.991426  188.977310  0.236849  3.808946      42.145809    683.724243  211.313416  11.498016  1.319770  294.090485
44    3.421830 -24.258638  211.959595  0.218186  3.664189      13.687963    984.961975   58.696381   8.302394  0.639062  283.133698
45   -9.606152  -6.380151  199.004410  0.122373  2.360065       6.716545    429.152222  164.196487   9.088689  1.296015  382.538788
46   -3.569351 -25.294168  190.930237  0.178367  4.780338      38.689323    537.443970  223.459824   8.396969  1.930937  304.156097
47  -16.981674 -14.760006  202.979248  0.156998  1.550369      11.985119    467.248993  101.692719   9.216761  0.306703  380.479980
48  -20.425646 -27.225393  204.099335  0.197793  2.516433      26.688560    705.171143  193.062210   6.355365  1.372781  395.185699
49   -7.219610 -10.439549  214.149765  0.136773  2.588147      23.632742    812.012634  247.078033   7.936095  1.277923  321.123749
50    4.925256 -13.565068  215.059235  0.115389  4.494965      15.216232    708.805481  206.207901   9.332024  0.851556  309.786530
51  -20.389612 -10.040281  189.509583  0.114866  2.414035       6.655132    454.407623   78.131226   8.318692  0.958286  435.307617
52  -10.934788 -23.277355  207.230026  0.163899  3.079555      36.521458    609.499573  211.563324   7.279672  1.633919  337.569550
53   12.608624  -2.407382  187.134354  0.124196  3.786265      32.933620    529.615906   57.969414   7.529181  1.282847  312.839355
54  -10.321258  -5.000588  190.730621  0.156635  4.622213       8.798994    580.422119   60.003014   7.091368  1.084660  358.911041
55   10.025287 -10.143507  214.078293  0.165443  3.191257      18.849350    700.806824  183.475937   7.765924  1.683432  342.685120
56  -15.573915  -2.615577  215.264328  0.137601  4.696565      10.616467    826.612305  147.483444   7.855564  1.667145  366.343658
57   -0.851754 -13.514006  218.744431  0.137204  2.329909      15.581519    749.558411   59.029640   7.195473  1.052837  322.640839
58    8.239469 -12.722620  206.952637  0.140535  4.184443       7.715000    561.843933 -146.689148   6.711271  1.108002  351.555756
59    0.686774 -30.439184  203.168640  0.212456  4.732364      32.459469    489.761078  239.814163   8.208463  1.900272  318.671844
60   -5.508589   4.923942  212.350922  0.120760  4.695727      30.240400    748.708252  231.750320   7.745449  0.703959  269.001862
61  -12.637446  -9.122445  213.681671  0.112846  2.013808      32.197750    898.239380  154.255417  10.497235  1.157622  302.915405
62   -0.767608  -4.104294  209.671982  0.102452  3.142762      15.799318    719.832581  219.687531  10.332501  1.661244  337.829376
63    1.888090  -0.383981  183.922653  0.147600  4.038714      30.103544    744.010864  217.067856   9.490405  1.507051  315.151459
64  -15.138355   1.120197  180.571152  0.119566  1.660970      48.060993    652.217712  -27.096249   8.322257  1.668488  296.108795
65  -11.202250 -15.202155  208.917435  0.125513  3.782397      18.618248    834.626343  185.766220   9.130055  1.565168  349.754211
66    9.068131  19.681509  204.853683  0.125155  4.751070      10.868373    706.201843  206.050354   6.033715  1.931252  367.812073
67    3.146267   4.439252  206.436691  0.153932  1.391253      26.312738    515.572693  126.759262   8.275479  1.046106  318.369812
68    1.060904 -22.126614  216.136047  0.203007  3.043631      58.123497    715.919739  119.375069   7.205318  1.696054  278.090179
69    6.026548 -21.349981  214.508926  0.195607  3.558625      16.160791    879.204895  140.010681   7.823175  1.005000  308.383331
70    7.119441  -3.402869  219.484024  0.110660  2.414544      25.396358    831.611206  112.435265   6.020556  0.843933  287.111816
71   -8.946064  12.581007  186.354828  0.174045  3.388573      25.230555    646.704773   38.065380   5.213964  1.700485  335.026611
72  -25.837709 -17.142412  191.219131  0.131191  2.626735      19.589384    739.887634  244.511093   9.608926  1.874405  408.234589
73   12.603194   8.079586  200.605209  0.119699  2.283851      17.717531    751.240295  144.232971   6.240142  1.990082  364.021454
74   -7.249685 -27.148420  201.555115  0.185128  4.295779      28.136694    584.940369  247.803207   9.343122  1.169790  322.875183
75  -18.639727 -15.695128  196.343185  0.118211  3.319209      36.563885    846.613098  115.454941   6.044782  0.549537  261.982819
76    3.893327 -10.509249  196.372070  0.120825  4.378295      18.380556    674.078857   57.809586   7.087742  1.633929  328.310272
77    0.611117  -4.813390  209.895462  0.141603  2.000684      11.584432    435.490265  236.073944   9.269313  0.287072  320.730164
78   -7.453282  -0.400176  208.561569  0.122464  2.263615       8.156929    719.922302  154.922562   9.367704  1.196437  338.065033
79    9.408585 -18.755762  225.748322  0.205472  3.480578      29.961971    716.521301  214.276535   7.129268  1.882741  323.573334
80    8.479100  -4.271954  188.705978  0.114828  4.231592      24.005526    809.783691  191.683807   7.780475  0.794925  284.083557
81   -5.816494 -16.150011  195.388184  0.133098  3.493762      40.383217    511.789185  168.191116   8.434282  1.759032  319.097290
82    5.354967 -13.165922  196.891586  0.139318  4.370132      20.939425    608.408203  203.024307   8.230334  0.597534  270.784729
83   -1.689157 -12.632657  204.117340  0.114363  3.616894       9.779709    706.858765  157.143463   7.385509  1.953961  359.333527
84   -9.016015   5.926697  185.418671  0.163973  4.220389      27.859161    543.277588    3.444093  10.148820  0.712463  303.777771
85   -3.467072 -18.631231  202.468781  0.143574  3.911171      52.279369    723.795959  213.096283   7.404510  1.410752  268.858765
86   -0.398840  -8.339918  181.083817  0.113256  4.632539      22.468481    624.573425  134.244858   8.939097  0.999382  320.081085
87  -16.768959  11.282030  181.798203  0.131018  4.511458      37.123779    472.566956  243.151428   9.018234  1.020567  322.079346
88    2.415142  10.482323  208.541931  0.114977  3.525372      32.480419    945.127808  178.407333   7.767379  1.294526  298.011688
89   13.753827   6.173769  192.504578  0.116655  2.621789      25.498449    538.899780  213.207397   7.969268  0.603631  319.063171
90    4.518610 -15.185373  181.904297  0.162405  4.840595      36.171165    576.945740   -8.772531   7.863279  1.874939  314.656799
91   -4.071824   5.493775  204.297531  0.127538  3.396556      27.384914    725.769775  152.026871   6.890339  1.546324  315.733551
92  -12.978762  -1.297494  201.012283  0.128240  4.835641      11.887173    807.866333  126.782433   7.418340  1.666213  347.155121
93   -7.293736 -12.015783  200.348450  0.121182  3.624090      11.736751    488.938232  207.330795   6.830698  1.396320  370.717865
94   -8.129660 -23.299038  193.862000  0.207917  3.143217      22.254084    653.631531  134.642654  10.038191  1.342052  343.760895
95   11.703210  -5.695747  226.424011  0.136926  3.898674      17.157009    457.169525  230.964661   7.026842  1.114754  337.600067
96    3.115346 -13.144527  203.079453  0.112123  4.401220       6.586097    741.365967  189.400375   8.036277  1.487212  347.145477
97   -3.654286 -13.372600  194.867905  0.178612  4.046159       9.087099    551.021912   66.169411   9.743881  1.664642  374.823303
98   -6.661631  -6.160524  202.104523  0.128531  3.226843       7.764513    561.827087  134.863556  10.912491  1.508594  375.683105
99   -5.533761 -19.665709  204.792908  0.176390  2.807364       7.927099    878.279236   94.749016   9.207044  0.597310  309.004730
100 -17.569813   0.821362  188.372513  0.108539  4.296756      49.282452    464.085999   81.073372   7.708836  0.863905  298.391876
101  -5.510103  -4.622241  169.318909  0.101455  1.860997      50.633167    848.795105  221.319580   9.055442  1.482209  272.733978
102 -20.313009 -17.567059  186.134064  0.134352  3.792458      15.795335    555.015686  143.458298   9.649075  0.425777  332.648224
103 -16.530987  -9.736775  198.226059  0.139039  2.529211      16.357313    714.148804  183.441360   9.005774  0.610831  310.981812
104 -13.200521 -25.583969  197.307144  0.185097  3.330993      26.423264    448.864014  210.077377   7.555854  1.521652  384.937073
105  -0.889785 -10.329307  188.126282  0.135946  3.652538      26.522074    656.364868  164.881821   6.596213  1.096381  307.502411
106   1.819977   3.831750  213.822830  0.134450  4.386014      55.854630    627.163086  121.903366   6.175499  1.722640  271.713715
107 -27.047239 -10.652709  204.855225  0.130445  2.932929      50.692730    642.530823  221.204544   9.473946  1.091028  314.825165
108  12.201833 -18.553446  196.689255  0.142023  4.692807      15.905630    596.439026   50.506401   6.758849  1.951036  340.030884
109 -17.874594 -16.339842  202.113235  0.153412  3.152174      34.563065    578.420654  157.640106   6.934430  1.972444  359.115662
110   3.791363  -1.180664  222.779648  0.133458  1.479196      10.457783    602.035400  242.672638  11.480161  0.400407  291.930359
111  -4.661911   7.933299  185.976700  0.130656  3.880291      35.780357    560.869934  183.398590   9.230751  1.479081  307.847778
112  -3.107706 -13.612961  199.914368  0.143646  4.168653      45.929806    569.663574  137.338699   9.026978  0.670731  253.081131
113   5.963404 -15.003558  184.934570  0.110548  4.368543      24.192402    469.628326   93.188194   7.944327  1.034461  317.406219
114  -5.633232 -13.151415  204.202820  0.138028  2.197330      54.261444    483.187775  193.190643  10.066858  1.869364  292.771729
115   5.556364 -21.396006  196.050446  0.186832  4.519402      30.921207    903.064880   65.457275   6.794128  1.403596  289.197418
116  -3.931846 -26.000971  203.117859  0.209305  3.546052       5.852709    441.209595   88.766937  11.520103  0.426510  398.594757
117  12.035885  -6.197426  199.342789  0.139573  3.603106      17.168850    614.100952  170.763428   9.717513  1.029706  339.281097
118 -13.810760  -8.955845  185.287308  0.122016  2.414399      11.513173    683.936584   74.751137  11.946889  0.992724  351.070984
119  -0.534832 -13.227530  207.766632  0.180052  2.535139      13.103171    882.499146  -12.945656   5.775861  1.403680  346.011261
120  12.398168  17.187983  205.072601  0.126125  3.601214      46.057930    935.110535  126.148766   6.524859  0.893797  266.859802
121   1.019661 -34.656639  210.910950  0.261375  3.766565      10.461205    576.822021  175.114716   6.541480  1.029094  361.265015
122  -5.481013 -24.286999  221.052704  0.182929  3.407472      24.806919    505.369598  244.680634   7.085039  0.639537  336.015656
123  -9.203574  -8.588476  193.906784  0.103984  1.342857      55.784851    447.478424  184.174530   8.642681  1.427395  292.729126
124 -14.407133   1.602728  186.698181  0.126533  4.115463      44.209137    640.116516  -40.233734   6.186160  1.491459  293.686554
125  -4.135437  -8.679740  190.012650  0.125211  4.786334      20.183485    428.998810  173.434814  10.478150  1.969907  367.174316
126  12.007717 -18.436228  197.763046  0.145117  4.617390      19.685366    471.470215  156.519958   6.957921  1.976361  346.555054
127 -16.609110 -30.503464  199.631866  0.178511  4.065724      44.771805    525.816711  155.929077   9.084314  1.870165  352.157196
128  22.927896 -13.059707  184.027740  0.129183  4.021675      37.048328    432.153625  -34.048668   7.423652  1.086682  336.430115
129  -2.263152   4.193398  201.761490  0.144634  1.984891      14.705082    481.752136  176.734085   9.066659  1.955085  378.424683
130 -18.489346 -18.169125  198.318481  0.172672  2.541453      14.915879    698.783447   31.422365   6.081235  1.549633  384.892212
131 -10.242180 -20.593801  201.340500  0.143208  3.381546      35.631866    864.098145   12.022400   7.867645  1.582857  327.699249
132  -4.925830  -4.979649  190.000885  0.117429  3.913445      21.470016    416.979950  -44.561581   7.232687  1.129700  359.604675
133  -6.568871 -12.907074  188.707764  0.156635  2.986927      16.077662    605.615845    4.150975   8.031465  0.725883  328.645691
134  -1.953909 -22.764778  208.499039  0.143575  4.643875      16.103523    607.224854  137.675735   9.025402  0.321860  254.970718
135  -5.365198 -10.123363  203.410507  0.104191  3.021515      22.983910    721.947266   63.541973  10.445704  0.606808  283.954620
136  -0.659671  -2.405321  199.741913  0.122576  2.624106      27.944599    837.409729  105.968117   5.859769  1.640535  314.993774
137  -8.310436 -17.590715  219.507309  0.137280  4.112028      16.410385    783.186829  124.885490   7.070951  1.255848  342.792847
138   0.890911  18.068501  193.225784  0.159876  4.512629      22.914839    485.569122  129.755768   9.276095  1.672500  336.012909
139   1.817417  -1.967253  199.542313  0.100730  4.855991      10.776398    763.336121  182.588303   9.308264  1.121063  333.818817
140   1.018549 -18.380877  195.414703  0.147834  4.066638      40.203053    831.983887  162.384476   6.781699  1.624622  282.727661
141 -25.749846 -16.481327  192.378494  0.185009  1.388612      43.806755    457.193390  182.027664   9.123477  1.293505  383.787964
142  -9.591945 -11.099736  214.875519  0.113631  2.582824      22.935619    595.808838  234.815414   9.858137  1.076628  321.096130
143  -5.279101 -10.740186  198.614517  0.115142  2.785260      11.455351    543.169067   92.055061   9.551891  1.042149  346.619415
144   5.315418  -4.369790  199.513046  0.107808  1.989688       8.824530    554.725586  193.710541   9.433540  1.380704  370.271515
145 -25.416903 -18.016571  199.854614  0.145341  3.491606       5.612041    620.140564  152.074844   9.432519  0.387277  366.013977
146   4.397067  -1.489042  196.638641  0.133974  2.506344      33.827110    727.364929   65.783257   8.265298  1.594569  304.335541
147   7.424946 -13.426082  214.514145  0.134520  3.641477      32.558868    534.218689  227.209229  10.501376  1.719126  320.688721
148 -11.493665 -15.559253  189.042099  0.105786  4.977018      25.843864    678.193359  207.280136   9.626238  0.672052  290.248901
149 -15.370745 -21.682497  211.096848  0.135183  3.599073      31.522945    429.066254  204.769516   7.032413  0.348564  336.948608
150   5.034887  19.749338  203.691605  0.177711  3.826404       6.299727    946.195129  179.887360   9.843506  1.698125  359.498138
151   2.684993  -7.029263  198.063232  0.142054  1.930824       7.461734    568.564026   36.052841   9.923007  0.376750  309.507782
152 -18.443897  -0.875012  218.184509  0.136190  3.882102      59.583988    498.340759   35.251743   7.116280  1.506828  265.581116
153 -21.724148  -4.065144  175.394806  0.121308  4.501064       6.050770    619.642944  219.909698  11.996137  1.008782  394.127167
154  -1.645016 -18.339605  217.952026  0.159442  2.678210      52.200367    735.026062  132.378891   7.861461  1.186333  260.630219
155 -13.877665  -5.268404  220.466995  0.163366  4.879898      18.645313    596.374695  133.300537   6.994427  1.163222  344.668121
156  -2.506675 -11.883297  207.015091  0.209748  1.481614      17.011211    744.460571   84.742752   8.320124  1.262536  351.936890
157   4.176411  -9.380729  208.665878  0.182277  2.310664      11.951853    520.992004  194.300797   8.207429  1.013612  351.060120
158 -21.271730 -12.645481  216.787140  0.105308  3.020741      14.967682    551.091858  151.760651   7.631361  1.387756  389.424957
159  -1.103351  -7.559762  195.681168  0.151496  2.434083       8.124541    736.385254  -13.296678   9.414915  1.210923  346.366211
160  26.731825 -11.217263  194.615524  0.261569  1.776419      32.602573    677.026001  -64.239746  10.313226  0.262292  293.773224
161 -11.223069   5.058161  160.173599  0.128547  1.292437       9.985068    713.638977    1.347547   7.622121  0.809043  321.901123
162  14.317072 -14.186819  196.452209  0.166840  4.631935      15.041297    719.641663   38.591686   8.182822  1.103430  336.464233
163  -9.368093   9.795325  220.044785  0.160096  3.536022      35.041004    923.494507  228.511963   5.092007  1.136767  273.757477
164   6.918262  -5.169879  187.725754  0.106162  2.952322      35.307301    807.723572   17.387697   7.811194  1.847307  298.611908
165 -18.209118   1.421006  181.338470  0.117825  2.270175      17.123652    613.564331  -81.293915   6.621112  1.816452  372.606110
166  10.791523 -16.190725  204.075653  0.225442  2.865387      17.992893    541.754639  131.757431   8.647810  0.995957  344.871307
167   0.213143  -8.302032  211.448822  0.128699  2.585773      10.439859    731.825867  234.842209   8.737507  0.913291  319.790619
168   7.680225   1.063981  209.966949  0.121079  3.406245      43.962177    656.079285  219.216461   6.537755  1.056262  274.574615
169 -20.403969 -30.475924  171.318588  0.259314  4.041623      16.166779    974.435791  154.384232   7.748842  1.615749  340.615356
170  -5.384226   9.359428  187.599243  0.140496  3.443149      36.177139    481.078033  140.114273   6.962107  1.543607  323.442322
171 -12.008677 -13.834826  206.215637  0.119504  2.688935      13.690173    741.143982  246.473099   8.114747  0.688640  317.123840
172  -7.284870  12.455940  162.617493  0.162070  2.894472      20.878786    738.796692 -154.122574   7.932827  1.699336  333.809265
173  -7.063148 -25.207466  204.571960  0.152564  4.057223      41.566769    730.600952  174.580734   7.716258  0.617216  251.586365
174  -4.911728 -18.666615  177.754135  0.148399  3.828181      40.415874    823.133362  180.139771   8.292738  0.850292  259.741882
175   2.851514  -9.709020  204.236832  0.143184  2.539139      18.647268    481.948608  129.198654  10.004936  0.706825  340.671936
176 -10.717471 -23.895857  193.690369  0.200278  3.493875      61.231647    432.511658  202.196442   8.022991  1.631859  291.949890
177  -2.651929   5.435543  211.903275  0.142146  3.022578      39.734383    428.671417  172.052216   7.523696  0.785372  300.171387
178 -11.437157  -9.347117  195.948196  0.135834  2.359085      18.039295    719.450012  202.839417   8.839904  1.462282  336.124207
179  -7.453514 -15.671002  206.797440  0.106910  3.084162      41.556568    616.054260  223.456802   9.453680  1.291507  297.890442
180  -7.986361  -9.425026  190.844543  0.144596  2.280117      36.363651    739.691284  -37.549973   8.174625  1.185832  289.512451
181  21.871723  -6.248838  212.816864  0.144359  4.366888      18.759830    421.883575   75.066078   6.712118  0.205014  344.672821
182  -7.797420 -20.074583  208.494736  0.157565  2.742328      36.526997    519.800415  226.841873   8.482183  1.921319  335.098389
183  -9.532130 -16.304701  199.218964  0.172300  2.674168      28.347961    407.625458  126.292465   8.505655  1.187502  373.930786
184 -10.908254 -21.780575  201.754181  0.179495  3.252919       8.659923    594.845642  210.690674   7.891465  1.360844  375.631409
185 -11.110746 -32.402378  191.533127  0.204875  4.919987      31.337667    755.599182  240.077652   8.675038  1.462612  310.461334
186  18.913536  -1.609088  203.953766  0.149770  3.248695      36.114326    758.471497  204.401703   9.257702  1.078186  306.086273
187  -2.893219  -3.479217  214.002396  0.134376  2.412108       9.003632    821.862915  196.346252   7.755485  0.848850  315.988159
188 -11.150261 -19.698799  202.233749  0.110380  4.781152      12.590456    522.501099  202.669769   7.824520  1.048104  366.539185
189  -2.763921 -14.567327  197.348969  0.151116  3.183356      20.281761    617.115479  -15.108412   8.196937  0.753993  294.497742
190 -17.111277  -8.624174  182.722229  0.131353  4.307214      11.016289    622.381897  155.038376   5.606861  1.905035  367.699249
191 -15.537726 -18.777020  195.510040  0.160322  3.777329       6.618426    925.472290   35.243328   7.631022  0.822962  332.004425
192  -5.488058 -24.964849  208.606720  0.185646  3.311463       9.069524    437.180695   81.262932   7.270748  1.152367  431.385925
193   5.690929   5.743437  186.705322  0.132876  2.219822       9.084537    771.605530   19.652218   6.497171  1.372153  363.411163
194 -10.936856 -13.019389  191.237335  0.147469  2.013480       5.782588    705.772583   89.775085   9.055072  1.946324  388.822662
195  -3.176472  -7.714921  197.342606  0.116812  4.585254      39.866657    605.744812  139.408356   6.726670  1.857056  303.597046
196  -1.870965  -8.929409  199.101746  0.135300  2.377715      20.175711    797.328186   88.350067  10.838300  1.521314  324.751648
197   6.110260   5.852240  202.109344  0.147557  2.265223      13.180726    619.316467  202.010651   6.170109  0.885541  329.288269
198   8.218851 -10.338969  214.401978  0.130308  3.871191      46.956627    546.687134  246.171783   6.380684  1.572395  275.905090
199  -9.836815   4.064438  197.739273  0.176704  4.378262      15.620979    456.752777  247.042404  10.470351  0.335405  328.173828
200   4.504086  -3.542567  205.176300  0.113872  3.270923       8.888322    477.129059   58.431831   8.056890  0.999241  353.101532
201   3.836212  -4.100144  215.473297  0.118556  4.512983      39.526340    598.376465  -84.705002   7.480036  1.613449  303.501343
202  -1.355487  -6.954745  217.307861  0.122375  1.389862      30.812740    466.253448   29.536938   8.750022  1.638763  329.116272
203 -13.851591 -23.063650  222.662613  0.167072  1.985989       7.336193    854.641541  169.757355   7.779323  1.649578  405.469452
204 -22.028923  -0.828263  216.010483  0.132631  4.155789       5.330330    873.135010  168.622940  10.468915  1.766540  369.749664
205 -20.053368 -12.453257  216.664673  0.123043  2.112670      24.186844    517.430420  -29.391787   7.675219  1.379937  366.069763
206  -5.836195  -7.342852  222.794144  0.109451  2.468778      22.290573    574.607971   26.128889   7.074017  0.739780  293.955475
207  -7.445511   5.857288  201.639221  0.127115  4.633580      30.850161    727.513611  220.957443   6.798386  1.130705  280.684448
208   7.278731  -3.496370  208.411285  0.124318  2.443943      44.139194    585.346619  231.459808   7.301384  1.479283  287.953766
209  -4.667439 -29.526243  213.999161  0.174644  4.500990      41.942368    909.341492  183.937637   8.441528  1.766732  316.282532
210   4.415029 -17.601097  223.528320  0.175834  3.185500      36.677353    754.265381  198.218643   5.512131  1.575444  297.303375
211  -6.698144 -19.839426  203.453369  0.170924  4.117104      28.283667    627.657410  225.690628   7.626019  0.542851  279.479828
212  11.588919  13.354527  216.781250  0.114634  4.771989      20.458235    531.801636  240.252213   8.491999  0.994203  362.391968
213  11.074647  19.262833  210.963150  0.283209  1.498330      20.790598    777.022522  111.102905  12.350923  0.255464  271.711517
214   2.059050   3.553570  207.516449  0.113454  2.131908      32.706917    423.086243  124.971497  11.657395  1.891223  338.014526
215 -10.600272  -8.035987  182.709930  0.116004  3.307336      19.095261    861.737366  200.585907   8.832273  1.372874  319.751404
216  13.841320 -11.361618  210.955246  0.183464  2.949649      10.357864    495.943878  178.492050   5.985942  1.345960  366.600769
217 -13.403410  -4.258351  186.109146  0.117322  2.665926      47.288013    588.898254  -37.440540   6.206403  1.410937  285.075562
218   6.642854  11.712452  202.983154  0.123330  4.527286       9.351916    619.534363   98.199959   6.977416  1.667041  371.866547
219 -20.849342  -6.671868  197.791870  0.133881  1.861358       9.639249    690.465088  196.396393   7.266056  1.397270  376.522705
220   1.622071  13.145111  180.349640  0.162028  3.357265      11.889376    829.051819   46.420284   7.691169  1.790637  353.464783
221  10.916890  -3.117820  185.458603  0.124817  1.660672      24.407101    821.414246  210.315369   7.333031  0.537871  262.452484
222 -17.944031 -14.635123  204.703201  0.101176  4.205725      31.881550    939.902039   75.183258   9.635410  1.178414  317.168091
223   5.077931 -10.352547  199.062210  0.137991  3.518308      20.287603    506.976807  138.997650   7.268252  1.588539  342.943024
224   3.973309   8.967031  202.331314  0.122415  2.863636      31.115475    812.212891  132.223373   6.597864  0.835876  285.607208
225  -1.313247 -12.995596  213.327911  0.143813  2.311793      34.950108    497.444061  141.269760   8.608644  1.169968  310.001038
226  -8.182656 -22.241581  210.229736  0.145322  4.443209       6.658748    558.203674  169.790970   9.935485  1.615682  396.304169
227 -12.815331  -6.742581  202.931992  0.139548  3.684589      18.647278    839.593933  239.510406   6.744740  1.912486  351.837219
228 -23.233494 -20.096611  196.299301  0.153466  3.438244      42.356640    437.023010  180.916412  10.669891  1.095111  375.537781
229 -12.193301   5.610620  190.338837  0.135527  3.404025      32.697227    924.908752  168.670853   9.130599  0.723186  267.993225
230   5.803678 -28.309891  217.699371  0.207741  4.480689      14.720493    451.626251   79.285439   7.750078  1.925134  359.167816
231  -8.854428 -23.025185  204.996872  0.170124  3.573506      20.410036    815.201904  233.783463   8.109039  1.270616  344.451019
232 -10.580035 -13.765317  206.175308  0.156043  1.710123      37.209003    602.662476  243.469788   8.917213  0.420429  256.901672
233 -15.031068  -2.242795  170.702209  0.114838  4.686874      18.802895    483.893860   17.703650   8.402425  1.034027  355.069855
234  -8.775500 -40.929653  212.102737  0.259135  4.110459      18.076305    509.510559  173.717865   7.852142  0.429857  373.907043
235  13.380721 -20.698406  209.291534  0.182301  4.474254      45.134140    429.117035   48.537201   7.472294  0.850905  262.819855
236   2.595217  -3.270326  194.505447  0.102627  4.169459      22.482246    523.002563  134.159927   8.951089  1.689305  336.805145
237  -4.094088  -5.474555  193.747971  0.114975  2.748775       7.257727    680.368896   95.976578   6.793394  0.784185  338.007874
238  -7.312514 -14.435714  206.321732  0.188661  1.693653       8.306347    855.370544  167.549957  11.612100  0.629637  320.540314
239  -2.534332   6.383804  178.139359  0.110401  2.874515      19.083508    405.237244  248.513626   8.959015  0.617136  360.577637
240   3.014511 -15.801389  201.150909  0.136656  3.577714      31.094570    743.557434  189.296188   8.353775  0.909281  278.995483
241  -0.164755   4.845893  220.581009  0.135227  3.028329      43.410915    415.212036  183.679596   7.252439  1.517553  309.670593
242  18.390574   5.469315  188.722977  0.140774  2.486920       9.867968    937.223145  153.260925   5.747644  1.297976  363.593292
243 -20.552544   3.079390  176.477554  0.118344  3.255986       7.552927    527.450378  106.800713   9.333300  1.288884  408.633026
244  -1.118972 -27.210468  218.555756  0.269144  2.272045      41.395416    822.105896  204.748154   7.373727  1.927526  346.812103
245   8.123656   8.699507  215.755585  0.111588  2.302226      10.351720    429.022919  115.918343   7.953028  1.298971  390.428925
246  -4.365839 -34.013313  204.712875  0.237512  4.005003      24.340284    638.947632  228.862183   7.009418  1.566550  335.603027
247 -29.139048 -22.319973  195.628998  0.174837  2.360878      47.371262    539.368713  168.879654   9.920430  1.634952  402.016693
248   2.658882  -6.508112  184.925110  0.122118  3.160096      34.401680    697.905090  -67.458755   8.056289  1.478518  296.052856
249  -8.658336 -16.104271  195.257187  0.138708  4.023847      14.490739    602.012939  163.944717   8.276751  1.791313  363.231903
250 -15.045793 -15.946025  210.371307  0.159295  2.354853      13.225362    616.281006  247.507004   8.200997  1.631573  386.599487
251  -0.731619   9.733447  185.943619  0.124149  4.757792      22.848789    903.529602  166.960281   8.709054  1.380412  306.895447
252 -10.267480  -8.246745  203.603424  0.120946  4.779030      20.497871    860.887329  185.293411   8.818417  1.506453  323.028076
253  -2.127121 -19.785074  217.909683  0.125904  4.200012      34.968113    853.688171   34.616589   5.959248  0.771132  271.945770
254  22.792959   7.564359  179.602112  0.185218  1.889479      55.572014    714.166992  188.179199  10.200257  1.264156  317.364807
255   3.939332  15.899460  209.351486  0.137026  4.017138      25.059622    830.499390   36.689526   5.826159  0.920374  290.163696
256 -18.050491 -14.080748  185.334106  0.145956  2.872378      10.225199    627.011780  165.239838   9.339688  1.378940  367.597443
257 -13.499822 -12.988044  203.668854  0.182652  1.052980       7.681850    612.863953   51.120667   9.025865  1.746210  395.072296
258  -2.317461  13.175816  185.235703  0.142857  3.960220      25.738239    654.109680  191.670914   8.481585  1.163626  312.816833
259 -17.384354   0.550604  212.200775  0.147116  3.220630      24.744560    534.245239  183.882217   7.720803  0.288519  269.639557
260  13.733314  15.135067  212.935013  0.151174  2.887990       6.760326    720.692200  242.896439   6.455146  1.962295  405.418793
261  -3.671198 -38.852901  223.557648  0.261852  3.199911      67.288979    434.558380  212.114426   5.778462  0.450067  288.027069
262 -27.861876  -1.965315  181.555328  0.125102  1.944320      30.378237    654.900146   -0.906137   7.293068  0.384197  300.460785
263  -3.837357 -15.887635  206.751984  0.128797  4.195328      21.740911    435.824371  220.730484   9.523909  1.175310  352.055511
264  -0.947006  21.434702  207.277084  0.209896  4.340743      29.234566    546.226990  178.637558   6.562982  0.868450  303.292053
265  -7.267141 -17.427942  207.153351  0.202035  2.008088      26.137135    644.214417  232.294769   8.673263  1.983462  356.852844
266  -7.929358 -18.028076  189.413467  0.151735  3.564983      23.386772    761.706848  120.422119   8.596742  1.236995  318.462646
267   3.755885  -5.660593  212.178238  0.154253  3.081830      14.309282    463.362061  183.719345   8.166576  1.329812  361.449646
268  -5.776809   8.266812  176.835953  0.133924  3.066502      45.134750    469.051392  191.588272   9.988070  0.875942  294.659546
269  -1.816305 -16.642698  197.273529  0.165901  2.958985      30.176174    544.702576  109.172958   6.934148  0.609125  298.695251
270  -7.198579 -14.909726  208.291763  0.116411  3.236097      12.348028    763.158752   74.624298   7.566298  1.305654  349.739380
271  -7.110006 -12.219694  186.321152  0.158377  3.814557      10.375308    540.526794  187.079086   8.091299  1.929478  376.515717
272  -0.560898  -1.031335  207.716003  0.117654  3.983183       6.881991    786.260681  229.369751   8.614744  1.643498  344.949951
273  -0.689098  -9.274898  179.261932  0.147425  3.311198      35.494274    516.655701    2.261613   8.299785  0.818702  287.243744
274  -0.897307  -7.553205  203.562683  0.121203  2.447959      13.129638    803.551086   19.704309   6.993170  1.598826  351.818634
275 -13.795773 -11.781473  179.196213  0.138912  3.523925      20.335550    743.567139  185.357254   7.984965  0.904245  321.679138
276 -16.726906 -27.802513  193.300156  0.181579  4.354079       7.566427    809.637268  217.292740   9.442579  1.757013  399.597809
277  11.691322  15.647029  187.833542  0.183673  3.087745      21.917885    945.305054  137.976288   8.858544  0.438429  258.870331
278  -4.032350  -6.533513  232.552536  0.155976  1.056980      21.102396    638.864990  241.064194   8.516939  1.500697  341.812866
279   1.191094   3.722413  211.310928  0.132615  1.783046      43.488213    533.876648  100.178513   8.634300  1.428359  306.224182
280   8.434875  13.805342  211.639481  0.133046  4.165662      52.027699    834.165588  223.622177   7.052606  1.091421  266.954163
281   2.523862   4.169755  188.983597  0.109104  3.210184       6.736886    447.597321  137.108612   7.866055  1.650390  380.030212
282  -3.865588 -26.530340  206.102158  0.228694  2.912270      22.805933    452.409515  189.063782   7.723832  1.059001  368.340485
283  17.299294  -1.490531  211.821671  0.147547  3.091786      24.694914    852.699768  173.140747   9.475256  1.519954  336.268860
284   6.277172  -9.517515  206.137756  0.167033  3.615314       6.091580    601.283325  157.877075   8.535653  1.727852  372.351227
285  12.318225  13.338606  201.854111  0.140611  2.746495      11.460647    690.914001  139.426315   8.568148  1.562721  380.711670
286  -1.182549   4.896437  194.443726  0.167375  2.022401      11.551592    522.272705  217.455627  11.492249  1.649150  382.457550
287 -12.033688 -10.853861  191.910217  0.113922  3.479570      41.555130    607.810242  -53.751415   5.899257  1.784500  298.450989
288   7.530183  -0.807073  205.579224  0.102407  3.509820      50.766823    791.675720  213.725815   8.088253  1.930745  274.383392
289 -19.658524  17.515186  205.154495  0.222576  4.142498      18.399696    923.340088   49.268055   5.923919  1.270032  302.513397
290  -4.710493  -8.324878  211.317154  0.117466  2.491913      31.818188    889.162231 -118.634666   7.336265  0.830063  271.677063
291  -6.843200 -20.153555  217.275818  0.145897  2.696118      56.117928    669.311218   75.036469   5.998828  0.966227  255.976898
292   6.498559  -4.866727  200.534439  0.106012  3.016295      21.052431    831.553284  173.065308  10.522960  1.879043  339.208923
293 -10.090571   8.326659  212.220215  0.132275  3.861328       9.973889    474.746582  156.855560  12.727856  0.417583  322.217377
294  -7.504227   0.053977  199.153809  0.110790  2.711037      22.115530    635.654053   64.175659   6.248504  1.677148  323.782898
295  -0.546832 -20.882309  205.921463  0.182403  3.687647      13.059937    550.449097  249.705185   7.808901  0.642593  326.468231
296 -19.344152  -6.385129  183.512344  0.141791  1.839522      20.780647    724.033630  249.742416   7.442184  1.906802  371.372437
297   3.151510  -6.717527  212.257996  0.135952  4.133690      30.310026    480.819946   56.346073   8.128214  1.880372  327.228394
298   4.682734  -7.748438  192.671082  0.130484  4.904525      10.607738    436.872375  176.924744   8.750044  0.341354  346.147491
299  -6.155831 -12.268012  214.774933  0.119528  3.192716      54.371250    527.155701  173.560318   9.625882  1.778624  280.134125
300  32.998142  15.864409  201.083450  0.104837  3.405981      54.869793    730.824951  232.572021   5.375227  0.472746  292.087677
301  -3.066885 -19.325279  210.922440  0.160320  3.626858      30.271284    882.186096  177.317261   7.905586  1.590884  310.671661
302 -15.817232   0.372002  199.917007  0.116182  3.467557      28.547750    785.435547   93.646370   8.039460  1.503238  311.328857
303  -2.317743  -0.996567  203.599976  0.134836  3.941026      20.133701    466.948914   62.863136   7.853847  0.788565  339.410065
304 -18.736658 -11.181194  198.422043  0.137622  1.916744      37.790237    469.579681  222.505447   7.449376  1.047798  340.557281
305 -14.089242 -20.105120  190.086853  0.124680  4.234393      13.676335    548.834045  200.760178   7.583939  0.372539  309.413605
306 -19.286732 -11.514252  209.240982  0.136126  2.891686       5.240420    429.786987  134.043961   6.831792  1.829692  434.740387
307   5.363239   0.558711  188.376511  0.109511  1.028540      45.570221    919.817627  211.047501  10.613033  1.338587  268.517120
308 -15.232271 -20.283920  209.550003  0.103506  4.686957      11.660361    987.492554  215.543121   5.818925  1.182287  352.343628
309   1.713867   1.777902  201.607712  0.107408  4.942525      18.203030    694.931030  180.479980   7.876892  1.997519  348.160461
310 -26.004213 -13.949056  184.544113  0.143244  3.739997      30.999983    463.242523  246.733383   7.340290  0.301052  349.605530
311   2.645042  -6.856339  191.725998  0.121017  2.525295      25.849485    477.405579  208.650528   7.657899  1.211531  335.881989
312  -4.320942  -9.347732  202.353683  0.161359  1.804710      31.711178    965.527100  192.025055   7.076460  1.046003  288.559814
313  12.659290   6.642707  217.967438  0.136984  3.761441      38.714485    544.047729  126.979385   9.055726  1.196864  312.164886
314   0.090887 -13.898313  221.968872  0.153441  3.258407      36.740158    847.901001  230.116379   6.483042  1.031709  280.100311
315  -4.312233  13.496575  187.089035  0.147416  4.011409      34.384396    614.789612  -12.357263   5.386599  1.731129  314.816162
316 -12.560770 -13.406713  203.034683  0.155912  3.886651      11.184362    431.352631  143.026215   8.605247  0.869944  414.647522
317  -9.144086  -6.119375  186.497009  0.114098  4.678213       8.057693    508.638000 -123.209862   9.375935  1.606038  371.204926
318 -15.833311 -27.907232  195.544205  0.235322  2.874476      21.151138    704.614014  177.985611  10.064388  1.534985  386.027344
319  -8.022584 -19.695644  197.662308  0.137033  3.902054      39.036915    518.717102  158.661377   9.368096  0.871103  292.490448
320  15.193108 -21.429829  224.176666  0.196602  4.842739       8.024323    809.593018  -28.552912   8.758628  1.339390  331.791504
321  -9.430608 -23.804203  205.243118  0.130609  4.346513       9.662656    919.984985  209.845764   8.676242  1.679475  364.791718
322   6.610624  -0.896773  197.373596  0.109436  2.123145      29.403471    503.502350   19.692537   6.771996  0.479790  264.787933
323  -4.207528  -9.980203  193.373917  0.118604  3.340277      28.179771    871.445557  152.082382   9.581755  1.049515  297.013489
324  -5.302307   0.867313  211.182281  0.139602  3.795885      42.521618    722.064575 -246.318649   6.303465  0.822249  257.724121
325   2.720871 -12.643612  193.772491  0.148048  3.858425      27.173126    983.027466  140.948944   9.169741  1.607834  306.776764
326   5.417482 -22.431974  201.329941  0.196416  4.540149      26.667694    629.557922  188.785080   8.436315  1.359221  306.872070
327   7.121723   2.309210  197.681427  0.154265  4.474669      12.352231    934.440369   27.958168   8.078408  1.571824  346.117096
328   9.777220  -0.661249  197.905228  0.145978  4.165682      10.855196    834.402588 -118.126823  10.387849  0.662927  307.243439
329   9.382975  -9.381610  205.867416  0.105782  3.784675      51.422859    903.618774  234.602081   8.776764  1.346769  252.421371
330   8.615403   2.960823  191.171829  0.167047  2.147315      12.581676    438.419678  124.196808   8.726591  1.530230  388.552979
331  -1.443088   0.910350  200.182495  0.121386  4.796170       8.708142    657.687012  218.886032   7.390819  1.130257  338.630768
332 -15.419357 -17.040087  204.735931  0.126579  2.443248      31.502787    793.845093   94.588181   6.586264  1.720163  335.271790
333  -3.909361 -19.118006  198.051331  0.137736  4.707364      49.377888    745.076294  188.491760   7.050757  1.307930  259.903473
334 -20.039265  -8.651081  195.424820  0.141266  3.951004      28.266596    702.688904  130.234634  11.544526  1.543341  349.147034
335  -9.906529 -15.450150  192.709839  0.101544  4.632525      29.401989    557.827820  143.672348   5.045692  1.681552  325.100861
336 -26.288078 -16.528852  203.017609  0.119733  1.476072      11.540651    758.409424  163.491974   7.956638  0.263011  295.756500
337 -10.128443   8.339371  190.431961  0.174882  2.503711      52.562214    977.745605   77.888489   7.604061  1.875451  272.577118
338   8.606596 -17.742857  199.436478  0.174665  4.149062      20.236862    813.745056  115.357239   7.096899  1.400155  309.982422
339 -25.564566 -29.576216  191.307510  0.240396  3.286566      39.794712    647.507202  160.461273   9.235618  1.810663  397.108063
340 -24.070129 -18.989660  188.985245  0.123658  4.573233      13.721900    612.448425  139.102921   7.542142  1.204746  386.467712
341  -9.555849   3.922421  208.103256  0.134256  4.145893      14.849161    433.392883  201.740402   9.963943  1.444209  373.233978
342   0.261273   1.438817  206.005981  0.104959  3.272549      44.732716    573.948730  247.684448   9.137860  0.896330  270.314148
343  -2.952282  -4.659261  200.215363  0.111769  2.989364      29.140188    847.024536  133.411911   9.979693  1.345447  295.209747
344  -8.813579   4.882795  195.011017  0.187551  2.165299      15.467041    441.605103   78.564751   9.390671  0.470470  370.869293
345  -4.460844  10.992586  208.972046  0.123132  4.169574      56.607681    480.643738   75.740227   7.546903  1.829439  276.866852
346   4.906726  11.908675  186.564331  0.176142  3.673746      16.501221    403.937866  160.940506   9.173511  0.482983  406.423889
347   6.959204 -17.319038  200.966553  0.161257  3.355742      42.738197    454.991455  124.840279   7.526913  1.087334  292.241547
348   6.893091  -4.279791  226.990601  0.131483  3.416461      28.287727    590.856384  217.642181   8.196926  0.586650  275.510834
349 -18.683861   3.977449  184.099564  0.109471  3.830691      31.338032    530.624939 -123.729897   6.853372  1.723830  338.238281
350  -5.019197  -4.945148  209.061142  0.103417  4.555229      12.277101    649.095459   -3.277234   7.637055  1.688816  361.130920
351  17.067242 -12.998545  208.581772  0.132874  4.881727      37.081421    572.519592   43.108864   5.586451  1.819482  304.519379
352   0.661444 -11.396735  210.983109  0.152408  3.219194      16.990452    592.275696  214.415924   9.455999  0.678761  315.938019
353 -13.993595  -0.327316  200.962601  0.131330  2.210841      48.900051    409.088074  211.174957  10.930314  1.275856  304.863678
354  -1.289003 -19.438259  206.718414  0.172194  4.411841       8.790965    546.813293  103.374115   7.913376  0.882668  352.877411
355  -5.265998 -13.814410  219.039825  0.129005  1.740825      12.285557    451.459595  178.775024   6.988530  1.775568  378.501556
356  -7.752776  -1.198071  201.528656  0.117329  1.933756      26.406147    672.829956   63.849125   7.719940  1.329510  305.356049
357   0.444557 -17.719801  196.787262  0.128720  4.361966      24.940641    677.215393  103.370476   8.680243  0.875026  295.300507
358 -17.539713  10.271570  207.035324  0.184300  4.296441       7.999793    544.073853  176.351471   8.872492  1.254338  357.678070
359 -14.007833 -14.105263  198.555603  0.112774  2.371236      21.646338    669.198669   75.790100   8.203324  1.757250  350.611328
360  -4.927056  13.761365  198.106140  0.150613  4.624541      38.739544    573.190979  138.271576   8.737050  0.954378  283.157013
361 -18.182510 -26.002876  211.379807  0.132166  3.142635      51.772430    746.687134  161.487549   6.898027  1.797444  322.164764
362 -11.833222  -4.034724  201.164108  0.124389  4.662650      16.783875    746.548279  233.803864   8.422260  0.998129  330.947632
363  -1.655189  -9.997937  203.526993  0.133676  2.384160      30.792482    494.389282  238.563660   7.743369  1.823048  326.858551
364  -2.235840 -23.810314  208.126663  0.196423  3.713484      20.588629    846.215027   53.405781   8.006654  1.497597  334.150696
365  -1.207614   1.482918  216.117172  0.120109  3.444473      34.548180    587.839661  169.823914  11.187590  1.520440  313.256317
366  -4.057981 -17.952410  217.356354  0.160479  2.513861      36.940674    436.723328  208.765472   6.831298  1.201086  345.000641
367   3.846725  -4.959654  206.509720  0.145015  3.866935      36.543053    888.965759  139.480301   7.063079  1.164331  281.622314
368   0.460310   6.170910  208.642990  0.100365  3.584381       8.854759    600.826660  190.471863   7.964324  0.807418  334.087830
369   3.898821  -1.555781  195.465637  0.109577  1.287349      24.144842    451.857391   71.739250   7.220218  0.482996  318.943848
370  -9.383045 -25.071115  197.122421  0.235593  3.005183      16.355497    688.768860  149.418427   6.887961  0.859530  337.956940
371  -5.426937   1.960354  198.330002  0.110160  3.471830      33.961327    812.933167  146.333160   5.746036  1.536795  303.338043
372   7.270436  18.571083  208.364761  0.138286  4.435676       5.153381    947.528503   45.194138   6.337176  0.760008  317.710480
373  -5.620049 -10.603284  189.254074  0.121707  3.834219      16.580868    894.780396   65.631859   8.563085  1.852721  336.607788
374 -13.012375 -23.558039  201.545349  0.191581  2.828179      63.348362    759.245911  207.602493   6.294125  1.640331  279.558868
375   0.105805  -7.254977  206.456131  0.180371  1.371123      29.146868    631.725525   26.390619   7.911627  1.722555  332.462158
376  -1.395376 -10.071496  176.047791  0.118712  3.235710      32.693947    545.936951  -23.709501   7.909405  1.017491  297.255371
377  -1.306957  -0.771555  185.164673  0.103745  3.346463      31.981647    479.636108  194.467056   9.133721  0.843518  308.322479
378   2.155596 -13.318517  164.740646  0.114450  3.154616      29.954533    442.141296  228.435898   7.111170  1.075707  328.646149
379   7.210361  -2.857294  205.309631  0.127252  4.524703      25.773535    753.033752 -107.863571   8.909756  1.605912  324.969086
380  -2.523950 -16.340014  215.610809  0.125930  4.603349      56.927010    498.464478  206.054337   8.772149  1.298187  260.762146
381  -0.556109  14.998155  198.111160  0.154451  4.821254      48.606155    968.751831  242.119919   9.151505  1.458735  254.288177
382  -8.226066 -30.534058  203.851913  0.220377  4.258160      20.788992    640.278015  161.617508   8.676418  1.949612  369.700500
383  -2.675750 -37.627731  193.831070  0.270953  4.665882      26.934732    567.464966   26.087711   6.131055  1.505994  306.887970
384 -12.392621   0.722830  193.740555  0.157540  4.134125       9.982435    786.552917  100.894722   8.013995  1.308831  358.016449
385   1.641625   9.289907  196.961227  0.112753  4.065801      40.119850    813.626587  226.133591  11.035686  1.862317  296.258484
386   9.697856  -0.786853  199.974106  0.113327  3.971465      12.702815    489.954376  174.151031   7.679543  1.791129  360.508362
387  -8.840051  -3.937871  183.844299  0.102701  3.122552      54.741219    428.919037   -3.336589   8.464679  1.460752  271.565948
388  -0.759443  -7.231597  213.584671  0.117742  3.364648      41.585438    791.262878  196.077560  11.258166  1.640819  292.088013
389   4.341838  11.846619  187.433502  0.182638  2.733884      44.942638    879.607727   13.751637   7.789737  1.761780  286.950836
390  11.083595   8.000204  209.604065  0.129118  1.744270      44.678600    478.894043  227.778534   9.354659  1.586767  322.751007
391 -12.152758  -6.798824  194.388290  0.122746  4.927672      15.146977    530.677612   21.284088   9.476579  1.748913  361.127472
392 -11.708606   7.426957  203.743622  0.141485  3.403675      33.610691    742.610474  220.377930   8.805046  1.874569  315.792816
393  -6.257723  -1.431873  200.031586  0.115361  4.818464      27.497173    627.301208  177.883896   9.729020  0.773811  280.488983
394  -0.078888 -15.471149  162.701340  0.135224  3.169551      47.729408    733.756714   89.832024   5.948784  0.953782  257.930115
395  -4.017004 -13.458850  177.967041  0.130083  3.115332       6.911472    551.623657  215.157608   8.222616  0.905331  351.798126
396   6.329453  -5.226665  223.833145  0.127830  3.881593      28.021929    541.470154  -44.125362   5.975652  1.609134  326.993134
397  14.457912   0.061276  218.210068  0.136831  2.746773      13.084302    674.492126  193.094467   8.183692  0.329347  271.937805
398 -16.969505 -28.206982  196.635635  0.236915  2.994963      24.567369    811.799744  116.722260   8.743689  1.645145  367.978912
399 -10.091585 -15.598154  205.891937  0.139745  2.560512      24.098257    913.125305   74.000641   8.817930  1.806875  342.197144
400 -14.581060   7.150646  187.387161  0.111159  3.966155      48.449802    616.534485   83.397591   7.407257  1.052602  267.325775
401  -1.279168  -3.053802  212.720215  0.112471  2.763479      25.685499    456.519348  217.156677   5.280276  0.482743  298.761230
402   9.750848   8.687387  200.610626  0.107527  4.103531      35.134430    782.190063   22.401817   7.405927  0.829236  282.409698
403  -3.554459   7.707468  199.137970  0.141045  3.484113      45.392384    733.268616   27.078495   9.468528  1.924420  287.459747
404  -3.175436 -17.216721  191.470154  0.138367  4.517328      41.049488    603.907593  237.636749  10.819854  1.994725  289.710449
405  -4.868469   6.864269  181.884918  0.129325  3.694525      51.298683    694.970032   21.936111   8.695529  1.683923  265.313171
406 -15.016030 -10.407351  189.335876  0.102308  3.629346      11.622910    433.722076  110.556129   8.110529  1.309986  399.672791
407  -5.883645  -8.228420  201.916916  0.114656  3.786135      11.169498    629.985168  147.740662   7.365287  0.700087  322.171021
408   0.879614 -14.382151  185.621414  0.165747  2.884417      50.516090    910.004822   30.088350   7.509286  1.580359  273.370667
409  -1.139017 -22.643410  187.552109  0.182158  4.405497      37.173939    611.482056  206.851715   6.217500  0.830707  265.793243
410 -17.785515 -21.830194  182.148422  0.182599  4.116608      42.539406    804.665710  219.545975   7.702364  1.853966  320.087463
411  -2.524249 -12.087740  197.091995  0.157051  1.994375      60.782497    706.007690  190.667450   7.148629  1.992235  281.347778
412  -4.963201 -20.175728  201.177612  0.183008  3.418940      18.404959    848.095032  218.097748   9.599722  1.496054  340.632385
413   1.566430   0.343542  208.918564  0.128340  1.418865       9.801743    944.724731  239.843918   8.998024  0.689236  291.837952
414  10.891448  11.361254  199.778030  0.128996  3.632613      40.385204    593.573914  190.395065   8.389183  0.957409  292.172516
415 -26.812269 -18.640373  206.069427  0.113231  2.303593      10.899156    680.803162  193.258209   6.935152  1.644770  412.612915
416  -3.059672  -3.242054  213.800003  0.129125  3.828890      14.768689    440.368225  173.068146   9.054514  0.565939  328.686798
417  -7.150302 -12.935696  194.148117  0.128755  3.329279      34.379135    752.272522  213.131531   7.931989  0.830535  265.989136
418   6.783567 -10.979102  220.974869  0.154318  3.370166      34.711376    637.989075  187.869492   9.085165  1.029947  292.607147
419  -3.894703   1.704267  220.083801  0.125265  3.007207      37.139301    590.291626  157.304886   9.293357  1.211207  293.916321
420   0.586336   6.566437  199.864716  0.151596  3.416659       7.928821    988.419067   71.462593  10.492630  1.720945  361.683716
421  -6.028129 -10.951394  197.642212  0.124405  4.946939      56.660564    683.361755  -24.029108   7.166848  1.822353  272.340942
422   6.755774 -10.321014  197.436447  0.148208  2.303584      48.062874    544.612244  -89.414574   8.996195  1.067859  273.617401
423  -9.260583  17.623091  209.700882  0.245095  3.210833      13.100319    473.127563  161.565292  11.639771  0.642629  343.651611
424   6.897614 -14.434706  210.393784  0.158633  3.267293      11.012421    731.810059  220.937683   8.945041  0.633560  302.255981
425   2.997750  -4.532279  196.000702  0.117653  3.881604      40.754173    608.726074  115.786247   8.326827  1.741801  301.886993
426  -4.439985 -16.972042  195.271881  0.145187  4.485226      46.476002    691.450867  232.824112   7.211090  1.822618  281.345825
427 -15.331915 -19.475313  197.302658  0.147121  2.717458      22.689198    707.592163  243.575714   8.991010  0.399865  277.413300
428   8.748373   0.672098  184.407623  0.114849  4.855619       8.995458    700.121399  218.005447   6.702944  1.721079  372.919373
429  -3.079107 -10.757350  191.703751  0.130097  4.314673      41.712719    616.149231  126.014511   8.733660  1.177761  279.214630
430  -7.463136 -21.244423  186.081787  0.170692  3.952256      13.990224    453.004669  127.295021   5.715615  0.877056  364.355316
431   1.172679  -6.830514  183.119339  0.112503  2.387971      16.223232    603.591125  199.380814  10.220385  0.369942  265.956268
432  -6.484034 -21.936361  206.949432  0.125590  4.574117      46.960228    470.760498  235.173203   7.685346  1.960024  311.416779
433   9.324748 -18.086277  190.234146  0.149807  4.581957      42.008923    441.374176   97.131866   6.246412  1.245728  288.889771
434   6.215872   8.206474  179.495667  0.132523  3.410915      16.565229    831.974182  138.275421   9.004447  1.961295  349.666565
435 -11.538019 -11.446247  196.932495  0.137025  2.477462      24.415581    765.333984  205.549622  11.564936  1.445232  339.171448
436   2.542176 -14.917001  188.770325  0.153799  4.261100      23.393026    476.824432   48.518143   8.787938  1.233559  340.591797
437   1.598236  -2.922187  210.503922  0.101089  2.441565      18.389029    786.710754  230.720886   8.011920  0.954543  304.436890
438  11.218402  -5.355395  208.075958  0.127701  3.484919      16.653770    452.790649  159.463425   7.097431  1.514959  369.874390
439 -14.807873 -10.348843  181.100632  0.146698  2.756035      20.930359    492.857025   99.695961   8.710625  0.709015  349.385101
440  -2.523734 -14.052412  198.149277  0.123128  4.049372      10.449017    420.615967  -26.105433   8.060615  1.289117  364.768188
441  -4.876999  -8.374491  191.958786  0.132648  2.205002      16.809164    936.997437   78.197983   9.489003  1.905445  347.116882
442 -11.640184   8.201149  176.127106  0.153250  3.072407       6.517756    939.971375   45.964104   9.752477  1.608220  366.155975
443  -8.027700   5.028844  200.396866  0.124587  3.330851      11.185322    441.992676   90.217415   6.780285  1.838639  366.208893
444  -8.412739 -23.374857  204.134628  0.187862  2.876795      32.105072    761.290771  110.571564   5.429831  1.903642  347.098297
445 -16.816444 -23.865210  186.206238  0.189201  4.222115      27.614267    656.522644  125.802887   7.575925  1.912717  350.702515
446  -6.296365   8.188676  183.211273  0.119569  4.553556      44.744682    602.106018  172.493912   8.237455  1.796783  297.882446
447  -6.853168  -3.600725  216.122696  0.132726  1.538875       8.815305    933.674011  147.859604   9.151912  1.948840  357.921753
448   1.124628   4.796881  197.113373  0.103497  2.754108      29.667147    418.563232  188.461288   8.122849  0.454307  297.848297
449 -10.652827   7.771234  197.290955  0.114399  4.961491      17.021835    636.061768   90.789909   7.201733  1.590008  338.061981
450   0.399015   8.340715  184.245544  0.139956  3.110052      27.899439    920.408875  -66.484604   9.023837  1.315363  310.723572
451  -6.747919 -31.199888  202.612625  0.270848  2.857680      16.987700    669.895691  108.834602   5.470684  0.872277  362.772003
452 -12.112588 -14.673613  214.844727  0.115129  1.301378      46.056591    404.124084  243.305038   8.734085  1.081311  321.185455
453  -2.978752   5.594050  189.907043  0.138139  3.963325      17.750906    736.580933   64.114441   8.491615  1.432559  319.265289
454   5.489316 -25.123222  197.654282  0.203180  4.671221      16.150103    664.458374  176.676849  11.622447  1.456607  316.220032
455  -1.653733   5.051820  201.987625  0.139205  2.227174      59.952576    518.100647  217.613235   8.372746  1.326475  266.112335
456   7.088573  17.474752  188.682449  0.155845  4.579535      23.536905    947.415833  228.332306   8.973797  1.469151  311.094727
457  -5.396482  -0.023477  208.381393  0.107529  3.012160      15.119635    921.985229  208.762405   8.093886  1.463875  323.719269
458   3.010877   0.323557  193.048553  0.125543  3.940949      36.548733    678.051941  -12.689018   5.153349  0.902886  270.892426
459  13.297317 -25.086365  216.058731  0.215826  4.124394      23.269958    568.010803  152.953888   8.497395  0.891387  291.621185
460 -11.833435  -6.185484  219.772385  0.124198  4.327620      36.957603    834.990784  199.613113   8.438682  0.746020  263.382355
461  -3.541911  12.640384  208.872574  0.143587  3.802998      14.080129    588.320618  123.362671   6.548663  0.658085  311.011993
462  -1.124416 -28.100533  210.630905  0.213862  4.283968      28.356674    566.429565  239.972153   8.691873  1.903269  342.185455
463  -7.845428 -15.655377  199.406647  0.125231  2.941415      19.797470    495.505219  126.361275   7.251624  1.616330  365.658752
464   9.254536  -2.550252  188.860657  0.116087  3.852587      10.637756    482.647186  189.450638   8.758477  0.977140  360.492798
465  19.213322   6.161155  190.431274  0.107349  1.701941      13.199472    992.507141  147.661377   7.934724  0.648499  312.369232
466   0.191020 -19.106108  202.629669  0.181137  3.675257       8.720651    475.533997   68.853424   6.567359  0.709757  346.423676
467   7.390644  -2.665520  191.093338  0.120022  3.800142      14.893242    525.818176  132.023727  11.474094  0.694927  339.751465
468 -11.216114  -8.537656  174.349564  0.161104  2.658912      27.071562    632.583374  161.549118   9.117637  1.386439  328.417542
469 -31.157730 -18.194120  210.416550  0.101741  4.717745      44.328629    565.300781   90.327774   5.583476  0.204040  270.216583
470  -7.689161 -12.148694  190.322205  0.125874  3.004400      28.951771    517.403320  106.336906   6.805786  0.621169  305.583862
471 -13.169123 -13.289451  200.253250  0.106898  2.743575      13.902487    423.113678  147.435257   8.410193  0.824794  394.304993
472  -7.413799 -19.139463  195.935120  0.157904  3.794405      12.448319    572.057556  200.458969   9.767323  0.572879  333.375244
473   1.643353 -11.379868  220.599045  0.149842  2.013676       5.488290    871.643921   49.026073   9.222896  1.890615  370.037231
474 -19.727327   1.450711  208.601013  0.147071  3.686581      36.938377    924.937500  214.380569   9.679449  1.647913  306.496765
475  -1.330577  14.705989  199.618851  0.154236  4.193035      28.673771    444.904388  215.758011   7.353912  0.896469  316.520294
476  14.331146   0.728174  205.591843  0.143958  4.845598       9.741188    617.984192  197.768616   8.680379  0.660120  343.630035
477 -12.377365 -11.037332  205.406387  0.134470  2.311745      14.536654    830.787292  105.890503  10.127780  1.091329  339.391632
478 -16.298409 -14.475152  192.915359  0.162619  1.925878       8.537755    510.326721  228.395981  11.503900  1.788242  408.537628
479 -15.399754 -21.014383  197.743927  0.193241  2.144643      16.635853    937.138245  156.170975  10.689303  1.178358  362.681152
480 -18.320797  18.523825  202.993896  0.218302  4.725896       7.692766    424.584991  140.768280   6.570607  1.959606  387.369049
481 -14.472955 -15.460540  203.796097  0.149421  2.133852      44.847420    401.214325  142.705658  10.746240  0.862325  339.968414
482   9.035945  -9.062786  218.449234  0.141815  3.963203      38.926113    419.211761  225.407166   6.987207  0.279518  252.093124
483   6.684009  11.925269  192.484192  0.107226  4.187702      29.621500    588.996948   65.188232   8.601742  1.540747  321.542511
484  -1.749279 -16.527735  191.966064  0.137895  3.504510      42.939003    602.723999  151.200577   5.974098  1.381508  294.685699
485 -15.461365 -31.964745  195.441772  0.258976  3.058077      29.470867    707.588623  199.257126   8.027286  1.417028  360.185364
486  -0.134322  -8.001519  213.477676  0.149230  3.716465      17.097874    452.573883  -96.807442   6.850460  1.794279  369.631836
487   3.577787 -25.799322  204.207153  0.184442  4.724783      54.154594    456.530487   68.890129   9.197864  1.125956  252.090027
488  -2.223416   4.090249  197.291077  0.118197  2.365186      18.782904    476.492981   73.011200   8.404108  1.001579  338.374481
489   3.360415  -3.022809  203.443939  0.121256  2.230310      25.703703    455.021484  221.453781   8.524842  0.367552  286.480621
490 -18.186031   3.752969  197.421509  0.114459  4.379276      29.956589    446.817291  -60.916275   9.590437  1.369559  343.828979
491  -3.614105 -19.744572  212.069443  0.162965  4.132776      28.998411    696.606323  157.039017   9.377432  0.850150  301.095825
492 -13.332811 -18.039209  211.486511  0.138181  2.004318      71.919220    418.583954  238.227798  10.342978  1.535948  281.887848
493  -6.954381 -14.963323  205.274490  0.176493  2.019937      13.056459    421.570862  154.721649   9.599383  1.576106  411.900543
494  -2.183439  -8.879050  184.177979  0.128189  3.291023       9.592629    557.347656   74.840637   7.365657  1.012474  353.659576
495  -7.588935   7.749483  193.590332  0.125945  4.327094      13.548497    750.038574  148.155640   8.241237  1.512805  342.062592
496 -14.886344   5.852585  172.275436  0.138597  4.496655      33.345787    551.648315  232.898911   6.336030  1.218055  329.099335
497   5.576634   5.900780  217.921280  0.152032  3.140465      28.399139    508.091583  241.677979   8.479961  1.775790  342.790894
498 -13.672155 -26.533960  208.825485  0.176250  3.333397      20.692495    645.033936  128.938416   7.447279  1.476243  375.337769
499  -6.297600  -3.814947  197.433853  0.138415  3.136143      18.529137    698.223877  175.500931   9.622108  1.372527  339.765747
500  -6.988598   1.244809  199.372665  0.130148  4.042743      19.568130    658.952637  200.844513   6.338440  1.755539  339.146912
501  14.870025  -9.356878  207.189240  0.187278  3.810970       8.234171    414.445374  152.672653   7.400925  0.830415  403.330414
502   2.946097   5.608347  205.079681  0.117628  3.811978      16.092569    403.904968   80.970131   7.815027  1.720537  380.625946
503  -0.304723  -4.587828  203.270355  0.104381  3.553918      16.637560    562.046692  210.631638   7.486136  1.713452  338.142487
504   7.713531  -8.995103  215.703156  0.116736  3.595451       7.983719    834.065857  241.809753   8.125683  0.885647  309.857269
505 -11.981722 -15.244082  223.025177  0.103903  3.361182      55.153397    491.700500  236.379776   6.749318  1.176749  286.870300
506  -2.986501  -1.961807  193.693176  0.140967  3.670571      16.882620    526.717041  101.482574   7.875137  1.598934  343.974518
507   0.100189 -32.719563  208.409912  0.212120  4.964657      23.757475    628.379883  155.283661   8.714202  1.445135  309.423248
508  17.227749   9.521035  181.968521  0.136977  3.613174      41.408989    687.606384  239.065308   9.796148  1.688344  326.415771
509  -2.044464   4.047034  188.013977  0.111711  2.623696      55.179268    525.810974  231.685211   7.154940  1.400868  271.733856
510  -6.831402  -8.311804  200.633621  0.105658  4.193051      19.257666    445.514435  159.679230   7.427175  0.340332  290.448395
511 -24.560282 -19.973152  201.031311  0.170392  1.799758      24.893103    785.881897  221.803162  10.256133  1.386736  389.925415