            lon        lat         inc      D1AU     delta  launch radius  launch speed    t factor      B1AU     gamma         vsw
0    119.692688   8.053958    6.456717  0.293851  2.784763      15.915035   1703.651123  158.575989  6.770256  0.367053  379.331543
1    118.946167   1.614548   10.819674  0.273833  2.987067      14.237101   1214.880859  125.992134  6.725128  0.321890  439.881073
2    116.163635 -16.525995    9.989752  0.233208  2.625338      15.707328   1851.801514  151.715012  5.620506  0.362717  403.540771
3    134.683548   5.543910   17.752916  0.284575  3.111031      14.665630   1268.566895  234.038879  6.215892  0.574423  424.674652
4    128.381927  10.246835    1.850305  0.295573  2.891173      14.920422   1499.305420  135.267700  6.953446  0.591026  445.258545
5    111.452881  -8.995193    7.929611  0.228978  3.090172      14.037704   1531.206055  151.499878  5.715663  0.208656  351.982300
6    118.335106   1.933722    5.311028  0.262618  1.794483      15.502204   1941.847412   57.872253  6.280425  0.286364  294.052795
7    119.508217 -10.046591    8.712860  0.238507  1.043736      15.822342   1222.861328   84.000145  6.025050  0.239366  372.700806
8    122.814545  -7.236578   16.480911  0.226621  3.978907      15.931528   1670.306396  108.760345  6.004041  0.295879  287.350891
9    110.211815  -9.199304    3.961930  0.233756  3.158154      14.534126   1690.654175  208.691956  5.455939  0.254970  406.362061
10   133.687881  -1.401103   12.685789  0.279473  1.528844      14.874291   1043.886841   68.860046  5.800040  0.207882  313.507721
11   131.285843  12.763669   18.269026  0.307577  3.960254      15.382317   1051.324951  110.499748  5.384936  0.427695  390.677765
12   133.601151  -0.717652   11.323882  0.256992  1.538546      15.599702   1450.813354  174.466385  6.088528  0.351080  310.875031
13   122.113152  -1.515691    6.249579  0.254674  2.125704      14.029131   1374.295288  131.151550  5.767070  0.300330  368.185944
14   123.177231   7.929040   15.778549  0.338495  2.455524      14.453100   1367.918457   43.612858  6.063718  0.373984  405.030243
15   123.746513  -0.530542   10.679395  0.265776  3.653296      14.963257   1216.264282  105.509216  6.301107  0.416531  447.105133
16   129.211853  -3.923681    7.229223  0.226636  2.797195      15.059829   1281.604980  146.170715  6.723749  0.234874  266.323944
17   123.527649   3.305642   17.972601  0.304238  2.253762      15.592298   1414.411377   68.499695  6.358012  0.324833  352.110046
18   114.652061 -15.917359  356.473969  0.312558  1.930550      15.809357   1523.749878   49.689186  5.848711  0.302295  442.427399
19   123.263535 -19.514624   20.105133  0.255345  3.179228      15.996614   1201.747681  157.345459  5.208395  0.310071  437.999908
20   133.352859   2.580998   10.966759  0.302870  1.440914      14.306523   1852.211182  108.519318  6.781056  0.550075  395.935486
21   133.496338  11.761899    9.774587  0.309248  2.947083      14.974377   1892.079346  101.745277  6.346595  0.745636  421.834564
22   129.649460  15.258736    9.192826  0.281688  3.786691      14.564062   1970.418457  208.163101  6.800380  0.491221  317.201324
23   116.553520  -8.372204    9.983357  0.247194  2.846512      14.985850   1397.033447  162.953705  5.908899  0.320466  435.019348
24   127.201149   2.744929    7.127954  0.318800  1.288207      15.366207   1668.812622   49.020203  6.234557  0.546479  446.884033
25   124.048462   7.228681    4.096091  0.250750  3.550704      15.846531   1313.431396  179.422501  6.009477  0.276646  321.539062
26   122.326080  -1.639122   19.873751  0.277269  2.687358      15.584889   1646.085571  146.861420  5.109691  0.419081  381.853302
27   120.770630 -14.629019   20.130272  0.229969  2.764939      14.900105   1639.757690  217.921234  6.717778  0.327492  366.565033
28   113.768471 -16.391420   18.828463  0.235865  1.862975      15.685171   1836.678955   83.056190  6.411080  0.363199  438.177551
29   127.516632   7.603963    3.722256  0.275311  3.425688      15.920481   1033.986816   30.949955  5.302913  0.211554  340.169220
30   121.962914  -5.220413   18.920454  0.255167  3.447910      14.977868   1531.654297  165.341614  5.643838  0.511004  439.678314
31   119.987198  -7.959354   18.965979  0.248180  3.096100      14.688982   1524.337646  121.631599  6.469453  0.273452  331.509491
32   126.411804   4.688246   22.738159  0.310379  3.498681      14.683581    873.153137  214.931442  5.408720  0.274380  437.659790
33   120.578644   5.954846    2.174362  0.250768  3.837323      14.203442   1767.835571  179.228302  6.929470  0.473824  423.674988
34   126.497215  -2.746615   14.678338  0.319822  1.079394      15.256306   1261.635376   60.703793  6.493041  0.371418  440.949890
35   123.210365  12.492311   10.518626  0.346264  2.521105      14.716742   1246.624634  154.748138  5.689821  0.346019  414.197174
36   114.947174   3.125782   10.266549  0.284247  2.765697      15.479122   1484.112549  121.846916  6.258406  0.353942  443.977051
37   127.845619  -4.404184   16.030632  0.258936  3.946766      14.348942   1399.284058  153.869965  6.780101  0.554272  443.572418
38   121.068130  -7.328010   18.020214  0.280750  1.716082      15.920378   1396.904663  170.794342  6.137630  0.380706  433.859039
39   120.463165  -6.122767   15.805111  0.283926  1.891372      14.995296   1151.916992  165.039474  6.368858  0.272914  435.340820
40   121.890945 -16.406307   17.173182  0.248523  2.186002      14.756025   1492.336792  100.450829  6.245585  0.416152  444.021576
41   130.037323   4.007205    8.080631  0.290153  1.923144      15.489843   1268.013062  211.262848  7.476922  0.358147  372.681610
42   125.829895 -14.675434   13.421143  0.238562  3.590565      15.449436   1877.708984  125.223434  6.386448  0.573263  420.751251
43   126.845642   0.644552   16.066078  0.269759  2.597114      14.237720   1150.033447  149.414963  6.753706  0.213948  302.822540
44   114.251251  -4.138594   25.952154  0.287575  3.643938      14.289515   1340.493042  109.490059  5.872356  0.271421  402.879395
45   133.061722  13.636559   16.802216  0.300705  3.944397      15.295481   1434.537964  248.464630  6.253513  0.786137  428.721039
46   112.352814 -16.525833    7.007417  0.224451  3.159706      15.742106   1651.528931   42.637962  5.575456  0.212965  326.849701
47   127.072739   2.050738   29.564920  0.337445  2.153927      15.135599   1086.685669  140.235275  7.049835  0.298550  392.734924
48   128.906586   3.201371   26.542406  0.288808  2.513814      15.191674   1828.726929  134.992813  6.697136  0.437840  320.757141
49   111.715965  -7.772589    4.053963  0.231603  2.595120      15.522293   1800.092285  135.035919  7.257719  0.351580  440.590912
50   120.307053  -3.050169   11.361966  0.278917  1.326680      15.623748   1742.572998  142.755219  6.602222  0.385269  390.166840
51   121.132294   7.111473    7.682787  0.302154  2.734050      15.168950   1230.485107   93.272362  6.137526  0.316113  420.568146
52   113.952400   7.946216  357.711639  0.258759  3.901481      14.541107   1503.449219  169.360794  6.440674  0.295823  436.791382
53   126.842934   8.314528   21.868237  0.320804  3.377858      15.932305    946.120178   84.674179  5.815811  0.348380  429.726898
54   123.521332   7.209723   20.092007  0.314674  3.176637      15.482648   1363.642700  155.047562  5.712452  0.517020  429.917023
55   136.917114   3.633938  351.949158  0.248956  2.766589      14.245645   1283.531372  144.220749  6.022752  0.526172  410.739380
56   137.688553  13.491938   11.655390  0.322939  2.793879      15.654768    966.335754  120.815704  5.007742  0.344580  386.198730
57   123.389656  14.077477    8.734282  0.312720  3.849018      14.585628    972.393982  111.745926  5.418935  0.250835  405.285400
58   122.368546  -0.935240    3.176618  0.243200  2.771535      14.203916   1895.249268  145.157669  5.915714  0.465240  401.685272
59   116.386757  -4.450731    0.703806  0.250100  3.627969      14.590814   1194.061646   90.087013  5.197554  0.243079  428.698273
60   123.664482  10.552225   20.510397  0.311711  3.655493      14.403350   1670.918701  147.014450  6.306118  0.559011  396.743103
61   129.155853  10.330462    3.960950  0.293097  3.280057      14.576367   1065.062012  162.720261  5.790930  0.415081  446.096619
62   107.117905  -6.121992    8.962983  0.238185  3.771358      15.010498   1656.026245  167.022171  5.399084  0.253216  446.916260
63   116.115173 -12.601275   26.918022  0.232899  3.108599      14.259581   1916.852661   84.267845  5.794201  0.235538  250.160736
64   133.596786   5.625175   25.832691  0.304885  2.471391      15.153885   1292.336914  241.409882  6.993918  0.458884  383.784332
65   128.118958  17.102758  359.463867  0.303444  3.851988      14.031773   1178.081299  132.512787  5.960210  0.416541  427.142181
66   118.847031  -1.369222    7.853135  0.264672  3.932488      14.620214   1055.763062  132.529434  5.592128  0.243492  442.543243
67   126.705849   3.736367   21.024160  0.302362  2.518292      15.728571   1761.282959  156.286346  6.983330  0.610241  412.627991
68   106.640129  -3.174260   22.441923  0.294894  3.625715      15.761086   1662.905029  122.417786  5.465565  0.283367  440.865112
69   126.953865   4.566294   13.238760  0.305056  2.271563      14.215265   1436.571655   61.779781  6.729539  0.502980  438.384430
70   128.916565  -6.539122   27.764187  0.256040  2.929741      15.273018   1742.448486  133.666870  5.881310  0.624661  419.600494
71   123.769508  -0.657843   14.891108  0.262316  2.032570      15.545058   1738.695801   59.277126  5.727270  0.292018  268.972504
72   131.613586   4.265982   16.771137  0.268734  2.380543      14.254509   1713.913208  180.424042  7.486951  0.344735  271.795013
73   124.806709   2.244713   11.977329  0.301749  2.239968      14.471655   1149.695923  150.202026  6.209112  0.339131  431.792908
74   122.748100  11.980797   17.801430  0.316357  3.390105      15.211730   1541.687012  194.132568  5.380553  0.417994  359.175171
75   115.981537  -3.242816   11.150845  0.252853  2.509631      15.505605   1741.787354  128.450455  6.049042  0.385584  412.994659
76   118.423592  -3.357052   13.933818  0.253052  3.494769      14.215063   1619.405640   88.768936  6.783812  0.438033  434.409058
77   134.458008   8.705778   23.015364  0.343186  2.185920      14.520137   1538.116699  188.420761  8.044307  0.709746  449.771576
78   118.808762  -3.389693   30.441065  0.276426  3.835002      14.286423   1358.406006  208.106247  6.099047  0.372736  395.713043
79   115.981491  -8.345607  359.745331  0.231602  3.460219      15.859594   1657.098511   -7.003655  5.675807  0.271009  337.283844
80   116.477539  -3.705363   11.711793  0.305844  1.308757      15.672361   1253.772949   79.447372  6.983469  0.242074  432.916107
81   124.043831  -4.331643   31.180304  0.285323  2.788784      14.742080   1696.102539  175.338745  5.398277  0.646019  443.120514
82   133.230698   8.443303   15.745789  0.292626  3.130926      15.378902   1051.025513  184.393524  6.667664  0.403118  400.589478
83   137.251526  -1.048521    7.346427  0.253095  1.826505      14.125259   1611.063599  117.875366  5.504040  0.479913  357.799866
84   125.917007  -6.853406   16.046419  0.252923  2.064825      15.451936   1483.595581  186.475784  7.615707  0.455680  407.540344
85   126.626610  -1.961537   14.556468  0.263504  2.240946      15.851405   1677.714966  143.409607  7.149668  0.520023  400.252045
86   113.926590   2.746942   15.779783  0.290256  3.261530      15.523351   1493.616577  148.023849  5.474096  0.358639  440.810852
87   122.692139 -14.278007   15.209232  0.239854  2.325026      14.627295   1828.257324   -7.034991  6.377584  0.471155  420.271454
88   123.497055  -1.861929   23.953234  0.269292  3.006161      15.357130   1665.119629  183.366119  6.188893  0.369338  331.738525
89   128.559769  -3.890793   24.355955  0.304809  1.674096      14.575206   1084.606567  131.882309  7.710471  0.347956  430.712921
90   130.630157  10.853890    8.198703  0.305258  2.419369      15.973190   1855.229004  146.628418  6.518110  0.347944  269.059814
91   123.815079  -3.656393   15.941189  0.289629  1.470523      14.796788   1453.251343  118.482986  8.541091  0.293494  347.000641
92   117.201683   4.714453   10.383896  0.262238  3.588120      15.389099   1573.377686  138.660217  5.264524  0.247259  296.074036
93   122.984428   3.220390   12.460307  0.265430  2.685194      14.970177   1643.654419  183.827179  5.810775  0.290813  283.934174
94   119.700592  -2.463043   17.904974  0.269945  3.155399      15.530932   1425.870605  216.345856  7.355523  0.362818  407.038422
95   123.010994   0.769176   22.301970  0.287914  2.868626      15.659352   1883.898682   87.141556  5.377963  0.636855  432.974792
96   122.109703   4.982974    9.425800  0.272930  3.393498      15.647457   1830.413940  140.916931  6.077274  0.513145  411.207489
97   124.948853   3.200517    6.768948  0.303338  1.918583      15.845037   1084.655518   91.463890  6.589976  0.289955  431.602203
98   115.131096  -8.350915   24.138311  0.279631  2.201257      15.727040   1993.393921   89.168732  5.557010  0.349889  378.285919
99   123.948105   6.495210   10.011172  0.267155  3.670588      14.131983   1923.922485  230.294952  7.327175  0.539092  393.034576
100  119.722672   8.148981   12.229307  0.301615  3.075907      14.870173   1428.009399   86.455765  5.677702  0.343534  382.335052
101  129.721237   2.061806   15.321218  0.296273  2.162757      15.305431   1419.514526  120.778084  6.043594  0.584597  441.423187
102  111.867500  -6.512402   12.077310  0.250862  2.173197      15.422174   1976.611572   76.886368  6.196061  0.395412  447.733948
103  127.325218   7.014486   11.840741  0.333641  2.047868      15.939960   1100.279541  114.342209  7.014073  0.258758  375.358246
104  113.954277   7.737339    2.493624  0.257101  3.656765      14.765841   1419.034302   32.107296  6.807069  0.204652  340.005157
105  131.769196   7.474185   15.505249  0.333610  2.002553      15.104191   1553.678345  129.316330  6.265209  0.504130  401.037323
106  114.967033  -6.755566   11.638376  0.248101  2.661918      14.412283   1848.966797  238.014786  5.566606  0.415218  441.019714
107  121.300491   0.903514  356.924011  0.252905  2.078476      14.621796   1443.020386  103.265312  6.302961  0.374887  423.442535
108  122.212601   3.687990   25.980705  0.300823  3.665812      15.878320   1043.304565  178.039948  5.305193  0.411839  441.401428
109  120.697189 -22.305975   13.388982  0.266503  2.795794      14.245817   1443.166382   -3.147720  5.834932  0.312650  422.656616
110  119.907112   4.556670   16.849115  0.299010  3.067731      14.204848   1703.159424  113.584373  5.652282  0.554712  449.922180
111  113.400787 -19.218723    9.973836  0.255078  3.055478      14.516016   1366.729736  140.151108  5.477129  0.212075  424.513367
112  133.229980   0.221794   19.099457  0.284882  1.693781      14.740322   1749.235352  192.911911  6.113544  0.466150  356.071136
113  119.644356  -9.670248  354.617554  0.249128  3.125660      15.293530   1753.406128  148.408707  6.013420  0.481570  425.188171
114  129.653839   4.351280    1.777167  0.257924  1.754738      14.633513   1951.244507  172.031647  5.809238  0.339367  268.665375
115  123.306473  -9.099125   30.876007  0.259379  3.951203      15.522699   1709.287842  216.735092  6.300696  0.603424  444.085266
116  114.903076  16.875505    1.116607  0.300316  3.532102      14.476908   1791.699341   85.377968  5.101743  0.358535  426.045654
117  122.030060   9.975194   22.265369  0.300279  3.646063      14.652929   1479.384033  234.658676  5.486463  0.341834  306.916046
118  137.128433  14.774287   18.937721  0.323489  2.833668      14.728330   1225.988159  177.087830  6.261397  0.308989  291.179077
119  123.338638   3.298452   20.751154  0.305464  2.708425      15.733951   1337.733765   74.781380  6.004517  0.372534  390.596375
120  128.614899   2.229768   17.976274  0.266408  3.255638      14.287674   1975.194214  139.859711  6.131325  0.696597  420.586334
121  116.522079 -17.128605   12.679292  0.262593  2.123342      14.581912   1225.564087  116.045105  5.462948  0.217983  432.447113
122  126.564697  -6.004075   19.529608  0.265131  3.564369      15.987576   1034.728882  160.598114  6.313177  0.299338  413.466095
123  124.414917  -3.958390   12.660393  0.257267  2.049324      15.833655   1427.685791  116.817612  7.228041  0.447303  415.861298
124  125.751961  -6.797877   11.840789  0.247126  1.724983      14.129862   1377.157227  159.265610  7.505682  0.458516  429.825623
125  144.866226  20.293646    0.953412  0.329140  3.327928      14.678139   1217.610840  157.900009  5.988876  0.381041  323.554077
126  122.351364  -1.062121  359.842285  0.253182  3.242560      14.976195   1226.955933  191.715546  5.650519  0.390506  446.814056
127  132.092834   6.280889   17.628426  0.280287  3.493486      14.272534   1318.595581  223.742599  5.522143  0.486039  387.770935
128  123.780495   9.932740   11.540937  0.269591  3.606437      15.294352   1999.118530  191.345856  5.676171  0.443801  326.831177
129  116.876060  -3.066311  355.315613  0.230172  3.354651      15.533949   1652.213867  234.126724  7.014117  0.281684  344.870850
130  123.312988 -13.364169    3.958077  0.235787  3.451769      15.435184   1672.692383  160.149551  6.208870  0.432793  389.397766
131  126.664169  -1.674171  358.602478  0.240913  3.549518      15.145409   1887.415649  247.555771  5.911160  0.563699  411.506989
132  126.700111   5.328647    9.686218  0.279071  2.668516      15.187973   1702.148682  174.776550  6.571339  0.516510  393.917267
133  120.491463   9.268618   23.668631  0.343401  3.201088      14.319787   1051.358276   49.665932  5.177769  0.384420  443.181427
134  115.615845   0.787260   14.137918  0.272058  2.724012      15.380416   1977.498169  139.963593  6.383445  0.409185  399.267792
135  125.803619   3.775186   15.603365  0.291330  3.330216      14.891133   1063.765381  171.828522  6.674190  0.337699  418.830841
136  126.949600  16.455290   18.864048  0.328033  3.539625      15.886612   1173.365234  125.112511  6.784498  0.303690  303.680756
137  134.124756  19.904303   11.504468  0.343414  3.756715      15.767706    959.035522  184.479904  6.095835  0.427790  403.031464
138  129.047928  12.171325   21.652590  0.299053  3.947902      14.032404   1753.771851  138.562576  6.532732  0.632269  378.262909
139  133.400604   4.474677   43.991329  0.304491  2.871356      15.062697   1546.459595  198.101318  7.316290  0.526873  361.151031
140  112.276016   5.094898    9.602898  0.252483  3.906423      15.242052   1711.131226  124.318443  6.219645  0.240151  315.861145
141  118.534248 -10.518692   12.477990  0.240602  2.187711      14.803970   1546.256348  104.140083  6.992978  0.338587  402.912750
142  111.777496 -19.198599   18.351851  0.225194  3.351958      14.843346   1844.109741   77.946045  5.951067  0.240217  362.077484
143  124.659859 -12.710124   18.110361  0.268972  3.731886      15.488065    932.525024  152.155838  6.652254  0.220591  444.239807
144  128.531860  -7.309109   29.198587  0.271901  1.773450      14.636217   1585.168457  143.631348  6.445045  0.402026  362.013794
145  107.368950  -6.227588    7.227274  0.226537  2.980872      14.077288   1775.319458  229.849731  6.206168  0.242361  408.438202
146  119.353523  -2.164125   15.468925  0.258395  2.449449      15.647668   1802.581543   98.637733  5.281694  0.340257  339.276978
147  120.312866  -7.789380   18.494986  0.238470  3.152402      14.494339   1463.298340  218.988251  5.029873  0.287780  346.172485
148  114.468834  -9.473914    3.588946  0.241546  2.992589      15.282611   1273.992310  -83.663528  5.906096  0.265604  442.106232
149  129.799393  25.480022  353.248077  0.313102  3.872659      15.921272   1727.765869  184.363388  5.943006  0.465377  356.734222
150  128.147385 -12.105502    8.113760  0.228535  1.829760      14.086645   1987.930420   32.038994  5.644491  0.358223  288.050110
151  105.161232  -3.298474    6.871077  0.243914  3.561129      14.720522   1698.691650  111.159302  5.921451  0.221592  441.301117
152  115.832916 -10.593926    5.434212  0.220257  3.260203      15.790588   1895.006958  129.013458  6.220468  0.359018  380.909668
153  119.379501   1.971050    8.446743  0.274005  3.427582      14.529078   1357.466797  123.436554  6.390632  0.362660  436.444427
154  124.966537  14.100882   17.802986  0.318345  3.792232      14.105896   1953.108887  184.232285  6.398844  0.680017  399.835876
155  115.832817  -6.467288   18.039009  0.244018  3.973308      15.721865   1855.453003  180.905228  6.787604  0.460060  435.483307
156  117.585625  -0.612935    1.934317  0.214784  2.413597      15.504065   1852.431519  139.435852  6.109433  0.254140  260.365387
157  121.090637  21.665489    2.345830  0.339375  3.123762      14.055963   1935.959717    8.876106  5.439643  0.316621  309.607819
158  126.766029  -4.340134   13.904729  0.242081  2.854819      14.400007   1489.477661  165.968948  5.570178  0.394012  363.363434
159  126.773834  -3.347606   12.140612  0.254488  3.130501      14.530920   1286.482544  229.220871  6.610009  0.453311  430.855927
160  113.668434   7.050107   12.386687  0.293953  3.717000      14.425699   1627.484375  106.272362  5.468340  0.338768  412.455566
161  122.804176  13.036881    7.939623  0.304306  3.563816      15.638266   1205.621460  115.691605  6.319933  0.416710  429.062073
162  132.690643  18.607721   14.036531  0.348901  3.128913      15.933813   1380.536377   96.554031  6.028770  0.554769  387.567352
163  122.895355  10.365099   17.706150  0.313109  3.751552      15.743182   1203.514771  184.514847  6.105811  0.497776  441.629059
164  132.490738  16.830290    6.480966  0.317728  3.906368      15.483393    882.862549  135.132370  5.388370  0.371046  431.822235
165  121.249382  -2.676816    0.741745  0.236052  2.035833      15.835249   1615.338135  122.605057  6.208323  0.357115  367.604248
166  119.595154   0.073311  357.714081  0.231136  2.717333      14.405531   1769.280884  -70.265457  5.996389  0.379158  380.075623
167  113.804893 -12.491324   18.469782  0.239804  2.777044      15.165592   1722.933594  194.990814  6.810061  0.309108  403.520355
168  132.277786   6.979872   15.341474  0.298436  2.532315      15.313239   1307.686279  234.793655  6.237870  0.325371  327.456604
169  117.835991 -20.626774    6.910857  0.266929  3.246420      14.736628   1508.174805   20.833210  5.333670  0.294630  406.480957
170  119.200829  -1.273276    7.288481  0.252506  3.589855      14.803037   1182.579468  100.029373  5.427758  0.244445  391.247070
171  124.024673   2.028576    5.355491  0.262087  3.247152      14.274630   1592.182861   77.681549  5.573691  0.513891  434.227112
172  134.697449  12.982077   16.378748  0.298095  2.933039      15.608043   1926.460571   97.763397  5.531528  0.391846  252.925217
173  135.570404   4.458992   20.795416  0.287278  2.806127      14.903457   1559.295288  168.569641  6.472375  0.637995  411.573792
174  117.487434  -5.353698   22.938898  0.264010  3.436633      15.680779   1549.071167  129.533585  6.110565  0.339109  378.870514
175  107.729965  -7.737204    8.768820  0.242786  1.758343      15.268178   1938.718140   76.147720  5.121963  0.279487  429.873932
176  116.110153 -13.288164   11.187856  0.232237  1.574020      15.327829   1631.304443  115.556717  6.045640  0.238913  321.623657
177  114.861351 -18.662857    8.130430  0.259798  2.638506      14.697371   1453.304810  166.090149  6.406092  0.222649  383.497406
178  127.321808  11.208472    9.222578  0.284201  3.826825      15.575134   1845.897705  148.554550  6.549920  0.689349  419.813171
179  115.735214  -9.422677    3.094462  0.219070  3.493779      15.346085   1518.002197  186.964050  5.960785  0.246537  338.080261
180  114.325279  -7.018795   21.922834  0.269027  2.829041      15.927825   1345.971313   82.476997  5.953050  0.201470  337.228088
181  133.671982  13.491394   17.296036  0.341561  2.482470      15.618268   1265.247681  153.894424  6.404420  0.294680  296.209259
182  126.404007  12.481820   20.247679  0.337720  3.154944      15.925808   1327.503052  151.839462  5.244776  0.500780  399.694122
183  127.302315  19.152805    3.487332  0.294665  3.977229      14.001695   1332.310669  124.812218  5.752791  0.279315  284.686615
184  126.096466  13.916448   11.092666  0.284786  3.910600      15.488214   1705.545898  243.257584  6.301239  0.449829  329.607666
185  125.605415  -3.760681   13.370392  0.252293  2.640182      14.604189   1695.568970   81.014305  5.245303  0.529051  413.582336
186  128.263062   7.800360    2.829947  0.266992  3.132327      14.147280   1303.562134  118.718697  5.856895  0.293885  324.470428
187  124.526146  -5.710128   16.225595  0.259808  3.498238      14.431213   1532.038574  109.087212  6.207860  0.532788  449.472321
188  118.758591  -4.103208   11.860820  0.246876  2.626863      15.836945   1435.822510  235.993027  5.698201  0.346655  401.190948
189  117.972588  -7.933049   15.802939  0.234058  2.770026      14.391825   1865.874756  237.830032  6.356782  0.339146  349.691406
190  110.746284   6.372677   17.564243  0.315527  3.354035      15.791068   1585.277588   41.303635  5.122942  0.323697  417.458771
191  125.314827  -3.501809   23.472872  0.264599  3.217494      14.074445   1601.495361  140.113861  5.209611  0.452040  392.068359
192  132.733826   3.270417   12.791554  0.309367  1.698951      15.226869   1645.592285  118.238869  6.594193  0.596857  425.241821
193  123.708214 -13.996104   19.792274  0.246268  1.692867      15.944508   1508.552979  163.032516  7.187545  0.464323  431.521790
194  120.649345  -6.219537   19.733894  0.260602  2.671441      14.349380   1263.562988  204.554123  7.481262  0.288478  389.153107
195  106.005219 -11.442845   25.522373  0.283581  3.137400      15.263136   1743.602539  172.894821  5.688993  0.203284  376.032288
196  115.057320 -25.822701   14.920881  0.229327  3.783022      15.525084   1977.369385  150.123413  5.492383  0.299024  381.985992
197  122.137100  16.094095    5.547533  0.322128  3.169371      14.239814   1742.547363  145.883804  5.495205  0.427232  386.537537
198  115.555885 -11.815948    1.361644  0.255625  3.303869      14.455938   1159.367798   95.939423  6.865077  0.204276  424.630585
199  111.373123   3.324896   12.760264  0.299163  2.877035      15.632038   1384.190430  191.156189  5.139108  0.245369  420.679504
200  123.638878   8.407681   25.492619  0.339043  3.232036      15.476561    841.320679   77.073540  5.747653  0.204408  409.216187
201  129.349762   6.331760   10.500056  0.274897  3.206599      14.872831   1627.866333  137.069061  5.608502  0.656131  430.299683
202  121.774872  17.930399    0.721391  0.300820  3.963047      15.303676   1803.777588  166.236694  5.491429  0.593974  449.528412
203  120.128777   2.652268    7.500758  0.282797  2.182852      14.672780   1385.471924  146.700302  5.330310  0.247236  345.481750
204  117.332832 -12.934637   15.956218  0.239791  2.135788      15.239046   1715.979370   90.873108  6.737225  0.322485  381.701080
205  117.759377  18.458710   18.770645  0.345934  3.923689      14.219172   1514.568359  153.356094  5.216123  0.369990  333.615601
206  120.344589 -17.428640   18.082348  0.229367  2.834910      15.666974   1337.992065  249.253937  5.993588  0.238949  346.926056
207  132.032349   4.823833   21.956699  0.290711  2.572705      15.299908   1881.947021   84.194977  6.325657  0.793430  427.654297
208  132.074982   5.320637    7.951991  0.277739  2.532028      15.954199   1874.573853  198.197235  7.778627  0.823504  446.179535
209  117.195473   9.399292    5.156918  0.323876  2.200935      15.660439   1693.508057   33.182518  6.011826  0.302287  380.896149
210  109.813034  -8.280597   21.986500  0.265298  3.132451      14.273741   1703.601196  105.922638  5.814736  0.263457  393.614868
211  118.508522  13.262130    9.321178  0.324607  3.075775      14.245260   1877.126343  116.893486  5.532048  0.450165  410.867310
212  115.629250  -8.888085   13.830789  0.235813  1.993738      14.525807   1967.312744  232.182983  6.064611  0.386673  399.163696
213  122.355667 -11.414054   19.114656  0.253796  1.393925      14.383784   1328.348755   56.351105  6.531976  0.334452  412.044617
214  123.896103   2.781686    9.941947  0.270815  2.951340      15.141027   1515.802856   42.921707  5.032715  0.398650  383.541595
215  126.647766  14.561144    8.273401  0.333794  3.366049      15.848878    873.554932  100.239021  6.098299  0.220677  426.928192
216  122.062050  -1.574683   14.953510  0.250593  3.193837      15.789130   1878.986694  149.563751  5.700597  0.588422  426.613464
217  125.907562  16.849447    9.948902  0.312257  3.745068      14.840636   1422.132324  219.076599  5.304947  0.452475  376.802734
218  118.677689   1.328783   28.662762  0.297842  3.430540      14.357790   1831.384033  112.907745  6.399827  0.522654  405.621429
219  120.151970 -11.103385   16.526014  0.230696  2.717869      14.422726   1674.399658  208.142670  6.244050  0.282252  317.358948
220  119.384583   8.847614   16.717323  0.326634  2.917282      15.721133   1707.127197  123.936699  6.455369  0.503749  422.301239
221  118.484482 -16.238567   12.961274  0.234234  2.233375      15.733527   1475.971069  160.257111  5.150189  0.319808  403.532501
222  117.067764  -0.606604   16.422953  0.294554  2.482155      15.211580   1381.403809   66.057686  6.451004  0.318595  425.417847
223  131.074783 -13.082199   14.799938  0.222055  3.452310      14.152226   1650.759644  172.110779  6.487343  0.319007  273.757568
224  120.871307  -5.160101   11.360192  0.249284  2.350055      15.109719   1460.593506  122.131798  5.603648  0.357541  398.925720
225  134.633362  14.867023   36.443081  0.323283  3.409309      14.161565   1630.614136  247.390732  5.460281  0.690101  377.136719
226  149.578079   9.358107   29.693792  0.342590  1.370546      14.046272   1056.944458  166.309662  8.871635  0.285538  382.574646
227  120.235390   5.575227   14.604250  0.292054  3.414969      15.525168   1235.281616   77.840309  6.043783  0.293625  384.342651
228  119.461067  -4.022960   21.240107  0.265391  3.453306      14.977000   1807.027710  107.643517  6.461414  0.497797  424.053345
229  127.220497  13.179259   11.848031  0.300694  3.941910      15.334488   1020.096680  214.343430  5.623768  0.222877  319.428131
230  122.978027 -14.609911   10.773527  0.222138  3.701207      15.299069   1551.238403  224.181824  5.998058  0.291244  314.357758
231  120.458305  -2.660631    1.778421  0.230948  1.952679      14.823294   1448.711670  215.841248  5.349115  0.213874  269.227051
232  126.257576  -1.147516   12.960440  0.249913  3.300253      14.507735   1774.834229  213.063141  5.975810  0.519602  394.882019
233  127.901917 -12.495920   15.598570  0.242626  3.227381      14.055821   1293.045410  191.871155  7.149775  0.244249  306.946472
234  120.594177  12.451869    5.073583  0.299269  3.976878      15.289297   1128.126953  134.676117  5.351552  0.331846  449.057922
235  120.840591   3.223750   26.980762  0.324573  2.975996      14.980684   1129.362183  115.135635  6.823295  0.280552  382.117096
236  113.204231   2.617526   15.616588  0.294137  3.273979      14.308798   1376.233643  157.496796  6.257341  0.238536  384.116302
237  135.191010   7.684679    8.922534  0.298734  2.291184      14.732266   1476.226440  132.477646  5.124027  0.552723  401.846191
238  127.105667  22.192755    4.021549  0.331127  3.766742      15.003783   1649.628296  164.907272  5.800642  0.568127  396.124420
239  113.495117 -14.627918    7.044697  0.245362  2.931163      14.057433   1458.939453   61.070869  5.851592  0.272327  439.581085
240  121.995277   2.609384    5.367158  0.256073  3.757724      14.193151   1138.329956  125.643448  6.334833  0.240980  376.861511
241  134.862045  11.253512    4.426372  0.326380  2.136830      15.905903   1630.060059  131.968628  5.797479  0.662122  432.074341
242  118.716675 -10.468637   13.731940  0.230608  2.539520      15.559299   1689.133301  197.462448  5.493138  0.352002  380.556000
243  121.465813  -5.964967   21.743216  0.240413  3.618550      14.730385   1998.345337  157.868805  5.986406  0.476700  377.434998
244  129.612305  -0.393410   15.342437  0.287580  2.955579      15.192831    908.578857  166.134247  7.307214  0.263372  431.569763
245  138.699478  11.915335   20.141924  0.302810  2.780775      15.653858   1606.034302  195.783051  6.957258  0.494149  333.268311
246  112.479202 -10.120541   13.392760  0.231721  3.778652      15.800126   1675.239990  206.103989  6.229328  0.330754  429.880157
247  127.548401   8.294413   20.961111  0.312362  2.951235      14.464034   1611.332275  177.668777  6.020576  0.537001  391.087402
248  132.920258  15.539679    9.426831  0.313987  3.133004      14.331886   1329.897705  152.735855  5.546582  0.382356  337.056824
249  111.828484  12.291378   18.346277  0.343366  3.309165      14.185261   1779.625244   92.227692  5.184217  0.255081  294.660492
250  125.095093   4.349520   13.692823  0.271007  3.385779      14.468448   1827.507202  215.674362  6.020583  0.519316  387.999054
251  115.887604  -4.458642   25.517313  0.271307  3.552575      15.909489   1522.447632  163.609451  5.664829  0.403986  421.827026
252  121.555809   7.989581    9.401173  0.274518  3.680462      14.674829   1837.021851  149.223648  5.113842  0.513969  407.870544
253  120.649399   7.450716   19.956257  0.304794  3.383569      15.946480   1790.956421  120.652122  6.523242  0.489931  379.839233
254  121.487923  -1.900007   13.215516  0.265454  2.224417      15.551195   1464.883423  -13.566319  5.651759  0.389686  405.788818
255  131.937027   0.636193   31.581419  0.303065  2.104764      15.477703   1182.806396  107.274406  6.306726  0.381652  380.936829
256  121.992966   5.085101   25.696020  0.317721  3.244632      14.278029   1147.328125   96.360703  6.702672  0.318090  391.897186
257  124.192177   5.070918   14.886377  0.306957  2.327194      15.222944   1915.020142   68.525223  5.503236  0.481567  388.172974
258  115.873962 -14.904714   21.300177  0.238147  3.993114      15.881974   1826.572510  200.818848  5.292461  0.350105  400.280090
259  121.056168  -1.972225    2.827623  0.262766  3.539493      14.066377   1157.200317   61.029774  6.490564  0.206116  364.033966
260  119.144104  10.704968   12.821487  0.306031  3.814389      14.654405   1160.752441  167.709900  5.784492  0.335613  421.796661
261  123.435181 -11.175545   17.934004  0.240427  3.914077      15.002156   1177.193848   60.423130  5.861317  0.267448  379.273773
262  130.329697   6.642638   17.772137  0.296357  3.715736      15.175398   1082.481445  152.699387  5.334929  0.439138  421.554016
263  130.468170  20.807505  351.928741  0.312946  3.220709      14.560741   1501.781494  148.206589  5.754106  0.381049  359.290833
264  120.557747  -2.582184   10.289679  0.247677  3.462402      14.718411   1673.534790   59.812988  5.608864  0.376430  380.996490
265  119.066811   7.029069   14.221769  0.288349  3.781716      15.346564   1694.033691   48.128227  5.532683  0.444769  400.103333
266  134.951553  18.731943    7.741611  0.342926  3.373878      15.014279    950.164551  100.897461  6.580503  0.493989  445.288422
267  123.169525  -0.409190   17.911331  0.249583  2.993480      14.783891   1908.691528  120.447929  5.323596  0.337636  284.077087
268  134.136520   7.860574   21.722065  0.262158  3.980302      14.441499   1941.412231  136.735718  5.853652  0.668867  367.944855
269  120.654556  -1.077619   13.075158  0.289023  1.947321      14.497102   1189.443604  154.562088  7.652841  0.285442  421.870605
270  125.120430  -6.197160  359.193359  0.244689  3.277571      14.696572   1241.144897  231.079987  5.266192  0.408115  430.356049
271  136.646072  12.145086   21.597401  0.332788  2.559589      14.246422   1888.798462  137.188141  6.278098  0.640455  386.219177
272  131.873428  21.757011    6.830945  0.332210  3.872728      14.648658    998.970764  198.322266  5.780283  0.325614  354.625122
273  121.684891   6.394059    7.605851  0.262118  3.792437      14.205989   1824.098022   91.409233  6.432899  0.515313  417.724152
274  118.382843   2.137557   18.602018  0.280270  3.374664      15.173561   1749.688965   29.042292  5.649940  0.484741  420.425995
275  135.352676  17.203978    4.423313  0.306299  3.769955      14.921027   1202.014038   73.003975  6.729105  0.482554  390.364349
276  115.679146  -7.408078   12.491205  0.280183  1.244166      14.804135   1301.635254   70.112068  5.144748  0.248864  428.296112
277  137.455078   0.709966   22.314756  0.304798  1.414045      15.095109   1612.706787  109.131882  5.467267  0.605937  416.476898
278  119.893341 -13.201532    7.051633  0.236025  3.599710      15.858312   1932.164917   45.654930  6.260742  0.499407  431.834686
279  127.475945   5.641217   11.955223  0.268017  3.680316      15.103652   1095.338379  109.087524  6.394169  0.309836  373.444885
280  129.643402  10.965429   27.085281  0.343562  2.722420      15.292333   1522.697021  128.619293  6.391929  0.501247  373.507477
281  119.518860  -5.194843    8.026908  0.236681  2.836052      15.397514   1835.964355  242.074066  6.277581  0.395908  378.781525
282  119.231827  -0.052218   20.689270  0.255186  3.874869      15.689893   1920.383301  234.215363  5.313957  0.500812  390.548798
283  125.625175  19.219940    6.152478  0.316365  3.855358      14.233707   1542.604858   75.583382  5.418415  0.518294  398.650726
284  125.206810  -4.937744    4.393840  0.221673  2.448727      15.541374   1626.507324  167.260956  6.168598  0.369406  332.889008
285  132.132507  10.941869   13.116299  0.300408  3.723532      14.383054   1021.307190  179.939041  5.633739  0.399426  407.689514
286  119.952209   9.430482   16.006367  0.311604  3.654367      14.980894   1063.801880  129.176758  5.153381  0.295232  418.377136
287  118.257339 -14.294607    8.588268  0.243584  2.962237      15.069359   1617.378906  178.895554  7.117778  0.311649  382.013611
288  140.491745   5.136535   30.515789  0.300984  1.924122      15.144239   1309.969360  132.109192  7.915438  0.336480  313.147064
289  114.899483  -3.337795    8.586230  0.246266  3.043700      14.642063   1520.505371  108.647369  6.543308  0.275009  384.759735
290  121.664909  -4.434502    0.528064  0.233048  3.043521      14.181437   1338.179321  198.969559  6.655459  0.206212  282.787933
291  118.385208  -5.696485   16.129719  0.266426  2.127024      14.970413   1244.156860  127.214142  6.641095  0.212460  356.694397
292  119.375557   0.068393   16.633265  0.282842  3.211941      14.103875   1075.813721  232.335831  6.645983  0.206348  384.362335
293  122.749550  -8.719657   16.757448  0.259991  1.803954      15.550763   1300.391357  239.345474  6.987500  0.363098  427.631958
294  116.165482  10.291574   13.789928  0.325594  3.193283      15.075917   1542.727051   93.831078  6.869061  0.390074  427.354523
295  116.855965  -7.013235    6.551214  0.239356  2.092360      15.119389   1834.731567  106.461517  6.589256  0.422074  424.863617
296  124.166191  15.885166   14.300027  0.323657  3.748076      14.734019   1495.769165  139.282318  5.439580  0.579537  418.733917
297  111.632858  -5.769690   12.741848  0.232448  3.401803      15.329186   1586.746704  171.707245  5.757369  0.236009  356.796082
298  116.034294   3.780090    5.450682  0.253707  3.607290      15.130049   1477.345459   81.446358  5.271326  0.302146  391.667603
299  133.987961   7.602542   14.286805  0.272718  3.457808      14.610277   1037.157104  143.163666  7.070149  0.200636  267.598724
300  110.582092  -3.235923   18.495886  0.272057  3.488300      14.029972   1548.612183  -18.981037  5.903002  0.275609  413.558350
301  121.184654   7.043485   11.494324  0.288370  2.872888      14.458986   1412.941040  110.616844  6.543758  0.286187  336.023193
302  130.447922  13.588248    5.290530  0.282068  3.378983      15.008300   1830.331421  236.495499  6.779881  0.395871  293.193695
303  125.094116  -4.174757   18.190599  0.282744  1.402406      15.355279   1982.423828  102.749252  7.688236  0.446480  366.120605
304  117.071152  -5.134723   10.882851  0.258903  1.815552      14.128468   1638.363037   80.454681  5.713452  0.316510  392.361633
305  119.253464 -11.100721   19.846926  0.237550  2.533931      15.746136   1532.892700  140.607590  5.452043  0.285389  343.359436
306  119.733223  -4.799311   17.879454  0.234207  3.576816      15.741014   1963.583374  178.532364  5.925783  0.374626  331.691925
307  120.034920  -4.747357   11.762148  0.267533  1.770513      14.538862   1473.475952  137.917175  6.921659  0.350224  416.122131
308  140.995453   6.193648    7.334249  0.331891  1.287898      14.582398   1326.728882  117.650589  8.528636  0.262941  293.237061
309  138.239273   2.930784   20.153368  0.339510  1.228954      15.246837   1185.122192   63.467484  6.151180  0.355010  391.209290
310  120.422707 -12.138080   18.721975  0.261854  2.308496      14.776269   1131.373047  197.250931  5.548393  0.207574  387.171387
311  118.585526  -8.487133    1.780569  0.227290  1.627704      14.723347   1674.512817  147.166046  5.782274  0.287051  323.675751
312  135.617859  13.050783   19.678185  0.335257  2.770557      14.848794   1281.927246  152.300095  6.523390  0.627821  425.353210
313  116.821487   0.193095   17.776785  0.262959  3.719482      15.345019   1773.287109  177.405090  5.729274  0.379310  378.232208
314  125.005714   4.066605  359.427307  0.261552  2.821431      14.343318   1120.136353  113.691422  5.777877  0.203171  326.067047
315  119.603226 -14.586017   18.157934  0.242392  3.158216      14.580069   1338.506104   81.487190  5.540085  0.266382  381.735046
316  117.086723  -2.239296    8.067540  0.244150  3.496735      14.184541   1709.092407   67.119957  5.394120  0.360554  397.160339
317  122.171127  -4.724285   35.644871  0.293741  2.821276      15.902274   1992.136719  186.919113  5.597692  0.595693  411.408386
318  122.700447   7.374179   29.754845  0.317369  3.459191      15.551867   1791.205688  143.050186  6.788846  0.621596  393.107666
319  122.822800   6.544822    4.278613  0.292090  2.985632      14.839362   1037.793335   44.439129  5.418731  0.276199  448.328522
320  116.744171   3.858861   12.007396  0.257322  3.704165      14.748014   1889.212891  243.490936  5.217312  0.364928  357.017212
321  128.150269  12.636237    8.012035  0.314270  2.800138      15.989841   1707.732666   38.926067  6.534344  0.456769  362.395386
322  124.998901  -2.629164   15.492531  0.255125  3.956651      15.256269   1434.717896  156.450607  5.642283  0.568147  445.515076
323  109.839218  -0.954878    1.706512  0.229660  3.097592      14.053612   1816.100708  126.137062  5.200603  0.274701  405.281921
324  129.309753  -5.577072   13.815189  0.266281  1.172327      14.352601   1659.549561   71.778313  5.435163  0.591012  430.305969
325  125.113365 -10.772127   24.468420  0.254910  1.596753      15.036837   1449.854858  100.223404  6.852962  0.364151  381.072144
326  117.590141  -1.365909    6.180996  0.240460  3.326178      14.925475   1644.910889  144.096802  5.972982  0.365937  395.999054
327  117.843483  -7.973964   10.693099  0.236601  2.368592      14.116221   1999.230713  115.285057  5.412013  0.440713  413.241760
328  121.165222 -18.316805   24.814070  0.240713  3.633586      15.338413   1551.249268  219.242294  5.560704  0.331268  389.767700
329  145.534698   6.459276    4.120687  0.327167  1.347319      14.789537   1313.362549  132.116135  9.708512  0.483437  408.414215
330  129.094223  -2.811226   24.833591  0.257178  3.359559      14.752265   1520.406982  154.193726  6.502839  0.517338  397.423218
331  124.837257   9.793159    0.296401  0.260803  3.394318      14.261584   1445.560425  202.572128  5.375208  0.322745  340.724823
332  129.302002   2.396096   16.448193  0.282718  2.281487      15.594021   1789.836426  104.115311  6.522290  0.462663  352.536713
333  122.712784 -20.461586   20.858404  0.237402  3.386536      14.563675   1405.320801  187.648834  7.040300  0.326140  407.107513
334  123.684311   5.008428    4.311088  0.265929  2.477507      14.163216   1733.812744  176.855865  5.765561  0.420968  378.568176
335  133.100327  -3.511995   26.539352  0.276557  2.059127      14.800773   1614.673340   39.310684  5.936357  0.723163  446.781799
336  123.437683  -1.857985   21.906012  0.261240  3.340555      14.114573   1753.116333  163.837677  5.685554  0.527278  403.878113
337  118.345284   9.695493    0.033338  0.285453  2.460386      15.938083   1594.254517  213.570984  5.823845  0.320526  385.305328
338  126.074341   3.917266   15.037707  0.304957  2.417969      15.483712   1181.241577   29.474466  5.755225  0.440217  440.448029
339  125.944221 -15.539712    8.990969  0.243939  3.675590      14.680552   1522.723755   99.465714  5.724905  0.404287  385.977600
340  125.608513  -2.544301   13.887309  0.262856  2.904381      14.700149   1056.597900   57.677994  5.733332  0.274584  399.185944
341  133.362183   7.023740   10.483241  0.270050  3.068910      15.749043   1898.974609   94.388496  5.238968  0.506809  337.166748
342  129.679581   0.042630   16.966738  0.294019  1.940673      14.364617   1773.278198  148.455765  6.554328  0.613876  428.863708
343  128.862915   5.383808   24.370979  0.323723  2.500867      14.658416   1736.012085   92.234100  6.050555  0.608333  415.457764
344  132.644516  15.709023   24.631802  0.325689  3.954705      15.196256    863.584595  137.865677  6.166607  0.345124  387.580475
345  122.409676 -14.911212   19.920938  0.257278  1.958639      15.492445   1330.648315  136.658249  6.183002  0.364442  435.858490
346  116.639313  -9.767877   10.132574  0.247456  2.301579      14.352125   1521.411987  154.600281  6.228152  0.340212  436.106476
347  116.755928 -12.861680   15.982171  0.218909  3.236881      15.124913   1988.176392  170.503250  6.021061  0.367507  371.138489
348  116.517212  -7.695428   15.107747  0.251195  3.773535      14.777233   1212.437988  127.059875  5.689414  0.225593  400.557251
349  130.202728 -10.015663    7.359353  0.232798  3.195598      15.581304   1595.708740   69.262550  5.589397  0.398352  339.474274
350  118.873627  -9.974405   14.598680  0.233486  3.857989      15.369331   1703.915527  224.125626  6.373833  0.324515  357.076508
351  139.091599  14.641426    8.106435  0.306114  3.236337      15.123958   1609.677979  208.911438  7.621973  0.785360  422.223114
352  121.397285   3.386293   17.962927  0.279805  3.861038      14.939700   1520.241577  190.894287  8.166382  0.505533  425.589203
353  115.109642  -0.384175   17.793526  0.252408  3.781367      15.975638   1627.348389  160.931931  5.313075  0.269740  317.427246
354  137.293762   2.167181   21.344603  0.304268  1.711188      15.264641   1299.572632  108.026901  6.185767  0.514475  415.671661
355  118.180962   9.696904   19.288441  0.298428  3.795150      15.050006   1748.791748  241.861588  6.449716  0.378547  327.158447
356  128.063507   4.328711   14.876851  0.269847  3.407354      15.351115   1224.620239  160.470367  5.835014  0.264439  301.423981
357  114.996948   5.206644   27.034237  0.345797  3.032135      14.347690   1927.458252   47.517963  5.603970  0.586349  447.453766
358  123.770721  14.717932   10.914755  0.328144  3.234997      15.257306   1722.699585   83.436195  5.530622  0.641202  435.997314
359  114.433502   3.345829   20.385668  0.292336  3.727665      14.734638   1569.491089   79.402588  5.640715  0.366840  399.286591
360  113.160736 -11.334790    4.314394  0.233920  2.846426      14.776035   1857.131348  121.342155  6.163321  0.329830  406.882263
361  128.478287   0.883925   16.980831  0.258160  2.536686      14.153187   1989.648804  107.330406  5.601915  0.506132  357.026001
362  120.713448  10.415542   23.230118  0.334146  3.282909      14.701568   1790.078613   74.677956  5.309767  0.636194  421.270752
363  117.994415   3.891654   19.210732  0.278461  3.920920      14.693653   1325.085815   25.867565  5.657845  0.233578  309.159607
364  121.561363  16.294947    7.152670  0.322060  3.262191      15.306915   1532.284058   37.536259  5.861194  0.366819  364.731659
365  127.511070  -3.049692   19.842812  0.243509  2.676752      15.541185   1908.535522  145.492599  5.930820  0.470745  342.465363
366  134.109589   5.583555    1.922115  0.288137  1.951864      15.347029   1836.169922  137.924942  7.079783  0.684351  425.641907
367  122.388184   3.138860   17.520403  0.285167  2.898901      15.406848   1919.836670  146.621277  6.924385  0.593144  424.254791
368  128.661453   4.535690   14.113637  0.263533  3.856386      15.639283   1273.804077  225.138184  6.457828  0.376902  359.834412
369  117.680397  -9.069608    8.060604  0.232347  3.442478      14.687549   1298.035767  194.781525  5.370659  0.212078  342.585205
370  117.282608  -0.630173   11.829901  0.249313  3.550842      15.418614   1897.364380  131.512207  5.924173  0.415328  398.167114
371  127.766808  17.192467   18.463385  0.330233  3.656512      15.419535   1865.096924  197.352097  5.614488  0.814639  407.508728
372  127.164085   0.164419    6.331425  0.263848  3.762045      15.360253   1093.532715  136.703049  5.256174  0.359939  425.880890
373  124.674179   6.345994    9.959900  0.295279  3.242561      15.799460   1082.724609   67.091576  5.536137  0.309474  414.709900
374  116.908257 -11.244455   23.797539  0.251470  3.011392      14.899760   1752.059814   80.696571  5.563003  0.425218  429.657898
375  128.617676   4.551510    9.558880  0.279328  2.711622      15.831972   1275.105103  184.054489  6.826720  0.352507  366.177582
376  113.261208  -1.827732    6.224585  0.270284  1.424030      14.940504   1776.237915   45.317417  6.020500  0.283508  382.522461
377  126.750725   2.379769   14.003022  0.253850  3.437723      15.441721   1713.352783  167.618362  6.066634  0.428610  342.526031
378  121.616760   0.740184    4.728660  0.262835  1.809827      14.883653   1472.584229   81.052200  6.922891  0.239415  298.421967
379  143.891846  20.938812   10.881588  0.345867  3.444372      15.947098    848.714722  189.733841  6.565372  0.469415  427.747070
380  124.664871  -5.327907   34.449078  0.272516  3.440677      15.842548   1049.338379   93.494919  5.156747  0.246284  350.957428
381  122.012100  13.158284   18.078053  0.324136  3.472675      15.649318   1306.978394  117.857338  5.439443  0.340782  345.342102
382  130.642426  17.571522   12.832806  0.343950  3.100545      14.178117   1154.499634  145.326904  5.648956  0.320788  343.873016
383  122.813110  -8.278316   15.512250  0.251360  1.541825      14.213767   1817.808472  180.494125  5.655951  0.513355  432.002991
384  115.504936  -6.235095    1.500907  0.250116  2.022137      15.343205   1261.065430  127.441612  7.587246  0.202168  378.064850
385  112.812057  -3.974074   16.392721  0.273788  3.477991      15.854540   1205.741577  181.001129  5.380052  0.234294  435.994385
386  113.329185 -12.573063   19.705446  0.254679  3.633697      15.181883   1452.894775   61.638832  5.280310  0.286770  439.191833
387  123.052574  -8.098481   15.488632  0.234456  2.868351      15.514081   1886.514771  104.611359  5.229110  0.477093  387.382355
388  120.136208  12.113479   19.416998  0.339980  3.649468      15.222925    914.393677   72.928375  5.293289  0.238534  423.224976
389  141.254242  19.380186    6.747769  0.335517  3.026749      15.462386   1739.813843  216.678116  7.576908  0.786305  401.899475
390  115.569443  -1.174795   14.106910  0.249361  3.716767      14.993731   1468.737793  249.230179  5.793573  0.214884  301.290100
391  132.945724   2.798006   16.764982  0.327321  1.621029      14.820498   1184.090088  136.442657  6.119667  0.421652  436.212799
392  131.296494   6.784877   23.107590  0.339655  2.064889      14.687959   1159.574341  114.074074  7.143272  0.236939  306.294189
393  118.878426  10.714963   15.045300  0.338222  3.054699      14.569534   1113.415527  115.509995  5.098781  0.319667  442.553528
394  121.971382  12.068436   15.654209  0.312965  3.723306      14.929765   1446.137207  246.123871  6.262228  0.549170  432.768280
395  124.302750 -13.529792   35.436974  0.275940  1.736447      15.819399   1709.354858   87.978233  6.355057  0.402570  380.917542
396  119.262177   1.913306   13.264117  0.304609  1.968924      14.666615   1516.562622   96.224327  5.680034  0.236057  309.345459
397  123.777855   8.709645   15.727511  0.324155  2.721465      14.035996   1771.753662   77.452385  7.013361  0.599483  432.343140
398  138.550690  17.868229   10.311301  0.324708  3.315905      15.913485   1798.187988  103.255463  5.693645  0.922449  419.733643
399  118.758766  -6.591533   11.676906  0.238137  2.415334      15.306778   1967.640015  109.372993  5.293418  0.422262  388.256073
400  123.065147   9.791193    9.889201  0.292037  3.205688      14.603549   1717.008667  188.193680  5.494359  0.455441  382.225830
401  130.537964   3.518725   14.046405  0.274600  2.678709      14.857327   1665.566040  153.942398  6.940560  0.554387  395.549652
402  120.048172 -21.723080  359.953735  0.263486  3.637080      14.605693   1900.412720   32.620251  5.024558  0.372389  356.315735
403  117.922447  -2.146587   16.782032  0.253814  3.758730      14.099269   1791.459839  179.745514  5.514764  0.403589  396.214050
404  131.632996   9.043898   10.909496  0.279292  2.958683      14.737273   1659.155518  246.523254  7.093407  0.382619  301.014313
405  125.683578   7.344379   19.865931  0.291801  3.375357      15.653682   1159.839111  129.262436  6.428407  0.279047  318.704773
406  117.680656  -8.630251   21.789467  0.238620  3.691455      15.927861   1661.208496  156.043945  6.188849  0.315486  346.687592
407  113.980843  -7.531671   15.816037  0.260380  1.803092      15.160294   1855.852539  163.467667  7.163582  0.274215  347.210358
408  123.161324  -2.060715   12.128038  0.237945  2.978312      15.391141   1910.909424  162.922546  5.110743  0.427709  355.953735
409  106.998596  -6.713139   11.405838  0.248687  2.351005      14.739646   1995.065674  249.904449  5.319850  0.292405  438.143524
410  121.315079  -9.317529   16.863811  0.253366  1.731755      14.567428   1241.502563  242.068741  7.164551  0.246581  364.084106
411  124.072227 -10.207837    6.603587  0.232778  2.763615      14.899540   1594.144653  247.429184  5.751743  0.378561  370.552704
412  129.248886   2.183258   28.359196  0.292715  3.104147      14.621791   1249.673096  173.107788  5.874347  0.497669  409.850220
413  117.624588 -12.216874    4.731282  0.252610  2.440750      14.999448   1589.498169  147.398682  7.215100  0.381326  438.507111
414  118.462448  -3.020033    9.337782  0.240844  3.161407      15.886816   1465.080566  153.614349  5.358410  0.314560  381.353027
415  110.374031  -5.318161  357.854889  0.242685  1.372859      14.268499   1592.196533   -7.322462  5.932146  0.275842  440.055054
416  125.693596   3.094732    4.948999  0.264073  2.916008      14.919147   1181.767334  132.063217  6.768342  0.438470  447.656891
417  120.018127 -14.600395   17.939959  0.224755  2.493091      15.971956   1609.090698  106.654968  5.387997  0.338769  371.542816
418  118.144844  -8.157656   21.955572  0.250181  3.392317      14.616378   1800.402710  160.327606  6.817334  0.450288  419.005951
419  123.998093   8.980976    4.537230  0.270657  3.320881      14.670678   1782.011719  120.782600  5.172294  0.444985  374.123901
420  123.877823   9.004204   14.816097  0.322425  3.035511      15.598468    950.249268  110.325188  6.489316  0.279434  437.019806
421  122.132217  -4.194016    0.919177  0.246888  1.795818      14.703949   1482.471191   91.723213  6.829625  0.398843  419.173248
422  125.417542   9.258332   18.857746  0.344529  2.556668      14.215035   1942.725220  195.647034  6.772363  0.670427  439.991760
423  118.902275  11.573374  356.794525  0.279314  3.441933      15.615481   1338.893311   83.461853  5.823181  0.282056  407.234528
424  119.275650  -5.355055  357.764862  0.236898  3.075923      14.528166   1531.391113  138.510361  6.399443  0.342115  393.850647
425  139.088791  -3.593323   26.260677  0.263854  1.028183      14.320667   1653.548828  157.017761  7.225391  0.372004  294.784851
426  120.546318  -9.269403   16.823862  0.271808  1.112663      15.162704   1656.729492   59.302776  6.259571  0.399846  418.142792
427  136.038757   1.929928   15.791018  0.304016  1.259270      15.607501   1787.383057   88.824493  6.272379  0.337785  271.019440
428  135.790741   8.492728   12.923366  0.305534  2.683521      14.389251   1194.827271  119.566689  6.490549  0.431818  398.606201
429  105.980209  -6.435287   18.422628  0.255340  3.541040      14.623668   1904.756226  168.151855  5.189334  0.215136  346.280731
430  117.362259   5.176231    3.936306  0.261296  3.041517      14.976647   1942.560791  113.424461  5.550564  0.445137  425.767090
431  115.594894 -15.211987   13.037045  0.241875  1.644492      14.794603   1423.169434  204.477707  5.423887  0.290036  426.305878
432  128.891907  13.216297    1.675889  0.287603  3.023892      14.392847   1262.260254  154.821091  7.614722  0.217461  260.830566
433  129.937927  -0.376540   11.061106  0.237560  2.175671      14.827480   1515.761230  140.712387  6.764849  0.302493  276.219971
434  123.752861   5.270010   11.411700  0.287969  2.771443      15.656467   1972.969116  141.981827  5.419359  0.527904  397.764404
435  124.662361   4.030154   24.216169  0.276049  3.523764      15.259504   1853.625000  200.815918  7.070172  0.404358  305.875214
436  131.079666  13.559577   13.409358  0.309619  3.484783      15.778283   1816.193970   87.611595  6.729994  0.761789  411.212311
437  117.559906  -9.060513   26.438650  0.286915  2.452052      14.244392   1315.777100  159.985901  5.799760  0.298380  428.718201
438  113.494057  -2.928698   16.522549  0.277411  2.559838      14.648822   1524.090088   73.208145  5.707995  0.252572  371.997742
439  110.265968 -10.174169  351.357727  0.253501  3.922056      15.184056   1562.500732  220.959885  5.908525  0.256757  413.126373
440  140.761078   6.313866   21.750299  0.304658  1.921256      15.460778   1484.731934  129.823563  7.908266  0.505722  373.198395
441  117.946129  -4.507449   20.253895  0.258528  2.609617      15.963171   1890.881836   76.713028  6.192546  0.319054  316.819061
442  120.779854  -9.689367   19.686506  0.248506  3.280904      15.069116   1844.920288  155.191574  6.055489  0.503540  435.728760
443  131.910385   4.286842   14.804816  0.264394  2.824455      14.464955   1889.587158  210.301941  6.893968  0.620438  386.460175
444  136.402115  -5.616111   28.504841  0.278281  1.120835      15.230465   1698.458008  131.420258  7.036499  0.693919  423.817474
445  119.332924  -3.371361    7.035588  0.247501  2.288183      15.356062   1603.684326   80.126762  7.305498  0.428992  430.362915
446  109.477081 -12.825228    8.635624  0.210376  3.427354      14.518288   1955.788574  136.140961  5.480519  0.257079  367.056519
447  130.612167   6.514998    9.486392  0.267784  3.479028      14.046468   1937.506226  219.335358  6.747602  0.700149  413.575989
448  115.594032  -2.949340    7.374905  0.236237  3.545713      15.859826   1481.576172  121.841103  5.786310  0.263755  359.751404
449  135.669281   2.998522    4.469512  0.267736  2.655937      15.503909    952.331543   76.224869  7.098539  0.365406  420.368469
450  130.381668   8.367703   10.405266  0.269320  3.294779      14.045280   1479.920288  138.095459  5.830697  0.324887  294.347260
451  126.321747  -0.692914   14.822606  0.271237  3.175297      14.258196   1336.091675   72.356270  5.983444  0.423037  414.044281
452  131.142776  12.321327   11.199039  0.319210  2.972943      14.087036   1182.157349  172.712128  6.792321  0.467764  419.565369
453  122.172600  -5.896577   15.607495  0.254861  2.389333      14.927978   1198.644775  143.454254  6.327020  0.259636  369.543793
454  111.556793   0.197030   14.168577  0.272886  3.665812      14.079575   1555.569336  231.372147  6.045093  0.279459  408.426270
455  113.250816  -5.157316    1.263489  0.233384  3.702225      14.601656   1727.961426  189.188065  5.108304  0.333512  418.167114
456  121.112015   1.031475   11.625999  0.268054  2.916816      14.545777   1842.783447  110.720589  5.690501  0.584066  449.918945
457  112.504051  -3.991961   22.422770  0.315370  2.432466      15.862648   1254.724731   29.923456  6.490308  0.242510  439.616608
458  129.996902  -6.331277   33.511219  0.270715  3.162661      14.972227   1046.598999  174.580093  5.775395  0.323855  400.312500
459  123.236328  -6.680676   10.743887  0.247898  1.980383      14.059054   1746.233887   94.310844  5.854706  0.509245  426.993042
460  131.936234  15.495292   16.329710  0.338228  3.507163      14.131071   1041.457520  199.529114  6.674667  0.562644  449.500244
461  137.119461  19.762896    4.679851  0.328642  3.388544      15.932185   1048.668823  196.215988  6.255963  0.379314  362.122803
462  121.267113  -2.413841    6.998090  0.242404  3.333594      15.284029   1701.322998  202.017593  7.764295  0.424835  402.284149
463  129.912003  -2.808762   18.075457  0.289544  1.993583      14.993591    859.958191  107.364410  8.097573  0.232166  437.869751
464  114.089081   5.461792    4.433956  0.272182  3.239800      15.553624   1276.059082  139.859680  5.557899  0.256917  436.818420
465  120.747452 -14.647332   33.911209  0.244333  2.917982      15.380283   1623.409424  222.038345  6.061293  0.248165  276.314545
466  107.134010 -13.932067    9.755593  0.226351  2.686768      15.051718   1931.421143  162.478043  5.702212  0.246849  405.707336
467  116.737129 -36.028889   22.472040  0.254197  3.466296      14.304688   1993.576294   99.044731  5.764871  0.261879  412.250183
468  110.038635 -21.178774   11.613617  0.241155  2.348891      14.984454   1562.219360  111.319725  6.673447  0.211183  417.881989
469  120.795074 -16.838612   33.531456  0.241750  2.780966      14.822109   1522.109253  168.352509  5.537510  0.284386  344.717896
470  126.631264   9.349492   25.041258  0.329091  2.876140      14.521025   1785.404785  123.005264  5.049888  0.635567  401.653961
471  129.055756  15.735939    7.111491  0.328257  2.970753      14.557049   1166.496094   62.875496  6.509537  0.359331  387.100220
472  118.559685  18.182199    6.587703  0.330151  3.110893      15.417993   1846.268188   68.760544  6.213689  0.257070  259.445618
473  117.164879  -1.001603   14.704742  0.274763  2.901529      14.174733   1721.391602  139.851395  5.146572  0.359925  394.669006
474  138.156616   8.953036   16.665167  0.329557  2.123318      15.225670   1493.637695  134.372223  6.403655  0.698730  445.694122
475  124.846962  -1.114597   14.077341  0.281816  1.948375      15.621814   1281.256348  187.410904  7.270251  0.345146  391.570770
476  126.544937   1.348831   21.805519  0.290257  2.891958      15.938081   1643.010620  120.702553  6.614254  0.617606  430.310669
477  122.521339  -6.585228   26.862099  0.275473  3.170379      14.153441   1106.263916  142.934769  6.413321  0.299182  421.951447
478  117.067902  -6.070890    5.834866  0.243918  1.894499      14.370370   1577.355347  104.483215  6.313070  0.370625  426.896698
479  124.411072   5.116941   10.261328  0.271726  3.354778      15.041379   1144.030640  230.580536  6.104642  0.202316  300.760681
480  127.428932 -24.580772   27.422775  0.239257  3.778790      14.364752   1751.592896  180.020828  5.307622  0.480984  424.294525
481  134.545486  -7.556190   18.967892  0.252888  1.413909      15.250144   1774.324951  156.915771  7.181486  0.696963  426.009552
482  117.613945 -16.662907    6.180536  0.248785  3.052625      15.457409   1681.374390   23.889534  5.647515  0.339355  398.270172
483  132.847275  20.652262   13.483845  0.340714  3.396201      15.263886   1558.643555  127.552734  5.022608  0.391599  281.856049
484  118.738602 -17.349279    9.737959  0.253352  2.748925      15.240993   1361.730591  106.343636  5.738610  0.295493  414.726624
485  128.921661   5.090217   14.578161  0.260021  3.072428      15.223090   1971.130005   63.636478  7.679315  0.385838  277.101746
486  137.206757  -0.222624   12.146768  0.270751  1.299013      15.125818   1456.853271  128.077042  6.596612  0.427314  353.149170
487  113.625687  -1.348675    5.013122  0.248349  2.349831      14.621102   1940.376587  235.131744  6.232407  0.363426  421.333405
488  124.740875  -7.125443   24.160070  0.285937  2.142044      15.365258   1171.001099   28.360165  6.108301  0.334302  423.727905
489  115.095764 -13.707806    0.018537  0.256559  2.401693      15.094042   1938.316895   59.105183  6.384096  0.367581  414.645142
490  117.354790 -10.382815   24.478554  0.273005  2.962397      15.274225   1411.831421  129.312653  6.960637  0.345913  439.019287
491  119.372910 -10.174657   15.518353  0.270414  2.971089      14.706483   1060.361450  193.921997  5.918060  0.201276  422.318207
492  140.901459   3.550028    7.973188  0.291649  1.602943      15.259192   1671.929810  166.150558  6.234932  0.765595  438.026031
493  136.041519  15.079971    2.885181  0.286413  3.861095      14.837520   1838.038086  193.622742  6.282034  0.679084  387.462402
494  117.599533   3.784171   15.351005  0.262889  3.950837      15.744571   1307.928833   61.922035  5.211679  0.221486  298.813477
495  125.785835   9.003104   11.369511  0.301886  2.527819      15.825547   1736.284058  112.911095  6.045908  0.350357  301.565399
496  117.556953 -18.418314   13.606355  0.247814  2.071938      15.028296   1662.965698  182.910019  6.149937  0.311891  394.719147
497  112.990707 -10.407687    1.468972  0.245894  2.054130      14.494379   1464.197266   69.435776  6.312746  0.264884  420.984253
498  118.730492   7.314307   24.511614  0.312731  3.655314      15.010422   1375.617676  114.101532  5.160992  0.424092  396.304749
499  128.072617  -8.058439   12.093165  0.243309  2.769509      15.445567   1244.613403  222.212967  6.178837  0.303371  354.050293
500  119.398285   5.621920   17.397194  0.298284  2.786881      15.090270   1753.374023  181.020035  6.813840  0.318692  311.300537
501  118.352501   6.349914   15.680086  0.287016  3.436958      15.706161   1800.510742   81.075699  6.184362  0.437388  381.703033
502  129.153015  -0.114049   29.542244  0.292463  3.407803      14.547567   1032.255615  206.387238  5.820319  0.332473  402.549377
503  118.105057 -11.066353   13.853537  0.235190  3.163763      14.622863   1766.781616  133.378799  7.303331  0.388394  403.641663
504  129.502625   3.533408   21.560694  0.279525  3.067014      15.813891   1124.038086  107.142685  5.569506  0.315784  347.350983
505  134.099319   5.070838   35.403919  0.301269  2.644728      15.745576   1796.331909  222.630905  6.070044  0.714038  401.248749
506  107.185646 -16.877060    8.621900  0.233913  3.237505      15.666258   1876.778931  180.943741  5.473165  0.256476  442.160187
507  130.457031  14.476594    3.319562  0.310974  3.246748      15.347366   1425.830566  186.750290  7.896912  0.592766  433.962128
508  110.333138  -6.177619   11.833108  0.255959  3.054120      14.069911   1786.987061   32.961323  6.143787  0.320135  449.293427
509  127.225914  12.744167   15.231793  0.293857  3.535117      15.169188   1719.555786  104.296959  5.246178  0.353190  269.670502
510  117.600166  -5.009338   17.795710  0.272920  3.270437      15.228462   1231.182129  156.311905  5.758216  0.231844  383.613586
511  123.205833  21.551109    2.095597  0.337269  3.644218      15.680724   1178.466919  125.063950  5.226720  0.376949  426.526550