            lon        lat         inc      D1AU     delta  launch radius  launch speed    t factor       B1AU     gamma         vsw
0    122.124168  22.052532  120.599945  0.343301  1.586178       7.993844   1254.416138 -135.750763  10.074427  2.926943  107.689995
1    119.592194  22.476288  122.248222  0.333046  1.017435       8.303090   1361.879395 -155.957947   9.051897  3.940620  131.900116
2    132.412949 -13.394170  137.391541  0.343349  1.272329       8.196534    933.047546 -103.307709  11.130946  2.980970   74.359634
3    115.551765  25.064970  134.672226  0.327920  1.647958       8.117633   1352.556030  -94.891167   6.847040  3.427284  178.113342
4    116.249458  22.645741  136.785980  0.324545  1.350543       8.565847   1618.658081 -115.455894   9.468552  3.823885  135.040421
5    110.492249  10.580456  130.827835  0.332270  2.314160       6.587849   1774.183472 -138.669083   6.554843  3.748581  101.491806
6    131.079193  -4.303287  137.378235  0.316981  2.134799       7.123551   1090.033447 -191.017410   9.235978  3.702550  115.228676
7    111.174583  -1.480512  143.423233  0.347058  1.979250       8.239089   1080.087280 -182.181412   6.742530  3.598523   99.865364
8    117.602310  -7.137948  146.588638  0.336533  2.936053       7.194217   1617.645996 -202.687561  10.645937  3.904889   98.481308
9    122.586075 -12.344884  140.542542  0.347019  2.237312       5.786209   1788.078491 -117.969055   7.398247  3.921995  105.298965
10   115.200958 -16.171412  135.105667  0.344863  3.845830       8.782998    802.710022 -202.483887   8.995602  3.644668   57.580280
11   112.714600  -0.166508  140.670364  0.275570  3.252238       7.484615   1589.065552 -175.916824   8.755929  3.675062   74.190308
12   122.270317  19.390331  124.575729  0.341000  1.161273       9.072157    937.776184 -133.764282   8.703910  2.587553   68.482727
13   119.859291   8.905217  119.291489  0.319345  1.747547       7.238554   1452.448242 -131.519943   9.152020  3.694762   74.950401
14   116.968811  -0.097688  121.140053  0.329757  2.417277       9.331703    845.622559 -157.974091  10.953941  3.850364   52.837513
15   114.648354  -7.336175  130.609589  0.300381  2.630726       8.436859    871.915100 -146.940170   6.985997  3.415242   51.177723
16   111.844643  28.096241  128.560333  0.346940  2.241081       6.359667   1340.181885 -177.682953   7.279106  2.140605  177.833710
17   107.312035  24.449759  139.869537  0.246509  2.471402       8.814225   1464.713501 -243.322525   7.665761  3.604581  135.279785
18   116.808525  10.197875  135.604385  0.312481  3.384960       8.438559    954.880493 -230.098724   8.715416  3.536960   93.090813
19   126.447464 -24.536648  132.216125  0.348189  2.683213       7.965916   1116.478027 -185.290710   7.379090  3.485027   50.863926
20   114.380928  13.180015  124.618820  0.320116  3.021943       7.544639    961.456421 -154.104721   7.372875  1.959225   61.238865
21   120.814995 -11.070865  123.445312  0.330378  2.547410      10.007694    747.552307 -104.163902   8.173951  3.927683   58.761417
22   121.227631  18.872019  123.165977  0.328309  1.592387       8.018305   1042.939941 -105.752136   8.562113  2.566049  108.926910
23   118.538132  17.114931  124.317719  0.339588  2.496346       9.408677    896.307007 -235.311386   7.966714  3.029721  124.480652
24   120.255066   7.467673  129.712509  0.338172  1.192861       6.573058   1752.966553  -83.362305   9.531764  3.617941   83.450783
25   115.374565 -10.850703  145.285568  0.338704  2.393721       8.323417   1222.680664 -180.796600   9.236241  3.875483  101.528549
26   122.472038   3.283009  149.243225  0.332485  1.191147       5.216438   1103.027588 -130.540405   9.591926  1.665876   82.772278
27   110.601936  -0.709640  126.512009  0.313163  2.843465       6.780994   1094.835815 -219.347702   9.401818  2.628975   62.112976
28   112.779541   7.481359  130.509766  0.300464  2.703786       5.937393   1924.411133 -193.199219   6.913455  3.324510   51.626431
29   117.203613  15.407477  130.692291  0.303200  2.774050       6.853270   1620.755371 -245.057922   7.646425  3.764966   84.406082
30   121.568359   4.297617  142.084686  0.328921  1.548972       6.891001   1242.982056 -242.367035  13.344841  2.369927   65.146744
31   103.400848  22.845942  145.971039  0.300934  1.074917       6.903699   1874.553223 -176.725876  10.107744  2.924339  194.754013
32   122.833450 -10.640098  136.142471  0.349295  1.758877       9.636924    731.978516 -249.816360  12.591668  3.818581   58.491840
33   122.616585 -14.757043  135.995255  0.344329  2.698339       6.383367   1727.398071 -219.467834  11.494061  3.858497   96.383041
34   128.304565  -7.712593  140.843903  0.336254  2.179046       7.789812   1567.247070 -232.986649  14.200408  3.758396   73.494118
35   107.148331  -0.890187  138.062424  0.320550  3.038198       8.050996    916.083435 -160.409653   7.665728  3.853415  129.781311
36   120.581161   4.078373  109.719383  0.325979  2.813547       7.581062   1102.738159 -133.457748   9.133022  3.755519   57.333256
37   121.206673  -0.088129  137.274139  0.301349  1.185791       6.995080   1033.718750  -86.408531   9.773122  2.980866   81.728096
38   114.896774   4.784883  133.408493  0.313801  2.726472       6.800494   1538.908813 -181.727188   8.524676  2.601167   57.579002
39   124.479408 -13.059442  123.683281  0.344465  1.673227       7.308758   1641.065063 -176.552994  12.536667  3.455791   51.506191
40   119.681053   8.764427  122.909210  0.333059  2.282016       6.316793   1411.045898 -205.944016   8.017888  2.863584   61.995930
41   111.775459  -6.257222  131.155090  0.338775  3.182804       7.662216   1163.239502 -249.033081  10.939675  3.288123   64.464531
42   110.753235  -1.989571  121.032532  0.331866  3.382893       7.555130    989.319702 -173.315704   8.740208  3.771268   87.714127
43   117.295341   0.423398  125.714485  0.316598  2.985251       7.436577   1073.377319 -115.595085   8.564059  3.655216  104.717102
44   117.401161   9.495260  125.946808  0.349266  2.314369       5.840399   1539.883301 -202.463440   8.893668  3.266024  112.739990
45   114.471680  -2.781898  130.361389  0.347686  3.455419       8.110281   1016.517212 -195.181824   9.307642  3.366249   61.793991
46   128.016800  -7.013202  134.145462  0.293759  1.824538       8.977053   1049.918945 -181.352478  10.350618  3.884154   65.056290
47   117.188469   2.310946  119.929916  0.333719  3.277842       7.612061   1123.361206 -182.756195   8.820014  3.503792   55.367519
48   119.257401  -2.463745  132.098709  0.290646  2.134530       6.469292   1716.241089 -176.738174  12.275746  3.702655   65.977745
49   114.295113  18.490141  118.997040  0.307864  3.032452       7.876149   1249.255859 -149.936844   8.506593  3.130230   96.269814
50   118.090149  29.353926  122.673195  0.280269  2.691941       8.779987    976.704224 -245.853012   8.897551  2.675240  106.279396
51   116.776749  29.305645  121.911240  0.335063  2.539327       6.585095   1863.715332 -161.830322   6.944622  3.225688  167.448471
52   119.598869  -3.450232  125.601570  0.340824  2.758190       7.893906    887.137085 -240.165497   9.673908  3.682828   76.186592
53   119.246765  21.690960  123.449440  0.303713  1.301782      10.526395    934.267151 -227.638718  10.815697  3.664562   72.153358
54   111.038979   2.172270  133.239746  0.348167  2.356551       7.649521   1702.489868 -132.578125   8.010530  3.773078   79.398621
55   122.643044   4.844627  137.135422  0.331074  1.202381       8.318408    759.302734 -248.874435  14.494543  3.011019  107.622787
56   126.016800 -14.116989  129.734253  0.333665  1.874127       6.884250   1419.563110 -134.794647  12.075485  3.626227   82.678062
57    99.311440   3.887791  148.104675  0.334706  2.577537       8.506151   1324.325806 -160.540939   6.798098  3.212764   98.045891
58   131.557968  -7.419476  117.898468  0.340481  1.221355       9.615653    724.179565 -177.064926  15.581379  3.887984   74.003838
59   114.747429   1.391644  137.086746  0.349876  1.949081       7.921565   1106.480835 -124.619255   7.952817  2.825812   67.332085
60   109.902771  25.474371  131.175217  0.297539  2.101936       9.692874   1115.644409 -205.346832   8.239656  2.683876   86.680794
61   109.159492   8.453778  142.794907  0.276190  1.870968       6.010536   1776.954956 -165.135223   7.800744  3.524890  104.088539
62   116.264854 -12.949109  140.680008  0.340819  3.728432       6.720278   1273.928955 -135.076477   5.907802  3.551723   86.626511
63   116.697601   8.898952  134.831390  0.320772  1.847505       9.033446   1122.715454 -147.124130   9.272567  3.802188   59.392937
64   118.680061  17.807323  127.605553  0.316220  1.983156       8.105851    969.289490 -197.911911   8.654754  3.572389  154.702591
65   117.409843   8.969831  140.333328  0.291273  1.896315       6.911021   1302.358154 -179.541885   9.111762  3.626280  131.677063
66   114.535149   6.689899  113.250931  0.339721  3.071254       5.803852   1567.348145 -149.904236   7.250475  2.680002   57.720222
67   124.458885  -3.117250  130.658798  0.323832  2.083195       7.817050   1269.569702 -112.401657   9.304029  3.865858   51.359272
68   132.598160 -19.538078  139.929092  0.343083  1.791387       8.505056   1454.827271 -245.567978  12.863470  3.505948   80.700172
69   128.392151  19.388638  126.548317  0.306081  1.624307       9.684252   1340.722534 -108.207275   6.676556  3.680012   50.444794
70   104.286713   2.960925  135.177399  0.319548  2.874936       6.873530   1433.906006 -117.907326   6.997054  3.412197   99.772156
71   120.943962   2.598815  152.414001  0.313285  1.250065       7.765008   1687.653809 -171.102814  10.207420  3.656297   54.139580
72   116.219841   4.937956  133.843918  0.349671  1.859878       8.125896    789.633606 -151.366638   9.025230  3.855998  145.931854
73   123.214493  16.094624  117.542763  0.346617  2.056472       8.668208   1063.518799 -159.226791   8.572037  2.964989   73.971931
74   109.234306 -10.020884  135.263275  0.330011  3.766848       7.190655   1207.791138 -184.977951   8.207376  3.954576   92.901787
75   112.320190  10.349952  118.366150  0.329597  2.447587       8.354247   1031.197998  -79.073685   6.799984  3.353704   60.382286
76   125.170273 -14.648448  143.174637  0.340833  2.217845       8.695623    979.613403 -117.643501   8.863751  2.978991   61.563747
77   119.425407   1.489196  131.719818  0.326830  1.955629       7.709013   1581.771362 -205.889099  12.218066  3.976913   64.695992
78   109.607758  24.609665  129.601959  0.300781  1.867203       6.895591   1902.217285 -246.283356   7.768414  2.550738   67.954628
79   110.930717  16.851042  119.409363  0.319113  3.271920       7.851656   1530.529419 -149.894882   6.144188  3.724517  130.835754
80   123.402634  -2.097697  136.238815  0.316917  2.442814       5.821983   1812.267578 -187.379700  10.240756  3.758128   93.219978
81   123.360664  15.961268  124.483047  0.349597  1.648819       9.020452    992.219421  -93.103294   7.801353  3.065366   89.404579
82   118.165459  14.382792  123.302437  0.279990  1.823361      10.107599    891.373413 -172.950150   7.117579  3.653317   61.712296
83   119.517128   4.841537  142.034729  0.279116  1.497901       6.297436   1630.561279 -186.685318  12.817249  2.963985   70.768211
84   120.979774 -12.349615  143.075378  0.325417  3.016184       8.831278    772.886780 -108.614410   8.271759  3.474849  113.487434
85   108.672302  10.820530  149.192642  0.341835  2.034858       5.635661   1324.500366 -195.808685   7.915154  2.419613  207.795090
86   126.620308  17.471014  115.350365  0.308784  1.748091       6.564069   1485.928223 -175.914185   8.113357  2.993271   59.172928
87   121.509056   7.728329  125.874054  0.300812  2.423430       8.631730    910.485779 -234.694717   8.978683  3.638995   55.488441
88   111.370926  12.835565  145.787216  0.319796  2.248692       6.968462   1439.413452 -193.678940   7.220893  3.563270  162.619110
89   120.034195  -3.288275  133.575470  0.349063  1.782619       5.981021   1703.251953 -222.908340  11.936769  3.202197   73.519913
90   112.641434  19.548328  137.147568  0.324010  3.221673       6.655778   1729.861328 -226.165939   6.710678  3.000432  129.574570
91   115.570808  24.797781  124.363846  0.338244  2.045533       9.117558   1206.304443  -76.947998   6.910602  2.558113   68.784294
92   131.566818 -19.292158  140.337357  0.325678  2.412220       7.227161   1340.313354 -118.280220   7.178920  3.004478   58.605309
93   121.376175  -1.933298  142.999130  0.334273  2.059120       7.951320    920.868225 -189.838089   8.832302  2.861679  113.722061
94   110.465332  24.849733  128.297440  0.314434  1.709225       8.895555    812.324585 -221.324554   7.532412  3.039252  187.654358
95   120.853630  23.962132  120.647324  0.347086  1.529575       6.752692   1925.675049 -138.727737   8.795484  3.988201  116.478996
96   118.669983  19.940475  132.175659  0.299487  1.251115      11.229199    894.636597 -140.870056   7.312079  3.968625   59.888401
97   119.544983  12.930571  128.753967  0.334520  1.349296       6.348589   1855.329956 -192.689697  12.038104  3.535426  107.489296
98   118.446121  24.362026  116.628769  0.303648  1.537613       9.001530   1154.602417 -237.120605   8.972717  3.185316   69.342117
99   116.753944  -6.399165  137.263428  0.325612  2.981110       6.462411   1975.375366 -212.493027   9.012566  3.717118   52.755089
100  114.900146   5.084845  146.638138  0.346051  1.561602       8.690498   1030.410522 -122.055130  10.093788  3.086763  107.113426
101  116.565613  -4.683409  132.871490  0.324061  2.613049       8.410407   1288.087524 -220.817490  11.227605  3.928387   72.309250
102  113.344284  16.317661  122.814835  0.324467  2.218585       8.038855   1251.795166 -170.040115   6.603396  2.743083   76.544403
103  113.148895   2.311169  135.334335  0.340652  2.769237       5.945611   1455.337891 -237.720001  10.570935  3.087054  100.014114
104  116.078743  25.498119  113.032600  0.343676  1.681051       8.577567   1478.287354 -111.899429   8.562861  3.128878   89.868111
105  118.696587  11.782936  124.022064  0.325831  1.992286       5.804976   1994.590576 -205.938583  10.437780  3.581084  103.068962
106  121.007622  25.361403  131.858459  0.316779  2.890088       8.240338   1298.710083 -157.959106   8.151769  3.664306  141.386887
107  118.060204  -7.155638  130.695862  0.329630  1.849533       7.267718   1272.178345 -239.677628  14.308957  3.152406   54.951443
108  119.630417  -0.396106  112.381325  0.331066  3.603354       9.474047    763.700500 -208.850098   8.401289  3.770095   66.904617
109  113.881180  20.365606  123.167763  0.286313  1.944704       7.187250   1906.279785 -111.733345   6.776395  3.580100   52.127769
110  131.950577 -18.062672  129.719406  0.346317  1.922005       6.798086   1581.219482 -221.869171  11.392556  3.987871  101.319916
111  105.000420  15.477622  133.475830  0.345832  2.545757       6.882212   1418.945068 -199.102478  10.051292  2.675498  138.462463
112  119.129013  27.850382  129.277374  0.347076  1.144768       8.803165   1124.894775 -106.989243  10.260706  3.853142  225.561264
113  111.836700  22.205051  134.520203  0.330871  1.075132       6.101904   1598.274414 -202.783569  12.405342  2.390020  128.380829
114  118.385147  -1.473058  116.250648  0.315782  3.896925       6.648654   1476.435913 -194.828568   7.599134  3.821215   55.977158
115  117.554230   0.134173  126.044792  0.330527  3.112606       8.311383    763.117615 -239.180923   8.099965  3.628551  125.967529
116  110.143623  13.186882  127.324783  0.295347  3.181723      10.955433    707.054504 -212.315445   6.789300  3.894217   56.265804
117  115.278206  -7.251499  122.148888  0.338488  3.570097       5.566217   1869.666992 -185.456131   8.768934  3.327028   76.992050
118  116.250053   8.220900  129.375641  0.321552  1.711870       8.908449   1038.064819 -170.500870   8.856244  3.481343   72.754044
119  104.498123  15.376923  148.559799  0.325460  1.144725       6.408030   1536.554199 -110.778236   7.490281  1.499077   55.271164
120  119.646156  17.498354  119.031700  0.345258  1.595244       6.827761   1624.965820 -169.927444   7.962641  2.977104   86.453613
121  127.194527  -0.162002  110.522308  0.322900  1.754528       8.541027    947.718323 -164.802414  10.040963  3.849104   58.548195
122  113.238327  -1.483046  130.366364  0.322374  3.101568       8.561903    818.497131 -199.827759   8.049954  3.582802   99.672684
123  117.048103  25.181093  134.141602  0.281457  1.196976       8.384418   1439.603516 -126.805435  10.044550  3.055628  111.213959
124  118.105225   8.199172  124.805908  0.337135  1.849355       7.926997   1008.111267  -99.504639   7.808501  3.290858   66.907143
125  118.865356  -0.507376  145.817429  0.303900  1.721011       7.857426   1028.475220 -200.493759   8.968223  3.235844  100.811256
126  128.695282 -15.900043  132.039551  0.329060  1.773452       8.671251   1437.161621 -127.534370   8.509964  3.875588   62.083351
127  113.687393  12.823128  126.612022  0.295516  2.676121       5.657737   1840.395020 -157.312729   7.735070  2.802175   72.961746
128  123.341591  10.343443  127.095810  0.316597  1.071429       7.543052   1734.647095 -108.870186   9.844766  3.583870   57.939041
129  115.580307  -1.357923  122.899910  0.339858  2.301065       7.846246   1088.227173 -188.324234   9.001481  3.716167   70.848618
130  117.710220   3.725989  137.765854  0.335024  1.397145       6.993905   1294.880737 -124.644966   9.969948  3.478560   55.408604
131  115.890755  -4.874529  138.075851  0.318907  2.752239       6.873758   1486.613037 -115.037407   7.906539  3.814024   73.620438
132  123.438095 -11.040321  119.506813  0.310336  1.910601       5.909872   1694.813477 -215.690582  15.067815  3.540185   54.112858
133  115.493530  15.601363  138.300888  0.336172  1.612827       7.243749   1326.835327 -233.961639   9.504016  3.234486   91.563019
134  123.547173   8.979867  129.401260  0.340461  1.662340       6.711369   1171.778442 -140.185669   8.741936  2.351936   97.309128
135  125.313164   1.548552  134.061005  0.314825  1.958398       7.057118   1768.635376 -201.200195  11.472402  3.467599   61.314346
136  113.208054  24.207563  119.814087  0.314463  1.958390       8.062754   1630.194458 -187.933105   6.656137  3.357347   73.702400
137  123.425026  24.168556  128.139923  0.307419  2.909930       7.975286   1369.543457 -213.984375   9.122828  3.209108  112.390556
138  114.163712   2.699758  122.673531  0.336369  3.701905       9.350668    963.476868 -237.508072   9.654965  3.545350   52.162567
139  110.351791  28.695118  119.828148  0.324593  2.246758       7.888681   1530.581665 -102.689331   6.186362  3.880209  172.115631
140  112.802292  21.453241  119.116814  0.324526  2.585335      10.582889    871.648865 -159.978531   5.900468  3.846047  107.922836
141  115.056183   9.006433  138.542755  0.276226  2.088647       7.236016   1731.085815 -140.982590   8.166817  3.651314   56.311764
142  117.451279 -21.376974  151.104355  0.320713  3.669071       7.847139   1375.159302 -191.847076   7.117426  3.914848   57.195091
143  119.663597   6.721632  140.097336  0.312166  1.762134       7.348287    809.867004 -179.929428   8.730248  2.418872   92.696465
144  130.844711 -13.278306  143.422638  0.334256  1.768214       6.562134   1580.627930 -131.637344  12.221478  3.022920   76.034424
145  128.339355  29.383045  109.406418  0.290413  2.395760       9.733534    921.764038 -163.593124   7.155125  3.660088  106.494041
146  113.516243   5.630613  129.279922  0.329107  3.035273       8.430397    792.356384 -176.626389   8.541086  2.502777   83.895721
147  115.202904  -7.987843  136.999313  0.330985  2.403884       7.481316   1473.390137 -143.453262  10.961086  3.419086   75.420593
148  104.088776  26.165981  143.943710  0.333683  1.206291       8.532192   1745.342773 -100.864670   7.180987  3.582158  226.225571
149  122.009613  14.143534  126.914040  0.340243  1.514619       8.121325   1038.198853 -179.448593   9.353246  2.783009   85.688995
150  116.205833  29.044926  111.057922  0.302339  3.349396      11.438300    704.406067 -182.561310   5.874737  2.820816   73.727333
151  115.977989  13.223041  138.683807  0.304251  3.121052       7.334687   1467.257690 -222.993042   7.295242  3.430099  109.688332
152  132.265930 -16.999052  147.118973  0.346211  1.691153       9.038230    863.231567 -216.600159  12.091249  3.040497   59.505463
153  123.612907  -3.739896  121.850830  0.348315  1.356489       7.093875   1635.856934 -221.837265  16.810287  3.892036   55.882786
154  115.543922  13.658082  140.790634  0.348121  1.222782      10.408796    833.657715 -163.795502   9.815866  3.302260   71.127647
155  121.552788   8.772586  116.616570  0.320132  1.787825       8.470141   1027.989746 -167.502075  12.120093  3.219472   66.425758
156  122.387718   9.645472  126.657188  0.341310  2.280411       7.340307    957.237793 -152.653870   6.203040  3.821949  146.810028
157  127.988853  19.759478  114.374161  0.303444  1.708340       7.845019   1795.519043 -124.553780   8.961547  3.819607   74.234436
158  118.694405 -22.436666  131.746063  0.346415  3.270669       8.712574   1218.545654 -176.548431   7.345315  3.671937   51.654613
159   99.832153   4.153068  133.399643  0.313407  3.422163       7.958530   1291.851074 -171.651779   6.228717  3.773243   76.443947
160  123.101479  -2.946787  137.586136  0.338509  1.484271       7.551324   1567.374634  -59.656044   7.789328  3.145341   53.945820
161  118.931450  -0.928897  116.303604  0.294688  3.485240       7.106843   1282.418823 -158.384201   7.323801  3.783837   73.451271
162  113.289017   9.901686  133.740036  0.345270  1.733161       8.568756   1225.383423 -207.301025   9.572309  3.115616   64.419167
163  119.500824   4.732458  117.912331  0.342976  2.048758       6.375814   1942.457275 -151.233566   9.490685  3.992998   60.220074
164  111.960747  12.170022  131.152512  0.324909  2.803012       7.785624   1327.667847 -167.271622   7.982422  3.570544   84.037376
165  119.690132  -2.820196  145.934723  0.343533  1.521390       6.825731   1023.570740 -194.043808   9.472897  2.798723   79.749626
166  119.680763   0.698286  126.413605  0.335866  3.162993       7.363690   1319.616577 -186.219498   7.342670  2.973001   52.787918
167  119.938004  17.005297  126.313805  0.347382  1.121118       6.867360   1431.971680 -124.053375   8.837406  3.451587  121.750641
168  127.235764  -3.262614  135.158508  0.310770  1.577566       6.978408   1419.326294 -125.327995   9.873109  3.855306   97.877312
169  107.527229  25.491529  141.471146  0.344408  1.002032       7.888894   1920.201050 -180.377029   9.696653  3.771669  173.871872
170  112.724854 -19.649132  132.931091  0.343114  3.222983       7.952082    731.961792 -158.533432   9.128501  3.324949   58.845783
171  116.656593  12.341350  134.714188  0.328544  1.417494       7.614313    824.553894 -113.702538  10.795564  2.415628  143.957870
172  117.693695  -4.373188  138.190369  0.341973  3.461197       6.906643   1279.570068 -199.793625   7.753468  3.891369   83.704430
173   97.291168   6.878539  140.263794  0.304919  3.605569       6.745517   1848.527222 -167.760162   5.417153  3.992309  127.306808
174  109.330559   8.364221  139.998688  0.292154  3.275635       6.454347   1727.156372 -221.745956   6.380705  3.649781  119.874016
175  119.080956  -7.715961  135.111526  0.336926  2.217048       8.807953   1020.466309 -218.668732  11.081532  3.746515   51.163944
176  119.832947 -19.337084  155.032883  0.340622  3.599157       6.375176   1442.724487 -115.127266   5.999192  3.892922   94.811195
177  115.587769   8.269400  140.012314  0.317254  1.116792       6.321900   1779.171875 -170.391510   9.269882  3.825469  114.005478
178  112.226715  21.810677  136.399078  0.333074  1.698920       6.498227   1852.109375 -205.795792   7.187445  3.539314  137.562866
179  124.859711 -11.119892  135.976379  0.336432  1.851192       5.600036   1573.699707 -154.378662  12.243577  3.364405   88.148415
180  130.084717 -24.044880  138.041367  0.327085  3.726226       8.052079   1762.809082 -243.596771   9.535059  3.772763   50.020359
181  113.498825  -5.617049  148.752472  0.316046  1.882513       5.981040   1706.217896 -196.979538  11.254741  2.851567   59.070675
182  118.424759  -5.160256  126.311752  0.334071  1.863119       7.512893    871.859009 -124.988960  11.224727  2.986672   68.173874
183  114.830177   4.238668  120.793663  0.341281  2.465874       8.950056    874.976807 -145.900681   8.561838  2.853959   58.175331
184  108.203720  21.065413  147.568665  0.282953  1.265819       8.630065   1202.765869 -182.716476  11.821568  3.518149  150.011841
185  120.761406  -1.728344  129.040329  0.336942  3.059024       6.945118   1296.093506 -185.692261   8.485267  3.521729  104.856590
186  117.115318   1.376691  126.347328  0.329515  2.455574       5.859735   1765.858643 -210.746948   8.630628  3.567892   87.961815
187  121.142723  14.745698  128.509735  0.297502  1.361924       7.757698   1279.320190 -161.398376   8.492344  3.405802  101.987724
188  120.410995  12.474739  133.984756  0.301350  1.295670       9.237960   1153.514404 -224.332825  12.584387  3.927602   55.870239
189  116.522644  28.570711  121.453423  0.333565  1.595681       7.952694   1666.512817 -240.926056  10.201592  3.036515   97.842453
190  109.498123  22.804367  139.626312  0.315066  1.013193       6.748935   1978.247925 -102.635300   9.785273  3.637784  200.011841
191  111.069885   7.303771  142.839706  0.338117  2.215771       8.824283    940.373474 -179.922668   9.137245  3.168832  123.249702
192  115.926117  16.009212  132.424210  0.315704  1.916413       5.853827   1674.520874 -127.378296   7.597300  2.838511   86.658516
193  132.753601 -19.555412  137.872192  0.328185  1.794805       7.971289   1096.078979 -142.521942  10.220057  3.723745   87.956215
194  114.367966   2.911906  144.738159  0.310420  2.021158       8.269554   1472.395874  -83.750565   8.589609  3.906563   90.864647
195  121.552162 -25.600021  134.018005  0.339029  3.168906       6.938220   1225.600830 -246.717926  12.428799  3.390474   54.197693
196  126.302734  19.064001  114.047501  0.301957  1.266891       9.315326   1002.358582 -123.677017   9.829058  3.938304   84.439941
197  112.176086   9.419854  137.571701  0.348300  2.694354       8.638290   1046.335083 -181.302612   6.968766  3.133186  109.308128
198  128.450577 -16.061630  133.815033  0.338276  1.883575       8.076836    974.988831 -145.689911  11.193470  3.392060   92.863464
199  141.764267 -17.572481  140.679916  0.333523  1.236261       7.614603   1783.020264 -175.202393  13.843486  3.810904   71.649483
200  109.148796  17.385649  132.116608  0.298362  2.628279       6.369181   1820.994385 -129.258423   7.305857  2.860278  116.006874
201  120.842598  19.803879  123.286613  0.347923  1.013082       8.667332   1646.003662 -130.088348   9.943023  3.991450   89.153778
202  131.086014 -11.310285  135.778580  0.342084  1.584783       8.650827   1058.151245 -172.036194  10.466463  3.579132  106.806038
203  121.109779  14.392309  119.261383  0.327382  1.925241       5.649200   1853.332275 -165.485748   6.453623  3.056320   74.079796
204  120.411003 -24.266354  153.864212  0.319410  3.734071       6.255573   1679.079102 -233.371780   8.001985  3.957251   89.279099
205  118.087494  -6.527548  131.622894  0.339160  2.970160       5.555926   1516.879272 -150.869598  10.348923  2.641448   58.851009
206  130.492554  13.384211  104.578094  0.301878  1.891209       6.982270   1416.657227 -175.163330  12.128312  3.348812   74.999123
207  109.244766  19.739532  141.953247  0.273211  1.439323       8.826460   1456.779663 -212.364639   9.370403  3.764407   60.460678
208  118.035805   2.050607  139.382751  0.323983  1.677407       7.304873   1549.048096 -175.555923   9.896372  3.103110   54.426678
209  116.346748  10.774560  139.482391  0.302578  2.222577       6.272942   1535.400513 -203.568726   6.627025  3.551869  113.661491
210  118.007156  11.781016  133.537384  0.320126  1.423606       8.477238    904.360474  -65.921806  10.893564  3.277223  157.736435
211  107.972000  14.212638  143.192764  0.346737  1.750814       6.480106   1132.532837 -131.280365   8.071701  1.499660   57.117382
212  125.561775  -7.271419  139.052032  0.341204  1.804073       6.923559   1011.646179 -196.002350  11.963367  3.229513  118.992897
213  124.452965  -2.883679  125.849876  0.322061  1.681259       6.397696   1633.158203 -203.683304  10.117770  3.194849   51.651047
214  117.560043  21.949390  128.700775  0.317762  1.529175       8.055696   1734.636108 -167.023163   8.219985  3.990037   57.939404
215  118.521996  24.031069  132.436127  0.325404  2.069608       5.920346   1603.307617 -195.584778   9.043391  2.820968  109.775719
216  106.981087  13.733917  138.957504  0.329180  2.626683       7.777716   1043.084229 -210.287186   5.590143  2.476583  113.095596
217  123.693077 -20.803530  143.559097  0.333549  2.214904       8.275201   1381.478760 -238.738708  10.166357  3.769532   51.335777
218  109.995651  16.220558  134.389557  0.343313  1.535106       6.559713   1326.495605 -183.866089   7.730283  3.336553  196.660507
219  107.947685   5.477088  121.973473  0.325825  3.036838       5.566080   1834.313843 -184.662399   6.534471  3.298013   54.389435
220  112.543823  18.404249  134.367126  0.309722  1.882892       6.387926   1521.756348 -155.745117   8.033793  2.974954  112.189354
221  118.915932  24.286505  117.650177  0.326363  1.246078       9.849957    964.844482  -76.386108   6.740147  3.966720   77.888069
222  105.583275  20.268225  138.121048  0.327060  2.263127      10.019930    804.285950 -178.638412   6.021033  3.850551  175.024475
223  107.434555   2.718311  141.414551  0.304039  3.990642       9.090542    900.404541 -152.739700   7.846236  3.757379  118.737213
224  111.789505  13.462950  125.851059  0.335376  2.955771       8.260170   1323.986938 -245.230438   8.500076  3.475232   85.729797
225  119.464745  19.848267  121.071190  0.289109  1.713927       9.010745   1064.877686 -205.019577  11.276624  3.286431   58.987156
226  125.705330   6.420999  113.197762  0.326345  1.161187       7.874766    935.776794 -131.645935  11.495461  3.521976   78.970276
227  114.210495  10.794625  130.214706  0.285014  1.857353       5.244720   1961.000000  -64.393135   7.446452  2.853977   76.248459
228  126.781250  -5.070571  104.374763  0.314149  1.911018       7.674333   1023.243591 -172.398056  11.200221  3.917633   93.272743
229  115.624588  13.346811  138.956787  0.304927  1.418161       6.310153   1363.708252 -135.402512  10.038971  2.515419   96.038513
230  124.900002 -22.387667  132.500137  0.345071  2.905125       6.135229   1320.015747 -151.149475   8.767642  2.885057   61.813156
231  108.159859  24.703087  127.490944  0.336922  2.505298       6.638726   1841.583740 -236.711990   6.865743  3.182878  119.007263
232  125.905235  15.593720  122.091843  0.301912  1.029985       7.798449   1355.485718 -129.147278   9.565279  3.798899   88.560516
233  135.473389 -16.453896  138.271759  0.340533  1.558153       9.472651    981.166504 -178.832855  13.035842  3.701694   63.514011
234  114.252777 -20.882254  145.791748  0.340522  3.249022       6.057989   1506.298340 -193.273422   8.148246  3.543969   92.703133
235  116.730270   7.695616  133.443634  0.300450  3.537902       7.240973    950.063782 -209.295044   7.185327  2.251111   71.383507
236  107.558777  21.526321  144.451035  0.341673  1.084913       9.861328   1013.699158 -149.614609   6.900881  2.806834  149.240280
237  125.375351  -0.885113  120.500908  0.344101  1.648779       5.457948   1718.947144 -101.861862   6.225058  3.131605   64.634682
238  114.226830  13.522515  120.451164  0.338209  3.980970       6.209337   1569.297607 -184.452698   6.665119  3.360507   90.760208
239  124.645668 -11.150493  129.457092  0.348317  2.665419       5.588449   1577.813354 -182.263123   9.658246  2.609504   52.004837
240  116.166428   6.478792  142.022614  0.308134  2.018734       7.018897   1444.831055 -212.122192   9.455303  2.499172   65.874992
241  118.209381  14.541249  125.586403  0.295674  1.804096       5.429522   1726.134888 -146.500931   9.970507  3.080310   83.494835
242  124.732536  -2.429890  136.458176  0.349854  2.565800       5.692927    993.015503 -141.280502   6.635750  2.093253  105.624741
243  120.796097  17.883907  128.212341  0.316997  1.386828       8.008743   1099.820190 -142.797928   7.689038  2.726656   72.834267
244  117.772507  11.373264  131.015137  0.329977  1.600825       6.581730   1818.106201 -181.947876  10.978744  3.631603   62.362267
245  132.100922 -13.086279  130.113022  0.313513  1.217371       7.899234   1305.398193  -92.854393  11.360235  3.592255   53.086662
246  114.989098  -4.181478  129.107864  0.340497  2.387013       8.195822    921.013977 -107.308060   8.267410  3.134367   85.667038
247  114.825333  10.253687  129.846054  0.315601  2.338719       5.015615   1628.085815 -153.421936   9.408744  2.772409   96.720749
248  122.750984   2.238315  138.418243  0.315538  1.174198       8.223931    873.473511 -208.424042  11.454168  3.221919   96.042389
249  108.948540  12.559094  133.412430  0.309024  1.787920       8.257799   1638.587402  -93.508263   7.192469  3.876358  108.829849
250  120.461334 -16.927589  131.469803  0.347595  3.494452       5.992408   1564.346069 -220.914017   7.860778  3.415384   59.199833
251  121.027168   7.170700  119.262695  0.328990  3.051501       8.461761    757.037292 -227.520538  10.929656  2.976976   76.212677
252  126.626419 -19.810791  130.042038  0.348876  1.755492       9.821225    908.597107 -167.800842  11.249149  3.455261   56.950516
253  118.850601  -6.163750  125.460312  0.327539  2.209112       6.042006   1446.830078 -202.628845  13.460369  3.120330   57.954128
254  111.813301  17.112968  114.359802  0.346897  3.370124       8.150409   1158.964478 -173.726593   5.771994  3.374131  110.095772
255  119.004066   4.157110  135.020172  0.297061  2.855081       8.218061   1155.995361 -181.812241   8.033824  3.408552   69.860443
256  126.806808  11.795636  119.354095  0.295091  1.789469       6.907080   1713.216675 -206.140610  10.128281  3.637253   61.047344
257  108.760223   7.088442  130.068695  0.317095  3.570105       6.790296   1494.459106 -230.324249   7.855118  3.482270  106.242752
258  109.645409  12.110270  132.622452  0.333730  2.504194       6.051776   1411.041504 -150.021500   6.992737  2.692024  108.276077
259  118.262810   4.261544  124.429367  0.336953  2.703085       6.924556   1563.084961 -172.677063   7.461924  3.904382   57.427906
260  116.731178   8.720012  122.844215  0.328992  1.859249       6.667240   1620.017944 -182.926834   8.596769  3.128673   62.286873
261  126.856316  27.503399  106.032051  0.301835  2.264707       8.206503   1210.367554 -185.403198   7.233210  3.172936   75.998596
262  123.524879  -6.010161  123.747620  0.342298  2.634359       5.953291   1621.107544 -183.693085  11.023410  3.917264  104.430199
263  108.466179  -2.946274  114.773094  0.343063  3.016457       5.497636   1745.585693 -199.051285   7.760510  3.563102   52.221912
264  129.405914  -7.901738  128.975800  0.334184  1.760494       7.277075   1570.382812 -177.961761  11.107717  3.572321   54.704842
265  122.820435   8.462878  122.501297  0.317398  1.472655       7.206393   1633.385498 -159.488876  10.273198  3.581729   53.985909
266  101.443466  20.774963  131.250229  0.296992  3.166172       7.071835   1873.403687 -221.646988   6.438389  3.457163  153.672241
267  118.632210  26.073160  118.765228  0.306723  2.070677       6.825958   1145.624756 -220.524551   8.833342  1.836229   63.173927
268  112.238907  12.983243  140.478729  0.341214  2.761654       5.931326   1916.424438 -101.548912   7.181008  3.448563  116.413414
269  109.721703  -3.045597  140.801346  0.323534  3.405416       9.916120    722.094666 -224.539093   8.637482  3.681170   66.838875
270  123.936195  -5.556054  127.165596  0.348764  2.073865       6.548811   1381.298706 -234.811783  12.725765  3.558152  111.724915
271  120.574829   3.608686  134.441818  0.339092  2.841573       7.085329   1968.458984 -199.549133   7.156009  3.659145   76.086235
272  108.158310  17.173820  147.747910  0.296531  1.819539       6.042778   1790.454102 -178.050659   7.304937  3.662692  202.685791
273  115.851044  29.563120  117.732162  0.314442  2.325850       8.415631   1182.330322 -166.390610   8.550302  3.901493  171.471252
274  121.123520  -4.583353  140.253693  0.338942  1.851544       7.881004   1383.843628 -118.720596  10.954739  3.844937   68.151131
275  118.577835  29.280962  129.849091  0.280754  1.756720       9.940938   1209.582397 -213.625641   9.253738  3.965144  107.180031
276  112.168510   5.866935  140.953415  0.347197  1.985805       7.083204   1635.770386 -134.057709   9.918938  2.771837   79.259262
277  116.062531  15.512349  122.167992  0.299272  1.671225       8.281228   1181.325562 -104.390381   9.312545  3.377813   80.054626
278  118.818428  21.036900  118.351326  0.321481  2.276031       6.771793   1713.977539 -158.214737   8.347586  2.970485   73.002983
279  115.207108   3.968174  139.620453  0.302429  1.753469       5.542907   1671.634766 -145.208435   9.986538  3.094174   87.149246
280  111.219864  27.219048  139.217987  0.333909  1.286703       7.884018    981.452881  -89.814987   6.797017  3.489377  321.289856
281  121.194176  14.032502  134.588715  0.295447  3.869027       5.905436   1845.823486 -203.650192   6.643519  3.374872  104.783485
282  134.090378  -7.770314  132.010498  0.337103  1.279974       8.027148   1004.372559 -217.430252  12.944063  3.564400   77.771629
283  116.403297   0.920148  115.677231  0.343939  3.159229       9.151967   1048.907227 -145.891937   8.720823  3.966810   78.997826
284  120.810806  21.749161  120.055763  0.326775  1.575499       9.588182   1062.436401 -218.028336   9.575535  2.945487   57.305397
285  118.692352   0.006007  122.362213  0.341267  1.929982       7.240698   1590.339844 -188.894897  11.475650  3.823924   83.221329
286  118.610748  27.884518  116.163010  0.294229  2.613595       7.325383   1827.760742 -204.944183   7.052131  3.208361   57.485050
287  121.685905   8.685562  117.238960  0.334814  1.550120       8.321287   1018.935364 -192.688675   9.767655  3.344806   97.489929
288  113.952751  -7.291649  152.054550  0.291264  2.107013       8.996521    844.501831 -159.708054   8.677985  2.863528   57.670361
289  122.171661  17.149244  131.587372  0.270091  1.214635       7.706903   1372.770264 -129.036285   9.340280  3.734523   90.207230
290  126.550247   1.587921  136.419983  0.324180  2.582624       8.424149   1160.548828 -228.058807   7.656873  3.802232   55.891266
291  124.223129  22.534357  120.389023  0.328804  3.253584       6.359214   1790.068481 -173.076813   8.636169  3.818199  128.684738
292  121.602333 -22.406620  130.755035  0.338420  3.446625       6.051366   1347.681030 -161.602798   9.152172  3.760354  123.957886
293  109.795731  14.243965  142.766983  0.309031  1.846494       8.063252   1878.844116 -223.989151   8.289155  3.805560   81.171944
294  119.671196   3.117785  125.472076  0.315347  2.315350       5.690214   1575.772949 -137.663864   9.958564  3.604524  111.465591
295  115.900421 -11.250854  132.118820  0.340364  3.206023       5.694298   1747.432129 -168.780090   7.746369  3.324423   93.063156
296  117.033943  25.782043  129.504517  0.298945  1.654283       7.031002   1919.866577 -197.721954   8.608644  3.845498  112.902855
297  115.160530  10.150294  143.854355  0.327637  1.339245      10.015486    798.409302 -209.773285   7.829083  3.683617   83.176147
298  115.078590  15.447103  117.490005  0.282228  2.554511       9.196107   1121.788818 -207.496719   8.647936  3.656648   53.061794
299  115.771797  -2.020028  116.469414  0.338029  3.625719       7.733801   1146.663940 -108.939629   7.691031  3.284930   59.137413
300  123.870506   7.393979  131.070511  0.320119  1.201640       8.180046    862.627136  -92.077385   7.244594  3.101850  108.175163
301  109.903893  12.750093  125.704567  0.309144  3.206032       9.147989   1014.341919 -142.871445   5.759320  3.355834   67.254135
302  117.649734  22.720343  131.532928  0.309450  1.506984       6.326248   1899.411621 -189.682358   9.322246  2.972679   60.266350
303  115.360626  -2.872004  121.811485  0.342353  3.171980       6.629663    987.125488 -214.211929   8.437454  2.620425   73.532814
304  115.495903   0.610714  118.630058  0.343334  3.901501       5.373367   1792.335327 -120.544037   6.687392  3.163562   84.615150
305  119.127144  -5.529197  130.579269  0.298391  2.236046       9.690839    877.995728 -100.393951   7.562657  3.975351   51.243603
306  112.535873   2.749557  146.987045  0.280363  1.920714       7.394008   1137.425781 -196.115814   8.327807  3.377346  121.076347
307  114.804634   5.521884  132.725204  0.302099  2.819036       6.363664   1702.253174 -161.948441   7.590018  3.900054   91.941200
308  120.617088  18.936592  127.031113  0.345276  1.057241       8.184550   1346.483765 -144.832230   8.701607  3.040334   97.577377
309  109.075096  10.945998  128.275757  0.345120  2.682400       7.399377   1984.723267 -154.283493   9.745736  3.633799   94.205452
310  110.742752  -2.885570  142.571167  0.326775  3.891253       5.905787   1604.183716 -165.663605   6.765665  3.301089   99.622368
311  114.847717  24.722572  127.450539  0.277501  1.483187       7.471867   1611.263550 -183.169464   9.918132  3.231873   88.380180
312  120.588165  27.808744  120.397491  0.305490  1.379519       6.485935   1824.543213 -178.342834  10.766049  2.567765   89.882706
313  108.532188  -9.107426  153.375580  0.338348  3.905482       6.136807   1219.390991 -225.849991   6.125646  2.110323   91.804100
314  110.399803   0.589883  145.317932  0.270901  3.134409       8.114742    868.723755 -227.272690   8.973030  2.295394   64.757637
315  116.795204  11.486199  128.651352  0.339148  2.311381       8.878796    853.150513 -129.703522   7.525594  3.596384   86.535202
316  111.348839  18.931675  139.578018  0.293782  1.233504      10.627764    845.008728 -172.794647   8.835895  3.268456  121.766479
317  108.580795   5.627933  139.472168  0.328721  3.738186       6.671287   1853.253540 -134.119339   6.427030  3.338671  147.536758
318  127.857796  -8.506082  144.427902  0.302909  1.943849       7.389200    995.430420 -153.467163   9.176945  3.381672  106.515305
319  117.648315   5.771165  133.136963  0.338180  1.998136       7.698972   1473.946655  -60.133503   6.155587  3.527953   86.048996
320  106.795197   9.160355  125.919502  0.349127  2.950864       7.382817   1534.490967 -177.778946   7.459873  3.032590   73.698891
321  107.176132  28.991245  136.778076  0.330049  1.025790       9.330253   1405.310059 -146.148102   8.502405  3.753566  165.814545
322  122.941284 -15.236403  142.872345  0.339726  2.754940       7.563871   1352.637451 -226.383789   9.208896  3.274479   58.951153
323  120.377937  -2.130786  107.290497  0.322689  3.936670       6.819413   1329.072510 -211.530640   7.052953  3.477880   72.134300
324  116.323433 -13.094371  128.742188  0.338633  3.543549       7.034412   1836.530151 -224.673309   9.336664  3.615186   62.237888
325  116.596909   7.845099  138.639938  0.309933  2.394054       8.728231    948.634399 -197.412979   9.431447  2.748681   80.692604
326  109.387505   1.309905  139.086914  0.339674  2.215016       7.434928   1947.664185 -131.210556   9.340338  3.969732   81.277977
327  113.276138  -2.570383  132.374313  0.337572  3.252356       7.455165   1501.852051 -187.617188   8.428230  3.579734   61.727524
328  116.259537  24.269629  119.028526  0.331956  1.682744       6.448361   1298.950195 -137.337631   6.504624  2.254148   90.957123
329  125.553360  11.231800  117.253807  0.319938  1.346890       7.052667   1531.611816 -144.722321   8.481044  3.070784   66.478195
330  106.584885   2.254100  134.807281  0.319501  3.566742       7.476076   1153.713989 -238.182693   7.690062  3.220245   59.778915
331  118.031807   2.934672  134.803375  0.314358  2.809885       6.743717   1552.905396 -202.369644   8.611076  3.964757  109.555687
332  116.133911  13.306252  133.660751  0.337010  1.851237       7.757215    954.084839 -211.979431  10.332487  2.240827   72.707336
333  119.727501  21.234997  121.948563  0.328209  3.180004       6.126282   1771.143555 -156.515335   6.772985  3.014490  137.835648
334  116.811913  10.918879  132.772461  0.300460  3.148914       7.968487    747.868713 -110.067657   8.267097  2.553106  131.015091
335  115.643066  28.211174  122.153305  0.330063  1.410575      10.947271    767.677917 -142.335770   7.040109  2.747986   85.956070
336  115.957085  24.499598  133.815552  0.316048  1.950041       6.666920   1521.850464 -137.936157   7.424724  2.973108  100.312347
337  116.604324  11.348022  125.435349  0.349294  2.843470       6.217233   1403.421387 -225.896683   8.601001  2.098758   58.235771
338  109.023277   5.584509  139.036133  0.317948  2.252353       9.525208    885.736877 -103.635338   9.932653  3.879913  126.965752
339  115.632935  -1.819902  131.580978  0.322975  2.312459       6.096664   1708.175415 -185.688583  11.020723  2.834799   56.283127
340  117.159332  13.082759  136.824432  0.313452  1.384889       8.465566   1139.078369  -51.871826   8.176785  3.805557  108.601036
341  117.317970  25.729664  130.409805  0.229743  2.895214      10.167078    872.552490 -184.378143   6.026462  3.761152   80.381477
342  127.471703  12.669895  130.793777  0.348320  2.235455       9.072412    959.159546 -198.377518   8.829933  3.476252   72.920532
343  133.166290  19.203423  110.508560  0.311693  3.599758       7.397192   1272.458008 -196.323486   9.178109  3.921493  107.226074
344  113.750824  17.465286  124.389534  0.342868  1.743576       6.979996   1649.993530 -212.449387   7.987770  3.912446  127.709671
345  129.962921  -4.941330  121.212852  0.341242  1.059447       6.258899   1971.552490 -140.194473  14.624177  3.697279  108.900742
346  113.237381  26.251125  127.333542  0.346941  1.405862       9.544764    876.023865 -129.307739   5.881833  3.676044  212.851166
347  125.251808  13.366473  126.442146  0.325356  2.296831       5.238606   1714.875977 -110.061935   7.490700  2.931139   98.080025
348  121.345222  16.107014  126.164345  0.287983  1.690408       8.086964   1252.987427 -200.299042  10.337934  3.724824   79.843864
349  115.837852  15.122619  124.631218  0.300753  1.703245       7.350865   1275.138916 -105.442177   8.905898  3.084400   74.413872
350  114.689400   9.672397  147.702454  0.328250  1.002550       7.922812   1547.656006 -161.357300   9.893231  3.211465   71.712730
351  104.951172  11.230003  135.078369  0.289853  2.752939       6.917973   1408.788696 -206.773819   8.461544  3.181215  101.654243
352  140.193848 -19.166054  147.663010  0.326896  2.243942      10.787241    920.136108 -189.032471  13.678632  3.587662   69.429161
353  132.307480  -5.279432  130.879074  0.326994  1.123174       7.841671   1361.007080 -136.654129  13.317311  3.304399   67.546875
354  129.451736  -9.281801  137.931122  0.343606  1.194269       6.279389   1757.895752 -135.296448  12.522627  3.584189   69.691948
355  108.485336  28.873867  139.819366  0.334068  1.385676       7.588037   1594.698486 -174.076462   8.059189  2.966955  239.393906
356  122.578346   5.749145  135.782776  0.290302  2.654716       7.678501   1148.485474 -210.689514   9.236940  3.408813   79.872261
357  131.887894  -8.127975  132.531448  0.317678  1.011837       8.034158    981.064697 -146.152298   9.929047  3.201824   74.430710
358  122.525963   1.932840  138.349304  0.330315  1.681752       7.751001   1046.896484 -143.531616   6.793140  3.167302  117.567894
359  119.243484  10.218637  138.372467  0.296358  1.926160       6.427305   1521.616333 -181.336456   7.432045  2.646354   64.775284
360  114.442986  -3.600594  130.269348  0.317003  1.955261       7.182421   1198.996582  -71.012787  10.096719  3.915844   79.687401
361  113.131172  -6.248967  146.677444  0.323186  3.316483       5.429049   1375.972656 -145.537308   7.133378  2.908530  131.029007
362  114.654114  26.859262  128.976547  0.336154  1.054784       8.056265   1565.781250 -160.499588   9.100995  3.604912  139.727493
363  126.943100   3.859975  114.975479  0.329855  2.002584       5.365559   1926.129272 -119.707993   8.295453  3.684268   81.999046
364   99.355568  16.537109  126.831711  0.329195  3.229123       9.003175   1093.172974 -207.387344   6.563472  3.433673  145.616196
365  112.420082  12.242824  136.700485  0.343814  1.423145       6.255016   1009.446777  -82.201050   7.698495  1.607287   69.938759
366  126.094757  20.857529  117.447716  0.305723  2.669036       7.724885   1112.598267 -199.319336   9.567580  3.695211   96.780037
367  118.311806  24.606550  129.533600  0.278333  1.947483       8.542727   1100.744507  -99.632195  10.121718  2.465839   58.287170
368  118.603012   2.092963  127.975693  0.324391  2.921066       7.859096   1380.882935 -246.205460   8.204684  3.329728   90.044373
369  121.083435  24.807875  109.241600  0.349978  2.266274       9.432327    933.120728 -233.186554   8.446386  3.054298   64.894165
370  121.144455  20.060812  113.782005  0.315138  2.552681       9.163439   1263.943604 -165.555496   7.790794  3.544505   60.392376
371  109.519653   7.171059  136.197723  0.290599  3.112309       6.030155   1656.023193  -93.205528   6.373869  3.531707  104.933937
372  105.611046  20.801004  136.302872  0.340832  2.046721       7.727041   1258.973267 -148.013458   6.355544  2.576783  121.440437
373  127.959526 -11.703191  127.520981  0.317979  2.501931       8.059878   1116.004028 -179.191025   8.503877  3.901818   68.273216
374  115.630951   9.180484  127.664391  0.339861  1.904774       6.701019   1773.652344 -161.754684   9.032758  3.576180   83.550232
375  117.397232  -9.614814  123.710930  0.340926  2.270480       7.313065   1149.124146 -107.064568   8.880674  3.202688   59.723694
376  123.544617  17.293999  118.404686  0.327198  1.368639       8.350638   1606.125366 -179.302948  10.461435  3.767959   74.565384
377  120.732536 -10.471906  130.498642  0.348221  2.432372       6.376558   1813.361816 -207.517303   7.587821  3.474497   75.070923
378  114.006683  10.026853  126.095192  0.324701  2.908584       6.011143   1833.258789 -162.813354   7.766998  3.485686  115.934242
379  127.147781  14.186633  119.115364  0.331452  1.160146       7.044331   1516.772705  -90.693726   8.970791  3.808010  104.764427
380  120.049232 -11.714142  123.149437  0.339558  2.679293       8.032316   1041.572876  -90.894012   7.441701  3.087157   70.438240
381  110.738487  28.756659  129.480591  0.314298  2.014827       7.219862   1320.589722 -225.830017   9.197789  2.640195  191.777664
382  114.805466  20.560644  121.175987  0.345478  1.955435       5.826890   1771.447021 -157.756973   8.126302  2.728925   97.140862
383  122.297028  15.809169  126.803284  0.314838  2.321850       6.792920   1856.674927 -125.570251   7.879719  3.354873   66.467667
384  119.352074   0.191561  141.319275  0.331485  2.364076       5.381608   1383.897949 -123.459206   8.662259  2.998019  108.951355
385  104.923203  14.618874  141.200714  0.349222  2.341211       8.009568    757.508240 -201.866318   6.888375  1.343526  110.053291
386  117.186516  11.848289  127.877159  0.338619  2.024751       8.342466   1280.006592 -201.933044  10.667644  3.893327  101.552086
387  113.909256  11.096313  141.005051  0.300028  2.441964       7.236931   1710.476074 -249.349777   8.778877  3.353086   76.868179
388  106.298515  13.830880  123.227196  0.344479  3.044774       7.132243   1577.581055 -123.863686   7.187036  3.471823   75.611153
389  125.038460 -16.885464  152.853485  0.321749  2.217409       8.796009   1083.367554 -210.273849  12.991829  3.937831   72.130074
390  119.195831 -13.870231  140.074905  0.340196  2.591178       6.361645   1240.575317 -116.979599   7.119705  3.225843   96.223236
391  108.805679  15.326504  146.144699  0.310710  1.033768       7.689095   1220.692261 -200.225403  10.004816  3.543265  113.074699
392  120.145767  19.214870  129.333466  0.321270  1.709119       9.425976    933.644714 -157.158813   6.729596  3.780412  110.856247
393  117.042412  15.386994  126.343193  0.272469  1.753780       9.651525    731.051758 -228.820557   7.848728  3.195070   78.454651
394  114.934296   3.591803  134.433380  0.332919  1.914293       8.096054    992.728149  -99.648262   6.002206  3.079988   53.276134
395  116.735825   3.394105  138.436264  0.336062  1.843270       7.026582   1317.059082 -183.470184  10.432039  2.999628   65.302658
396  125.135406   5.008044  130.983383  0.325032  1.048948       8.015313   1530.029297 -169.775543  11.103910  3.821945   92.697144
397  107.907211  -3.915185  127.424606  0.322275  3.614404       6.695313   1365.471313 -235.802917   7.750180  3.755010   57.522091
398  119.348938  23.434635  121.432625  0.349147  1.021211       9.066008   1232.626587  -91.911621   7.855258  3.661899  135.946228
399  111.931892  -0.489250  128.641800  0.346573  2.621663       5.961511   1553.729126 -118.983040   8.160395  2.849220   73.079292
400  115.475456  11.352632  132.479126  0.325054  1.407368       8.593719   1127.915039  -82.147308  10.007568  3.317553  115.431732
401  115.378044  -2.470153  135.826874  0.331902  3.045571       6.420013   1922.715088 -192.039001   7.803219  3.321281   60.612896
402  113.092339  16.667828  118.430275  0.302832  2.966961       8.199324   1119.874512 -222.633850   8.091435  3.382399   60.497150
403  107.316933  15.052883  148.564392  0.307672  1.035579       9.334422   1098.543213 -225.996399  11.086669  3.372902  131.238068
404  101.956963  14.480796  145.539642  0.344675  3.484835       6.687125   1589.240234 -184.560837   8.472224  3.397662  250.138046
405  113.439186  -6.096374  133.027023  0.328897  3.037062       7.709446    812.789551 -148.051895   7.738804  3.165790   77.984352
406  113.412529 -21.086433  150.019775  0.338961  3.180716       7.147384   1410.571411 -123.514557   6.509928  3.262768   86.415749
407  109.589188  11.763302  142.654449  0.277543  1.352875      10.148747    819.419739 -150.708176   7.788300  3.651285   99.368332
408  125.118767  -5.791041  127.699493  0.340704  1.838357       6.347098   1970.208496 -199.249969  12.954924  3.971941   84.874527
409  117.510475   4.307836  136.439987  0.280066  1.717148       8.633250    971.299316 -106.520576   8.124636  3.190891   50.183296
410  114.075630   7.002213  136.328964  0.342016  2.464765       7.149347   1127.758545 -101.092041   7.539879  2.090684   90.582161
411  132.229645  -8.097052  143.254944  0.348801  1.456031       7.952787   1382.333252 -149.988800   7.986311  3.656296   66.098770
412  116.243439  23.213987  127.154076  0.273075  1.573486       7.260551   1494.732910 -184.784409   7.908324  3.291153   94.911972
413  113.425209   7.084458  127.812737  0.348852  1.616751       8.197985    794.541809 -130.774719   9.676860  2.593163   76.682327
414  120.938736 -19.946859  133.208435  0.349516  2.379063       8.734302    715.809265 -160.896210   8.259749  3.710119  100.424057
415  101.953117  11.287029  135.775330  0.302045  3.283126       8.004920   1132.444580 -186.960419   7.820176  3.503871  143.462021
416  120.769997  14.046963  129.810181  0.324550  1.527965       5.784053   1399.291260  -82.686707   9.580397  2.334884   73.732216
417  119.262115  -0.473831  127.406487  0.310919  1.733275       8.422442    769.741333 -164.227402   8.934284  3.687723   75.012932
418  123.725891  28.199486  113.855835  0.309063  1.671351       9.558991   1258.639771 -144.894485   7.937314  3.756540   81.474518
419  116.631226  -6.056464  127.475624  0.312574  3.027038       8.962588    906.149841 -127.498245   8.393625  3.851612   57.764503
420  118.305496  11.107973  129.308960  0.309288  1.862204       9.089105    978.365845 -130.353378   6.451825  2.807878   85.522957
421  118.571350   9.288820  119.805275  0.305969  3.084573       6.835791   1483.050171 -126.086700   6.522459  3.562481   67.882996
422  112.252205  26.979343  125.430054  0.329150  1.773832      10.131680    729.647278 -161.801682   6.499769  2.870410  119.955032
423  118.644066  18.444366  124.457481  0.339429  1.122722       9.523686   1242.770630  -70.371803   8.596893  3.632304  101.726089
424  111.924805  12.350460  134.061279  0.320904  3.339110       7.984971    800.142700 -247.619476   7.757535  2.901839  122.215889
425  114.911003   2.109870  129.706390  0.309201  2.354588       7.615286   1078.671387  -91.045723   6.157480  3.252358   83.361061
426   99.485207  10.377151  136.609787  0.324474  2.981772       8.437137   1163.222046 -236.940277   6.318634  3.434054  110.454720
427  111.522552  18.577164  130.658951  0.346188  2.256724       5.289116   1752.373047 -189.277649   8.142180  3.548696  188.405258
428  120.155632  13.294008  118.057297  0.335394  1.860139      10.079734    796.709778 -145.574432   7.795074  3.395517   92.947159
429  101.862160   8.262568  133.080063  0.342148  3.282393       8.708871    974.052490  -78.974747   6.172465  3.610633  101.720314
430  120.315140   8.492515  142.902969  0.298791  1.110587       8.506914   1177.521484  -93.619133  11.850186  3.783690  130.651337
431  116.546555   5.592818  136.052536  0.327048  1.626448       6.013344   1101.463745 -189.329056  10.627944  2.143674   87.020126
432  116.116821  -7.522060  136.711624  0.334154  2.498984       8.522127    783.601013  -69.428856   7.202001  2.058475   54.066357
433  107.101799   0.427689  144.919907  0.314459  2.936493       7.974655   1215.500244 -222.327332   7.489929  3.231521  142.026733
434  126.916054  22.703272  107.854103  0.321188  2.452725       9.049452    851.817749 -203.452164   7.902326  3.931126  132.321350
435  119.153320  -1.123697  127.277344  0.347985  2.903675       5.014637   1807.217285 -207.299805   8.176410  2.881622   86.240257
436  113.175880  19.371593  113.824501  0.306070  3.266588       8.542460   1324.659302 -218.753403   8.069197  3.694805   84.760635
437  120.606339   3.247962  130.807297  0.343153  2.400590       6.352406   1813.991089 -163.999985   9.981452  3.242845   71.274185
438  112.477348   5.952533  130.961746  0.309110  3.576719       7.762659   1577.844604 -200.851486   7.553172  3.792992   68.598534
439  118.030731  14.814284  132.440247  0.284247  2.757694       7.501615   1654.754395 -203.016754   9.539503  3.937102  124.741745
440  113.815544   2.737649  138.406616  0.310979  2.675648       7.492598   1255.649292 -210.078690   7.110099  3.228159   71.220680
441  114.389114  14.035460  129.409241  0.328512  1.927681       8.246851   1114.579956 -115.016045   7.255610  3.883011   93.073540
442  121.462585  -3.282914  129.231781  0.312510  2.563616       7.427779    964.891418 -189.056732   8.320015  2.864128   62.953945
443  113.816879   6.391764  115.359299  0.322779  3.672708       9.544083   1000.904724 -189.738220   8.652169  3.616138   57.511059
444  123.366348   6.997986  132.990875  0.349692  1.467690       7.045012   1204.491943 -128.056030  10.225227  3.463228  103.890884
445  110.391869  17.176987  130.051361  0.333332  2.522983       7.720665   1480.372681 -163.849564   7.623374  3.575299   97.928284
446  122.634857   5.464887  131.722305  0.332985  1.010106       7.596186    921.960022 -116.061043   9.901795  2.942869  113.425072
447  114.291473  21.825396  135.025375  0.325759  2.893070       7.634541   1404.841064 -192.547409   7.311815  2.934466  173.523788
448  118.309700 -11.906298  130.130447  0.348799  1.961332       7.369341   1598.911743 -130.827774   9.421511  3.465958   52.699139
449  126.542107   6.422994  118.839104  0.324575  1.491096       8.190002    956.896362 -155.266388  11.793238  3.597842   52.346634
450  113.196823  28.981544  117.424866  0.328556  1.711550      10.984318    791.779419 -122.162331   6.561879  3.003187   84.018127
451  122.863441  -7.695178  133.588409  0.330528  2.519318       9.351343    797.892029 -232.726196   9.609505  3.592019   65.405045
452  117.252190   3.866549  134.196503  0.302060  2.686551       7.956787   1078.912964 -238.924576   9.047729  3.739767   65.122803
453  112.458229   6.737960  118.561501  0.344963  3.790804       9.550197    726.800964 -224.246368   8.030354  2.559914   57.908268
454  116.381844  19.817024  129.199173  0.311343  1.325390       9.082517   1036.509888 -161.278442  12.008339  3.330125  103.806557
455  113.196930   4.087008  135.452148  0.329140  2.588494       5.874976   1824.045410 -198.578949  10.278899  3.325091  106.147247
456  124.634872  -3.189747  135.095734  0.321376  1.759820       8.461782    851.031921 -224.224426  12.284198  3.738451   74.006027
457  114.190521   1.720395  128.900070  0.348702  2.897824       6.608324   1512.277222 -248.164764  10.423450  3.774858   82.978325
458  125.234619   9.432144  129.979370  0.308183  1.210988       6.073235   1766.206665  -94.580673   8.969620  3.486956  105.817795
459  126.787804  22.778839  107.235359  0.303068  3.761955       7.773489   1886.004761 -241.379761   7.570405  3.788955   54.277916
460  120.187897  -8.459566  136.390045  0.339042  2.805696       6.460994   1561.615479 -206.326416   7.975571  3.697318   94.534203
461  122.385635  13.823942  117.281395  0.330810  1.307966       8.756017   1039.842651 -163.378998  10.463417  3.460361   96.621780
462  114.679703  21.250645  130.653046  0.306761  1.299795       8.929397   1261.195801 -143.836319   7.553999  3.867985  124.413155
463  119.142555 -23.096853  147.528961  0.324545  3.549788       6.352375   1303.716553 -181.315384   7.905534  3.935785   86.697281
464  116.981598  18.081612  131.420990  0.315507  1.304551       6.855922   1861.446533 -120.377953   8.767436  3.818590   72.581917
465  100.161263   2.585251  145.987396  0.314612  2.725140       5.949548   1743.790039 -190.925446   7.467959  2.360381   92.596451
466  108.065628  15.746477  140.124680  0.339191  1.443212       8.109411   1641.682495 -154.364014   8.484760  3.194669   89.965279
467  118.830376  15.645244  135.603760  0.319094  1.912925       9.265291    981.133545 -185.043091   8.065487  3.645564  102.816666
468  117.612617  27.958858  124.364517  0.331869  2.179923       5.960111   1270.828491 -180.280151   8.786500  1.743326  134.095230
469  111.875099  16.288481  139.105240  0.265684  1.329061       6.893865   1600.879761 -230.481461   8.698965  3.447452   80.120888
470  111.816895  17.147156  130.552872  0.303987  2.742760       6.904365   1531.890015 -245.985001   7.716739  3.045991   72.727798
471  115.953918  19.190258  131.606552  0.329157  1.114480       7.414755   1263.863403 -155.239151  11.155822  2.808776   59.608555
472  126.158867 -13.553396  127.757835  0.344039  1.847231       5.590243   1945.070312 -172.507812  12.453279  3.226822   57.913120
473  118.029854  24.626720  120.728271  0.282043  2.582571       9.196362    938.201538 -166.518753   8.163424  2.876156   82.823601
474  115.534676   0.859523  108.146912  0.336875  2.888149       8.050818    990.809326 -127.070717   9.117343  3.749102   81.199249
475  118.422134  22.402294  126.926102  0.283132  1.675448       8.069108   1250.699463 -157.939178   8.956668  3.558653  112.047859
476  120.183899   6.163025  122.276855  0.339740  1.963985       6.353915    969.835144 -214.089676  10.117915  2.218513   73.698555
477  105.977364   9.807967  129.628616  0.331801  3.261279       6.364679   1147.059448 -168.005676   8.003386  2.260922  108.673523
478  116.316505  10.773213  121.648567  0.331803  3.088315       6.892057   1336.163208 -236.143280   7.906772  3.217185   96.278961
479  110.521477  20.722557  140.194275  0.277016  1.056801       9.885477   1181.057739 -164.893005   9.249933  3.364228   65.088776
480  106.854614  22.615316  145.041763  0.307341  1.251841       7.006267   1716.847412 -166.742783   8.889468  2.528304   94.754875
481  114.686760   9.449777  126.618752  0.334310  3.485824       7.217387   1372.846924 -173.881653   6.797713  3.408350   97.154343
482  128.408478  -0.365945  132.323166  0.316785  2.073337       7.427768   1322.755737 -186.776566   7.901744  3.174700   58.413311
483  115.032471  21.654499  126.281487  0.330074  1.706085       8.034857   1585.773315 -212.512589   8.137420  3.444999   97.090118
484  115.571091   9.613591  125.618713  0.339884  2.358714       8.786434    769.728516  -77.796181   8.695932  3.732536  145.160202
485  124.714783  11.328001  117.955750  0.339134  2.232165       7.894205    857.755798 -173.610245  12.508694  2.839343   57.904613
486  116.108337  -4.804925  132.772705  0.328609  2.535511       7.324176   1053.143188 -225.651428  11.020645  3.488995  104.077103
487  109.749229  -1.788901  136.225266  0.344499  2.288631       8.485256   1174.924805 -137.698776   7.287359  3.575583   99.445587
488  115.218277  24.021193  131.395264  0.290579  1.408291       8.176719   1713.909790 -198.664719   8.898170  3.531716   74.323677
489  119.671227  11.914826  120.872574  0.347037  3.489356       8.534443    870.865051 -160.082062   8.611747  3.391058  141.660416
490  115.030365   7.037231  136.517883  0.336262  3.396740       9.183916    836.578552 -211.751511   9.298155  3.854567   81.147057
491  116.842957  -1.479440  124.406509  0.342724  2.975505       5.478367   1467.950806  -45.267544   7.348359  3.101143  105.527100
492  123.993401  16.751749  119.663071  0.285791  2.133337       8.565092    961.563782 -245.969330   9.103057  3.828886   65.056320
493  121.046051   3.341665  125.249290  0.316016  2.115908       7.786966   1117.085449 -211.540070  10.605435  3.915622   77.194221
494  120.713921   0.824483  149.886047  0.332761  1.891158       6.846453   1227.603394 -189.493423   8.695394  3.278035  118.067757
495  120.209846   6.442145  133.006058  0.329330  1.306307       9.498926    741.510803 -104.537766   8.254539  3.795630  152.519089
496  107.835648  28.054813  137.381607  0.279253  1.848037      12.418954    778.897888 -249.268906   6.900507  3.155137   87.965744
497  111.203659  10.554431  133.177460  0.314072  2.201576       7.952692    907.591614 -226.249664   6.312872  3.531328  154.878479
498  120.413841 -11.976363  141.114899  0.326846  2.717135       6.737093   1365.730713 -100.137215   8.715302  3.570275  111.139603
499  127.445412  -9.211486  123.568954  0.331048  1.580457       6.714907   1614.670532  -97.152351  11.314215  3.537863   70.282516
500  127.380417  23.998344  110.471718  0.290983  1.529219       6.640522   1985.123169 -136.066513   6.161791  3.827724   98.173721
501  121.579124   7.691825  140.347763  0.325110  1.104429       8.827877    759.549011 -152.018036   6.929576  3.804263  116.756432
502  111.587761  -4.285016  138.067719  0.328321  3.507975       9.692266    731.593201 -185.469681   7.586448  3.821045   81.149651
503  106.344032  24.197773  144.777756  0.278175  1.306637       8.888422   1138.773315 -187.455093   8.120993  2.630865  143.766525
504  111.005333   2.823194  131.880844  0.340346  2.909348       6.647056   1614.503906 -156.258270   5.247759  3.424832   74.525841
505  109.304512  25.780487  135.083969  0.252908  1.351723       8.992113   1778.377197 -243.272232   9.915195  3.940838  109.940079
506  112.825348  -4.621378  113.946999  0.347762  3.227721       6.131371   1594.832397 -203.560410   8.642569  3.946503   90.384178
507  125.209969  -2.172754  131.105087  0.340410  1.949025       7.728518   1325.948853  -95.546303   9.472728  2.859468   51.559505
508  114.136002  12.898044  137.271774  0.326547  1.908049       5.413122   1971.744019 -192.173096   9.193451  2.239838   68.805344
509  117.482002  17.297035  131.120163  0.334509  2.356326       9.590946    763.279236 -209.838058   9.618864  2.815705  145.558029
510  123.456696  16.499691  115.982841  0.349496  1.455903       7.825727    976.606689 -246.827698  12.561559  2.817057   64.239174
511  119.025673   7.136231  121.064758  0.327100  1.883519       6.595245   1726.292358 -248.668259  11.646957  3.753518   66.782738