            lon        lat         inc      D1AU     delta  launch radius  launch speed    t factor       B1AU     gamma         vsw
0    108.628914   7.261755  135.860016  0.336056  2.484354       6.154055   1644.633423 -232.583847   7.915755  3.940998  173.570587
1    119.715691  18.802305  118.697998  0.266687  2.697704       5.891463   1745.505493 -195.991730   8.941530  2.983234   52.604801
2    120.412476  22.991381  117.245827  0.316310  1.942369       8.275768   1598.592407 -186.739761   8.607684  3.889916   93.541695
3    120.576958  10.616628  132.759109  0.341392  1.548256       6.458090   1675.531250 -158.924240  10.009716  3.029630   92.714020
4    115.035248   5.461415  137.923035  0.322721  1.687744       7.836439   1024.948608 -161.106018  11.205887  3.264624  140.017868
5    122.910065   4.901688  121.986359  0.305921  2.241385       7.758653    947.144409 -238.113647   8.886292  2.433930   55.384724
6    114.161644  13.102083  139.861908  0.314990  1.395519       6.844058   1679.118286 -172.249939   9.633537  2.861164   67.617378
7    121.983276   2.277178  129.509644  0.340408  2.014360       6.794636   1566.859131 -139.119446   8.767509  3.037576   82.763443
8    120.818359   4.226856  141.613861  0.345869  1.675535       7.179797   1498.032959 -166.646927  10.462033  3.985780  127.259628
9    120.875671  18.736401  115.895729  0.327941  1.906184       9.158899    954.436523 -228.424683  10.721977  3.304569   66.790169
10   118.388504   5.277981  133.884552  0.342797  1.915402       7.204695    707.130920  -67.883064   6.914330  3.034608  213.865372
11   116.549141  -1.707050  139.337646  0.314795  2.049933       8.021398   1091.409668 -215.891479   9.243117  3.470459   82.171890
12   109.651566  -9.060066  127.953354  0.344333  3.119823       9.292171    749.270752 -138.633820   8.502669  3.975393   50.335041
13   122.991241   7.046425  111.210693  0.313403  2.166556       7.993129   1065.053955 -206.454803  13.547813  3.611390   66.346428
14   117.300774 -12.611002  136.514404  0.345493  2.350456       8.482499   1107.544067 -120.170471   8.156905  3.209802   63.252319
15   126.474663  29.689915  110.688354  0.333449  1.371654       7.701992   1346.281128 -142.639771   7.357548  2.921043  117.094910
16   118.730545   6.993755  136.581299  0.349006  2.681930       7.193738   1037.959839 -240.877991  10.237297  3.204019  120.126053
17   130.943069  18.153252  113.243187  0.346026  2.134827       6.973020   1453.600952 -238.476364   9.814017  3.722501   87.869530
18   122.986275  16.613346  108.435623  0.310096  1.684117       6.927262   1328.352661 -154.173676  10.048214  3.175891   59.595798
19   121.127472   5.709936  124.359276  0.261707  2.420109       8.882492    765.941223 -225.471283   7.630040  3.391785   52.987003
20   117.831734   7.112932  120.880104  0.322929  2.865874       5.721592   1468.476562 -155.851715   8.876332  3.098031   91.160286
21   112.905830   4.129176  134.158722  0.319512  2.400152       8.247370    804.919434 -145.616577   9.097312  3.908657  154.777435
22   119.138489  10.337316  132.617004  0.342976  1.978755       7.135439   1326.542725 -169.995850   8.994591  3.289660   93.921410
23   129.557877 -15.835820  133.995041  0.327258  2.019965       8.475389    855.985352 -231.097168  13.046159  2.896676   74.997131
24   116.443321  20.536484  118.443817  0.333167  3.294125       7.875372   1972.505859 -173.988358   7.436003  3.693835   66.776672
25   111.162346  15.001815  148.997162  0.321615  1.069169       8.144411   1196.078247 -180.486008   9.347089  2.187184  105.427910
26   110.077347  -2.693981  132.726074  0.348229  3.731714       6.198738   1539.911133 -245.859131   7.878979  3.796981  104.373062
27   113.824905  21.345926  129.564972  0.323160  2.017894       9.397893   1290.941772 -162.076355   7.820087  3.153940   61.576042
28   118.269165   2.856683  129.387909  0.341156  2.112114       7.189457   1359.677490 -175.250931   8.917905  3.372925  104.212067
29   118.393692   7.400955  130.692307  0.270557  3.489941       7.378103   1136.378662 -203.883453   7.143734  3.710464   81.149567
30   123.809624  -8.030215  125.687492  0.337913  2.279767       9.694108    802.145142 -184.103745  10.860379  3.788196   71.101517
31   117.849152   8.604497  129.851349  0.348556  1.300696       5.432887   1744.508423  -96.298889   7.461227  2.823639   84.401360
32   111.658600   0.230454  130.624542  0.344061  3.507733       6.580750   1634.659424 -144.461075   8.050607  3.643963   81.953850
33   118.459656  15.506763  118.262146  0.328391  3.944298       9.031214    718.004089 -223.950806   8.979992  3.886883  126.918770
34   116.087494  20.522327  121.350143  0.344314  1.694877       7.571638   1165.556396 -193.465164  10.712534  2.880103  123.318619
35   116.881836  18.849819  113.886642  0.288658  2.518337       8.599666   1658.505249 -156.672516   7.198684  3.854268   63.292786
36   115.092003  19.522930  135.723633  0.349002  1.527491      10.724389    720.455933 -195.372543   8.607317  2.968116   60.975964
37   116.377464  15.168572  130.415604  0.333113  1.884503       7.563580   1060.573486 -226.332184   8.090042  3.433020  121.448364
38   129.592285 -15.830234  141.560623  0.340840  2.050038       9.554311    829.184875 -228.417252  16.429222  3.601986   90.649048
39   117.071022  26.261782  117.955627  0.313874  2.237561       6.874915   1785.544312 -108.295425   7.687304  3.491405  102.109879
40   113.698547  17.966677  132.107544  0.315797  2.064214       8.545655    816.888977 -139.217697   6.781757  2.569037  155.801392
41   110.349815  18.691353  140.151093  0.310541  1.102028       6.645478   1542.095093 -181.771881  11.861535  2.211352   75.839851
42   113.410698   9.328713  136.035706  0.309308  1.844584       9.535009    912.991882 -229.972900   9.403394  3.163044   55.758438
43   123.710220  23.258739  115.688469  0.310426  1.731938       7.849787   1913.328613 -153.945709   9.413460  3.944941   76.280693
44   119.107658  21.440559  123.690125  0.323303  1.570993       8.236431   1239.988770 -238.348526   9.280910  3.401327  134.997528
45   123.476860   0.986956  131.142517  0.321726  2.095906       6.958806   1169.362427 -138.294373   9.393811  2.453176   74.381126
46   117.365540  11.432241  135.062881  0.311524  1.164348       6.111894   1716.000000  -95.208923  10.007833  3.519413  106.151939
47   121.259590   2.153001   98.965881  0.341931  2.013245       7.167778   1374.849243 -153.043152  10.478916  3.881298   85.583672
48   118.450104   0.602891  147.915161  0.341007  1.361042       6.069945   1778.991211 -161.733856  10.396710  3.840086  148.233826
49   122.301888  -5.721545  118.747017  0.332357  2.068204       6.329045   1816.409912 -203.844604  12.603810  3.613362   61.985878
50   114.975471   9.827813  135.983078  0.259492  2.446178       8.244334   1304.140625 -239.579620  11.648553  3.886833   77.533821
51   116.295296  21.543211  135.151047  0.279155  1.761648       8.020562   1201.461792 -157.483871   8.318779  2.550068   80.788025
52   126.154091   1.815420  124.025215  0.309245  1.115188       6.327904   1480.788696 -153.079178  12.004957  3.511244   82.858070
53   113.557320  19.527231  123.024391  0.345655  2.135971       7.669793   1394.389282 -224.143082   7.444814  3.139169  107.872536
54   127.151390   1.937509  124.823196  0.347129  1.070990       7.887196   1377.442627  -80.218567   7.745457  3.250093   59.802773
55   119.655685  25.151884  119.306786  0.342395  1.541631       8.510497   1127.983398  -92.965210  10.460872  3.222799  182.910873
56   115.194244  -3.473347  152.897003  0.284509  2.073508       6.564137   1665.809814 -176.877106   8.583247  3.477034   90.814117
57   114.716560   6.943216  135.725815  0.300674  2.215864       5.889067   1687.074585 -128.646866  11.103797  3.972056  140.192764
58   108.692314  18.080624  127.083748  0.297066  2.557117       6.374423   1557.355225 -193.560242   7.103882  2.707461   60.507973
59   115.834984  17.063152  118.488098  0.317740  2.273802       8.190359   1420.601440 -123.785713   6.674587  3.878407   89.699409
60   119.313103  -6.998840  126.017891  0.322900  2.468966       8.242935   1334.750977 -248.310944  13.028511  3.924227   60.816696
61   115.684586  21.694614  135.171005  0.316551  2.438097       8.224927    791.199463 -220.145615   8.340720  2.163558   89.747849
62   116.561737   7.489017  130.749741  0.337627  1.785797       6.086544   1986.273682 -163.832901   8.949280  3.450420   73.732368
63   108.353020  -6.860614  132.130814  0.345436  3.309561       7.036923   1434.365356 -206.363403   9.397719  3.247760   63.227474
64   115.296432  -2.625217  129.149902  0.345139  2.818643       7.920113    863.680298 -105.872612   6.239880  2.971406   88.286446
65   116.916618   8.040081  124.442009  0.266320  2.197578       6.357855   1670.577515 -138.160934   6.923044  3.571231   54.705582
66   113.179756  23.028257  133.062057  0.345291  1.082847       7.128219   1863.961304  -85.293198   7.251653  3.695078  137.518509
67   122.822258  10.197773  134.062531  0.323539  1.307208       7.441548   1793.383301 -100.180122  10.754766  3.643011   90.891205
68   119.148544  -4.326294  134.025879  0.330666  2.238407       6.929893   1060.747192 -140.483353   9.700225  2.778880   68.304733
69   115.547012 -12.241094  124.262619  0.348229  3.158571       6.419829   1412.450439 -145.756409   9.153358  3.390454   83.259758
70   122.680557  13.097239  130.603241  0.308300  1.487983       9.099452    827.629578  -63.524067   7.636078  3.655154   89.104980
71   119.486969   9.023008  129.597351  0.318030  1.491245       6.835916   1292.631714 -203.791153  10.378450  2.364136   51.489346
72   113.391670  26.729015  127.911957  0.272749  1.837098       8.029273   1237.744873 -199.402328   8.859585  2.480985   50.409416
73   116.507576  -5.126981  139.895859  0.309812  1.970093       8.495221    842.844666 -198.567505  12.378888  3.438461   71.569901
74   115.254417  13.875366  136.501587  0.298168  1.207068       7.547070   1023.830933 -118.611801  10.393867  3.012130  112.346672
75   123.270958  -4.723440  111.264549  0.329331  1.705240       8.037169   1015.598572 -244.129883  14.585320  3.558732   53.291428
76   123.275856  25.163666  113.532349  0.279519  1.907162       7.557899   1434.354980 -146.488998  10.576109  3.028789   51.997299
77   122.378647  -4.632274  131.098969  0.347794  1.824867       8.021306    832.344482 -182.421661  11.105092  3.268199  101.985497
78   113.256378  15.408915  124.170326  0.349235  2.490580       6.257720   1389.487183 -115.528336   7.394918  3.240552  160.711349
79   109.338165  26.314245  129.399536  0.293416  2.735628       6.253562   1845.121582 -111.846924   7.939104  2.788521  122.681419
80   119.069252   3.091347  122.328087  0.330371  3.545977       7.810380    857.058899 -153.399704   7.646677  2.621503   57.597549
81   118.454895  26.901564  123.803398  0.341856  1.602865       7.723426   1324.552246 -150.333618   8.250969  2.322138  110.666527
82   108.017288   5.594055  121.394386  0.321232  3.090852       7.307110   1325.458008 -231.556778   8.987744  3.869766   93.848564
83   108.259178  22.534044  135.557632  0.332109  2.912258       6.782079   1493.118896 -232.336502   7.393950  2.807034  170.772873
84   107.502129  -3.532228  134.942566  0.334936  3.786222       7.179451   1054.447266 -184.674637   8.583122  3.599184  138.393875
85   111.695190  10.807930  138.311020  0.325442  2.228310       5.896921   1627.908569 -148.913864   6.331917  2.961817  146.380737
86   114.647209  21.929962  117.297935  0.340741  1.546813       7.642725   1549.501099 -106.152969   8.986878  3.693714  124.451370
87   129.672104  26.932364  101.693954  0.335155  1.460298       7.103562   1533.180298 -124.762497   8.939090  3.200574  107.203545
88   123.953186   2.122098  134.045883  0.345307  1.663617       6.330615   1456.141968 -125.592682   9.753002  3.120679  114.274284
89   111.084511   8.499107  152.677124  0.340104  1.064933       6.601056   1496.353271 -145.092667  11.539744  2.716403   64.743866
90   115.066666   7.786201  128.808685  0.349660  2.459920       9.078565    987.224548 -228.841278   7.474166  3.357412  107.390915
91   121.651779   1.448108  126.211937  0.336508  1.750296       8.146429   1348.018433 -122.615799   8.818529  3.948724  117.240372
92   116.316704  22.272156  131.793991  0.318709  1.189994       7.895915   1439.824219 -174.087265   8.251687  2.689076   85.894356
93   113.136063   7.493584  145.517395  0.312300  2.727669       7.644690   1133.941162 -217.770950   7.574520  3.257241  130.771973
94   122.991379   6.736817  123.494240  0.314601  1.871260       6.498197   1378.390625 -157.543915   9.318583  3.351798   78.978928
95   125.009117   5.362742  135.803650  0.317785  1.356615       7.265007   1367.110229 -108.975540   9.668498  3.503961  101.100029
96   128.654587  -6.015319  128.317886  0.330286  1.338814       9.995707    760.471069 -194.177765  12.496255  3.696511   55.583878
97   117.776245  16.572233  124.080849  0.340453  2.040792       9.322947    743.385986 -224.993118  12.571066  2.308581   55.062660
98   108.786636  17.893049  135.119690  0.340732  2.447126       7.181388   1567.828247 -234.944519   6.624954  2.372988   51.747955
99   108.778999  25.030874  132.787140  0.345952  2.516853       8.233474    861.131775 -118.030228   7.506784  3.190122  240.622559
100  116.398796   9.558501  135.953079  0.281225  1.364012       6.488973   1576.544434 -107.521553   9.582628  3.132533   81.203011
101  109.758675   8.275768  134.384323  0.331031  3.345362       7.111354   1255.288940  -91.840683   6.531481  2.407178  104.775169
102  112.096596  14.663607  136.541672  0.320992  3.084609       6.068818   1567.611694 -232.111252   6.883810  3.648825  157.129181
103  116.043274  11.815960  125.599236  0.328886  2.185364       8.965343   1273.982788 -119.851357   7.406383  3.622313   76.363770
104  114.210716  29.710743  125.544250  0.342131  2.908400       8.034013   1860.007446 -216.786880   5.961320  3.326298  140.435318
105  114.027809  18.059986  135.259277  0.331880  1.135847       5.927986   1487.961670 -198.497391  11.039918  3.242587  175.723312
106  128.556625  27.857183  114.029999  0.310241  1.823022       8.096892   1594.449585 -124.303772   8.296391  3.421120  112.944366
107  118.946465   0.365565  130.130493  0.344439  2.255023       7.325765    768.856628 -139.497925   8.687883  2.537478  137.368423
108  123.041389   4.858180  129.646103  0.332677  1.798588       8.821836   1288.388672 -160.630249  10.197146  3.983119   59.328663
109  113.734833  13.076437  137.121536  0.317848  3.261029       7.293520   1186.982178 -225.642685  11.658975  2.656938   94.804848
110  124.212074  18.825682  123.599487  0.294306  2.885567       9.294453    833.895447 -103.267166   8.131885  3.379689  126.637009
111  110.228371  11.505744  142.534698  0.326187  2.119180       8.257374   1015.799866 -218.834518   6.180691  3.535239  183.171783
112  108.105110  20.513239  139.236664  0.328930  1.452661       9.568851   1125.433716 -237.425476  10.224978  3.176208   98.107529
113  119.254883 -11.631170  124.107071  0.349710  2.521880       7.336171   1159.828857 -124.037651  10.723164  3.714223   87.650352
114  121.035500  -1.757584  113.311951  0.334629  3.321513       8.567902    830.146790 -182.956879   8.124672  3.308711   77.458626
115  115.831810  20.925081  135.007706  0.261699  3.308533       6.880486   1995.547974 -247.307571   7.524068  3.566233   99.460075
116  113.452232 -11.012668  126.369827  0.344359  3.956567       7.719284    964.701965 -231.906738  10.773441  3.114363   52.646919
117  125.139450  -0.610448  115.970261  0.325760  1.509637       6.957199   1500.628174 -186.397598  12.362579  3.934988   66.664436
118  114.500526   9.489908  140.143311  0.281724  1.671640       7.461911   1686.572876 -158.015442  10.567243  2.967470   55.833527
119  116.516914   0.076885  127.038132  0.336920  3.412465       8.399568   1049.619019 -241.376709   8.954142  3.955156   88.560356
120  126.711037  -5.174140  136.586441  0.340086  1.354775       9.471326    988.598267 -144.918442  13.892267  3.888124   70.304268
121  124.595406 -17.834715  141.399658  0.349990  3.343304       7.943877   1529.228149 -114.722496   8.108527  3.496218   69.188614
122  118.384171 -10.387956  136.687469  0.320618  2.504557       7.653986    861.548523 -126.657356   7.950945  3.417373   78.899460
123  117.697731  22.316133  125.113441  0.295197  1.748146       8.754233   1484.353760 -205.414597   9.011884  3.382532   64.737946
124  121.935822  10.617229  133.458908  0.340213  3.140480       5.058227   1972.281738 -197.698975   6.906245  3.581861  136.856613
125  114.634964  17.755028  134.553345  0.348024  1.256297       9.226167   1225.049683 -204.674362   8.733052  3.986052  104.601250
126  122.058998  -2.642751  123.156006  0.332319  3.580541       5.858566   1607.699707 -127.341003   5.774540  3.540083  135.116257
127  114.182457   8.700537  132.753708  0.337504  2.465811       6.246655   1645.921631 -161.219955   6.637339  3.558097  115.476448
128  114.956139  -9.200610  124.905144  0.339928  2.311747       7.305301   1183.790527 -220.059402  13.024017  3.303079   55.623665
129  113.447769   8.797770  133.822220  0.333993  2.186723       7.317973   1451.562134 -230.128891   9.933843  3.575902  121.115120
130  127.515472 -10.550363  131.003510  0.346132  1.763272       8.055500   1600.018555 -187.100708  11.771412  3.848229   65.413094
131  120.188492  -6.271001  137.190628  0.318440  1.901892       5.458501   1956.706543  -91.437660  10.610726  3.234628   78.723076
132  117.182007   2.731679  135.533585  0.324708  2.037662       8.510258   1016.859497 -216.499039   9.590645  3.346560   71.651077
133  114.885223  27.823725  131.081375  0.246278  2.078677      11.683212    964.561462 -231.843307   8.773986  3.795874   75.139534
134  110.917328  -8.380553  145.107254  0.344433  3.058239       5.704429   1739.748657 -177.550568   7.478161  2.764586   72.778351
135  113.701309  13.458024  131.037567  0.349001  2.826567       7.748532    732.004028 -195.311493   7.465360  3.198621  229.449738
136  128.484848  15.730749  107.966957  0.282978  3.694750       8.280846    931.238098 -152.919189   8.053217  3.963219   96.556480
137  122.201729 -16.339266  133.103699  0.341969  2.628131       5.680689   1967.913940 -191.905167  11.373875  3.778754   80.453499
138  113.319595  13.036180  135.594482  0.294975  1.771554       5.464813   1903.273193 -197.193207  11.738767  3.277456   89.802261
139  112.176552  -4.048275  137.207458  0.326177  2.165007       6.379638   1470.824829 -101.516922   8.806395  3.081205   65.529823
140  123.358406   0.859926  117.143250  0.334554  1.780283       9.707214    776.959412  -65.776161   9.268449  3.555645   67.866890
141  111.515945  27.256937  140.178940  0.319010  1.977216       6.495837   1943.291748 -192.585938   9.134636  2.317760   93.851967
142  107.170059  26.159990  126.406868  0.298658  2.644224      10.417684   1229.604492 -217.638016   6.495457  3.683519  130.055389
143  113.295044  -4.953538  125.441444  0.335058  3.611146       6.635808   1034.654907 -208.852936   6.680294  3.044672  105.679482
144  111.315254   4.711881  124.173660  0.308575  3.634579       9.519113    872.526855 -214.896973   7.361434  3.594821   69.508667
145  117.679161  27.863544  136.578262  0.313194  2.456367       8.074580    744.460083 -186.974503   8.333133  1.231498  103.660698
146  114.316910  -6.147824  127.622162  0.328879  3.008660       6.754521   1376.800659 -170.528320   7.054993  3.617640   71.147720
147  128.538742   3.042128  121.149757  0.295649  1.210035       6.977139   1291.156982 -235.146149  15.030514  3.526408   54.356171
148  116.430489   0.919249  113.315987  0.340540  2.883234       9.678501    833.279602 -177.414032   9.193669  3.800090   77.286987
149  124.441383  -5.401577  132.536362  0.344679  2.457697       7.819649   1084.310303 -133.569702   9.327043  3.265052   94.961815
150  113.937454  17.182388  135.693970  0.315345  1.088315       8.177224   1045.476318 -108.865829   6.367607  2.923086  103.467232
151  114.785698  12.136832  136.136765  0.327095  1.727837       9.796546    921.083923 -202.582672   9.435858  3.930154   63.956116
152  124.273666   3.871977  115.614113  0.341823  2.017285       5.771772   1989.791016 -176.005325  10.689632  3.992434  108.624809
153  117.414993  15.433355  126.845947  0.348737  1.540306       6.756359   1321.633911 -128.657608   7.897539  3.747807  137.562759
154  123.874985   8.553893  131.783936  0.323483  1.624643       5.722232   1897.456177 -143.791122   8.551918  2.875771   76.496040
155  120.935028   8.833329  122.299385  0.311438  1.746025      10.341278    771.749329 -155.584198  10.786016  3.757953   57.032837
156  109.691566  -3.720266  141.774551  0.337619  3.332565       7.418643   1347.572754 -238.117050   7.697494  3.267456   85.649162
157  129.483185  -1.896807  119.972847  0.337693  1.539166       6.891273   1188.457397 -137.629883   9.571303  2.780171   54.898033
158  123.915016  -5.551953  110.743874  0.338907  1.487396       5.938174   1567.754395 -123.362297  11.798623  3.767624   88.955399
159  112.617050  11.862173  139.694412  0.274034  2.444040       8.600189   1196.561768 -187.213974   8.564318  3.559361   84.286545
160  116.784431  13.399674  133.320877  0.329792  1.436531       7.646990   1100.772217 -113.904945   8.895741  3.807478  142.761337
161  127.539902 -14.977096  128.459930  0.339944  2.090534       9.425228    961.438354 -226.464523  11.966313  3.346187   69.815987
162  104.950233  29.980316  137.590256  0.297641  1.951632       7.901165   1852.632935 -229.179199   6.066544  3.122216  150.235428
163  106.716743  19.802896  146.971268  0.301407  1.891052       6.968287   1739.499634 -240.515839   7.752430  3.350886  214.340378
164  118.972031  16.899710  119.677254  0.324053  2.983534       8.145817    881.053711 -207.784149   7.011004  2.461177   58.125591
165  119.309311   1.203189  137.301193  0.306788  2.059547       7.241960   1116.385864 -243.282150   9.163558  2.815530   52.315231
166  114.383377  -3.658525  140.749573  0.337934  3.300783       7.120373   1475.625122 -156.069916   8.832934  3.442196   96.398354
167  117.550072 -14.064150  133.657654  0.331678  3.103127       7.162784   1618.270508 -166.813965  10.283977  3.225641   55.020664
168  120.653854  -8.252230  128.897934  0.347642  2.351905       7.848971   1250.490112 -210.080902  11.587298  3.639776   70.072212
169  105.609924  14.671518  146.908813  0.346862  2.238979       5.889636   1817.027832 -120.261444   7.544283  1.907135   88.204140
170  123.545219  -4.514537  143.691360  0.327870  1.748302       6.664478   1820.398438 -131.343719  10.795833  3.428470   87.902412
171  116.511536  -8.415895  142.750427  0.293375  2.314558       6.103743   1836.808960 -135.294220   9.013474  3.986000   71.697182
172  114.136108   8.955198  126.654709  0.348059  2.368115       8.421822   1103.755371 -171.009613   9.262755  3.261526   88.419685
173  111.578506  14.249125  121.210037  0.348238  2.536598       6.711445    890.090515 -114.834801   6.996287  2.053667  125.289314
174  115.777626  10.667397  132.913147  0.332184  2.637711       7.180118   1328.648071 -173.669876   7.452701  3.267340  125.437012
175  117.640045  -4.915620  124.261810  0.340713  1.530183       7.754605   1188.253296  -84.415848  10.650836  3.896508   71.557571
176  118.799744  17.475819  119.281525  0.296476  1.474863      10.334120    825.167847 -213.108292  10.623624  3.577212   73.296860
177  121.073288  28.877968  132.431961  0.272260  2.542371       8.771225   1477.507446 -242.802536   8.030451  2.954697   66.467911
178  105.566544  19.475018  136.168442  0.322272  1.754881       7.195932   1794.432007 -143.577576   8.242464  3.447313  160.886505
179  124.175537  -4.378040  150.023773  0.284503  1.807399       8.165905   1441.941650 -169.996689  13.270804  3.969766   79.557129
180  115.498734  13.007148  128.561447  0.291131  3.480457       8.090054   1122.999634 -163.254547   7.337448  3.957261  100.573624
181  127.024376  19.461006  110.420921  0.344018  1.587197       7.685233   1305.835205 -173.769257   9.221306  3.970611  117.255226
182  123.290817  12.394210  120.469727  0.329919  1.239085       9.777011    725.623718 -236.194168  10.340967  3.796802   73.953842
183  121.201942  13.848475  133.113724  0.325806  1.012824       9.096584    979.172302  -93.582863  12.042603  2.560477   83.818390
184  112.571297  29.492928  132.618134  0.285907  1.197691       8.085960   1892.215210 -147.252792   9.516114  3.602078  134.660583
185  111.118477   9.411598  136.587158  0.326624  2.825550       8.223296   1425.663818 -244.239655   6.699608  3.814727   91.674286
186  132.637863  29.885448   99.737297  0.275402  3.442659       8.527604   1515.025513 -241.873276   8.027699  3.945816   75.822136
187  114.486038  18.029226  118.135155  0.349634  2.494124       6.177497   1537.590210 -221.086151   9.745658  3.556492  140.367508
188  110.025856  17.612534  127.038795  0.300847  2.044300       9.488965    784.271423 -135.997665   7.468040  3.263230   96.787544
189  115.646858   1.508198  134.123718  0.324794  2.064661       8.059995   1118.414062 -127.911064   7.982310  3.793973  106.842567
190  118.604431  15.464013  127.573402  0.327790  1.684358       7.182857   1056.482788 -136.101425   6.296590  3.034924  118.233307
191  114.955124  15.215117  126.175171  0.335961  2.098536       7.639214   1465.055054 -206.166611  10.001165  3.551362   82.931999
192  122.368385  13.424328  129.076126  0.348540  1.322639       6.238343   1632.593872 -125.697578   8.147235  3.763682  129.246033
193  126.327927  -9.417166  119.544121  0.322617  1.918787       7.970214   1276.925903 -183.991547  10.263436  3.791248   55.834793
194  116.313354  -6.819455  130.549896  0.343400  2.100572       6.670757   1696.172485 -118.636757   6.655488  3.331748   57.151470
195  121.868988  22.689043  113.959526  0.309820  1.726063       6.815533   1780.392334 -226.677368  10.791677  3.653127   98.078865
196  106.400108  -9.195761  144.734390  0.325806  2.610896       7.991134   1306.912476 -142.507599   5.935029  3.290006   88.099586
197  108.289940  10.069156  139.253174  0.333760  3.171989       6.925334   1036.589966 -198.015488   8.593202  2.580479  127.255356
198  114.637604  -0.101429  122.922821  0.316709  2.449054       6.723963   1621.405273 -121.514900   6.512341  3.990263   59.166107
199  116.555672  25.410301  117.173203  0.295481  3.747376       7.319064   1521.790405 -233.622742   5.702570  3.345610   90.704391
200  111.460129  11.489819  125.119972  0.326598  2.210186       7.096190   1236.630981 -141.682343   8.767415  3.584268  108.564430
201  123.436646   3.935542  132.974274  0.294286  2.301954       7.518625   1320.742188 -175.286926   8.361308  3.679127   90.161659
202  109.073158  23.576344  137.836746  0.344028  1.136575       6.506946   1767.544922 -147.615524   9.942430  2.104836   70.027397
203  111.886330   9.924817  138.444046  0.296545  1.754712      10.075222    787.171448 -151.620163   7.128732  3.306696   60.376350
204  126.522217 -19.027704  149.196808  0.321959  2.664379       8.983997   1107.993042 -183.371948  11.751946  3.570517   53.823666
205  123.042183 -13.606466  122.535004  0.321661  2.840797       8.384995   1176.289185 -164.609818  11.455075  3.839993   71.204857
206  110.408958  -2.385654  118.380074  0.343190  3.896563       7.997175    761.003906 -200.276230   7.988836  3.251512   78.363312
207  127.880318 -11.838506  124.784164  0.337785  1.766397       6.926366   1266.749390 -219.832077  13.182288  3.192220   80.055367
208  123.927132  -6.060860  124.972778  0.338362  2.139439       8.455529   1016.664673 -243.925308  11.017080  3.910016   68.517082
209  119.411888   1.981297  137.120544  0.348775  1.566081       7.161796   1430.178711  -79.957481   8.898383  3.556292   67.445389
210  117.097519   8.791763  129.343048  0.328292  2.613904       8.482075    808.496582 -130.568161   7.026582  3.081085  102.950462
211  116.014343  -2.014040  129.737915  0.345386  2.293563       7.588017   1291.137817 -169.729141   8.610912  3.637634   97.626526
212  120.981689  17.057467  125.201141  0.329074  2.728490       7.159168   1829.132812 -210.482239   7.139887  3.378405   59.434994
213  120.064034  11.620987  123.786377  0.335478  2.044816       6.804415   1702.403076 -170.827789   8.964368  3.440386   84.656425
214  111.617630  22.940016  113.632111  0.306536  3.314851      10.162320    886.449158 -205.724564   6.230503  3.979059   69.156769
215  123.315575  -4.377033  148.500427  0.333586  1.651521       8.158574   1121.413452 -196.173691  10.895076  3.249255   75.010094
216  126.789307 -10.525286  115.034149  0.346247  1.479791       5.614993   1765.290771 -140.144699  14.811643  3.103747   82.147484
217  115.273438   7.519690  131.000793  0.319918  2.691522       6.336498   1739.050659 -172.074326   7.982738  3.656708  124.304466
218  124.476303  24.861702  111.293983  0.335271  1.351755       9.695526    976.351929 -138.365524   8.980453  3.390898   52.974358
219  116.697212 -25.907314  133.190979  0.340016  3.719082       7.841937   1093.207886 -219.157516   8.187408  3.735515   64.245209
220  104.280052  15.480732  125.546036  0.342373  3.676842       9.533361    860.748474 -188.190521   6.589896  2.836355  136.311035
221  112.098106  -4.006058  135.182602  0.300875  2.908914       7.778337   1278.008789 -143.185181   6.203386  3.822572   52.945702
222  117.656776  13.262880  121.957672  0.325815  1.921522       6.563689   1892.210938 -247.352036   9.837530  3.904214   76.516418
223  124.608337  24.136858  128.369492  0.322121  2.536353       7.392029   1729.840698 -199.999008   9.337160  3.677485  121.554108
224  116.022400  14.886906  135.390366  0.305045  1.784259       7.878830    958.977783 -201.933395   8.104331  3.353940  121.609634
225  127.013985 -11.520688  127.573128  0.330471  2.071489       8.468410   1062.621826 -210.470291  11.642545  3.542964   51.960239
226  117.248123  -3.320718  136.547272  0.323277  2.557428       5.160111   1875.671143 -217.083267   9.351652  2.804483   52.041439
227  116.436234  26.992390  118.050171  0.335298  2.165186      10.556451   1209.151367 -146.780899   7.464883  3.968115   73.136078
228  116.458740  24.115578  125.834381  0.313429  1.405917       8.090611   1272.726074 -193.486694  10.054794  2.659387   83.415741
229  112.359833  24.948275  134.287857  0.320353  1.428985       7.679126    999.330261 -136.743820   9.029898  3.606180  236.752625
230  133.434174  -8.809338  133.156799  0.321661  1.374684       8.734384   1150.794434 -198.714539  11.309288  3.903270   52.612675
231  118.611511   4.625827  131.196823  0.342275  1.863749       5.912524   1765.342285 -198.265747  10.841975  2.797507   70.476318
232  109.440300  12.224399  141.407013  0.338997  3.065364       7.199402   1779.014648 -162.533096   8.403709  3.688391  118.051445
233  119.407402  29.815041  128.125854  0.226839  1.860097      12.102160    741.368103  -42.551178   6.650377  3.855197   86.789024
234  121.287918 -12.047439  130.373505  0.349271  2.099201       6.759639   1673.377075 -235.548477  11.595540  3.994627   67.325912
235  110.316681  21.956779  138.300293  0.329737  1.244647       7.574810   1708.240479 -196.030853   9.933438  3.608904  185.720184
236  116.437614  -6.073644  125.153290  0.337061  2.340003       6.502677    972.455078 -124.062141   8.838123  2.834439  106.873436
237  120.440376   9.488744  126.797035  0.314964  2.125035       6.792770   1654.051880 -139.204254  10.111778  3.375257   60.400490
238  122.502815   8.016429  128.879456  0.336418  2.199010       7.742875   1269.035522 -148.017181   7.709881  3.945258   98.718147
239  123.616920  -5.311876  146.420288  0.345534  1.981606       6.250605   1549.601074 -120.227341   7.946690  3.686838   93.391945
240  113.015724   8.886977  121.195045  0.327548  2.807187       9.391026    782.148682 -185.274734  10.578251  3.497249   54.104259
241  117.870079  24.208578  108.883133  0.312165  2.899751       7.698575   1890.112061 -228.463333   8.279747  3.833222   96.294579
242  115.354622  28.693102  123.777298  0.275398  1.524956       7.865492   1800.786255 -116.082260   7.308239  3.171890   80.217995
243  112.377594   7.264787  132.747025  0.324187  2.792975       6.582796   1908.975830 -192.774567   7.424803  3.636047  119.503189
244  128.974701 -18.869921  139.147720  0.339931  1.969370       7.887954   1416.766235 -163.629318  13.562235  3.908128   68.234116
245  116.807602   1.676452  139.799866  0.321341  1.722247       8.139520   1385.080322 -236.529724   9.758646  3.752955   64.054276
246  117.335228  -1.648412  138.004852  0.311262  3.327385       9.509393    811.275024 -245.236099  11.011100  2.883173   79.654091
247  116.127151  18.183725  135.307205  0.334179  1.316138       7.711219   1597.246582 -193.345108  10.474414  3.765408  115.921440
248  120.847626   1.743669  119.521873  0.349997  1.810872       8.638926    794.038330 -200.165344  11.537053  3.424450   64.357513
249  103.422806  27.466160  143.513092  0.279919  1.070743       9.405545   1345.844727 -199.053375   8.724368  3.454386  158.072861
250  122.102638  -3.610152  128.682159  0.341385  1.506954       6.894192   1406.592651 -141.332001  11.769053  3.695821   83.901489
251  112.676758  13.418023  136.779785  0.335420  1.655228       5.656123   1671.703369 -231.204529   9.834236  2.501281   63.312847
252  118.188644   8.459450  128.218643  0.328001  1.750969       6.679350   1196.220215 -233.206116  13.364046  3.101447   86.759064
253  127.425034  -2.192423  133.939606  0.335059  1.382660       5.543599   1716.150269  -93.248970  11.704297  3.379541  117.626663
254  118.623039  10.426131  133.124130  0.331074  1.469233       6.952671   1800.473511 -229.090485  11.764030  3.393393   54.433571
255  128.026672   6.894294  114.448860  0.324001  1.110176       5.999540   1975.038574 -119.736504   9.687171  3.452362   74.811157
256  114.756889  28.329796  119.259262  0.324602  1.663935       9.507295   1448.269775 -241.982895   6.829058  3.663819   75.859505
257  107.123589  24.037136  127.093391  0.260343  2.217877       8.567946   1088.534668 -240.783798   7.794859  2.379134   51.973324
258  114.788101   5.225002  120.743820  0.348770  2.272833       7.178849   1071.531128  -57.535187   6.202000  3.626323  107.708649
259  120.871483 -12.164563  130.334824  0.346266  3.156755       6.480520   1189.151611 -222.736176   9.979378  3.320747   75.060074
260  109.759094  25.444529  133.982056  0.304111  1.583591       7.568958   1003.983521 -154.830658   9.011672  1.678417  112.710365
261  122.210815   6.773618  136.001419  0.342115  1.282529       7.555268   1202.120239 -179.333420  12.457593  3.980837  124.959274
262  120.522614  -3.689688  126.500702  0.318107  2.298706       6.427690   1297.522461 -202.268372  10.650325  3.561146   97.391441
263  105.415543  15.426808  136.045898  0.332824  2.364583       7.134331   1465.939575 -194.609848   7.785820  3.139028  139.420547
264  118.476791  22.561516  110.958855  0.346842  1.939259       8.834354   1280.485840 -142.543167   9.035522  3.072331   65.691879
265  110.839272  20.806461  139.663040  0.300771  1.024087       9.270416   1054.132568 -245.920380  10.434794  2.268705   81.240868
266  123.015823   8.065055  109.128998  0.340894  1.471468       5.823705   1958.902100 -134.867767  12.881523  3.878214   69.444664
267  125.109482  10.997383  120.391747  0.319171  1.025018       6.807286   1717.957153 -123.888931  13.554262  3.700560   73.326279
268  120.046013 -12.076140  142.839233  0.343901  2.927630       7.716815   1147.173828 -234.631378  11.327378  3.283046   74.748070
269  120.680725  -2.449970  150.423569  0.337250  2.108323       8.006279   1187.574097 -205.312485   9.748738  3.235522   81.563766
270  130.351532  -2.325453  115.188972  0.340067  1.543121       7.867545   1017.191345 -240.851776  12.522747  3.990171  100.764351
271  119.001595  -6.573215  118.193497  0.343502  2.704041       7.584510   1105.088501 -209.958893   9.606541  3.582276   65.520622
272  127.773399  -9.092283  127.721550  0.341376  1.266425       9.243390    826.327820 -123.368835  12.681306  2.977689   51.730453
273  120.088860  19.186344  130.612717  0.286495  1.661752       8.751791   1179.768921 -160.442245   9.167160  3.197313   62.070316
274  112.389671  18.173616  139.324692  0.292955  1.446992      10.961931    774.336792 -205.299927   9.456204  3.043546   81.938332
275  119.887604  10.460268  118.244835  0.286812  2.139440      10.009473    850.900757 -117.151932   8.675217  3.967126   56.875511
276  122.033691  19.282467  122.386810  0.314890  1.276509      10.212891    927.609619 -181.816727   9.540282  3.802150   66.345612
277  120.991371  16.141916  126.733170  0.341816  1.634066       8.312115    741.811707 -108.756805   9.665672  2.581384  156.556686
278  116.567543 -14.214744  136.545929  0.341538  3.963371       6.378556   1788.795044 -185.455002   7.261889  3.166497   57.522491
279  116.439888  23.625998  124.046204  0.228951  2.643785       9.836383    850.060913 -224.301743   6.579774  3.149821   52.878059
280  115.429665  23.366888  131.849213  0.326376  1.216082      10.423539    819.414917 -159.176208  10.709064  3.821357  132.179779
281  122.212296  15.453123  116.524025  0.331909  1.481774       6.667768   1694.132690 -152.261780   9.335095  3.332874   59.093243
282  116.142143  17.188139  127.348564  0.282779  2.404516       8.248488   1165.918823 -154.856201   9.307511  3.371984  104.967659
283  110.324295   3.431238  139.841812  0.320025  2.032543       8.264470   1165.416504 -222.836533   6.786286  3.184805   67.231522
284  118.048813  20.428991  127.772514  0.319916  1.321854       7.897919   1265.976196 -140.039444  10.313793  3.478318   81.156433
285  116.986488  16.063709  137.406616  0.269739  1.211777       7.275024   1942.070557 -143.764481   9.258930  3.722701   86.028732
286  121.217171   9.179816  134.358475  0.319612  1.279090       9.303225    976.252136 -130.829971   5.669383  3.978016  130.189117
287  103.446259  -3.510588  131.578140  0.316395  3.806866       6.447447   1373.400635 -203.214767   8.157049  3.555556   99.878387
288  119.157295  21.233431  126.490692  0.340855  1.732539       7.530369   1162.058350 -119.068260   7.459898  3.988834  164.482666
289  119.230530  18.735508  124.516525  0.313203  1.132981       8.247559   1030.172974 -127.247940   9.144147  2.917915  106.706917
290  116.033318  21.851225  131.731125  0.339678  2.916569       9.016898    804.734619 -233.887146   8.715390  2.938040  117.838379
291  119.699997   1.391427  114.848755  0.327917  1.893049       6.400175   1475.780762 -201.262009  10.831560  3.487924   69.079994
292  108.468468  15.981090  129.444824  0.315625  2.621908       5.358932   1987.317383 -219.140259   9.142704  2.655665  113.564377
293  127.423195  24.253510  110.232002  0.307222  1.271117       9.855573    923.838684 -114.957458  10.021872  3.353144   64.325066
294  115.965584  -0.041105  138.403839  0.334898  1.816751       7.721477   1290.391479 -167.469925   9.005024  3.271646   64.036415
295  113.361099  19.161806  134.933014  0.292123  1.325292       9.768164   1068.233276 -112.096992   7.742843  3.583869  111.808502
296  110.131287   4.828723  132.364044  0.320581  3.488607       5.886590   1320.488037 -206.721298   6.717192  2.521338   51.390419
297  127.710320 -10.767076  128.197556  0.327186  1.708378       7.486764   1141.203003 -225.411041  13.289504  2.952091   54.837002
298  124.081146   1.294696  113.982849  0.348369  1.445616       7.672330   1475.288696 -161.124451   7.124559  3.706603   61.499390
299  126.817238   6.298516  127.356773  0.314677  1.858864       5.110466   1985.110962 -154.799438   9.877294  3.277767  101.436981
300  122.031502  20.306591  113.806709  0.324196  1.300979       5.029807   1891.189819  -81.937088   7.493771  2.777520   87.953667
301  118.244522  10.631196  128.338242  0.325067  2.175527       6.803080   1802.291748  -72.239563   6.893908  3.849980   94.591873
302  108.015053  12.730235  146.306747  0.336538  1.299943       8.789096    729.689453 -235.718231   9.163693  2.029277  110.006882
303  128.255386  27.972561  111.002167  0.338049  1.329550      10.728407    703.731384 -122.057747   9.799886  2.714743   74.523857
304  121.923874  14.639750  126.657448  0.344738  1.929081       8.258056   1105.401489 -199.138870   8.498000  3.254032   78.301834
305  117.748856   7.317578  134.414536  0.336525  2.213620       7.218854   1073.514893 -176.569641   9.570750  3.805589  134.048309
306  118.518166  15.068350  130.961777  0.300912  1.417101       8.114398   1711.596558 -144.532089   9.354695  3.689818   63.726944
307  116.373650  15.985103  121.508430  0.335685  1.816686       6.851112   1366.727173 -100.645729   8.281398  3.276950  104.494385
308  123.725266 -12.175928  128.114914  0.346236  1.926830       9.662609    959.040710 -194.657684  11.718182  3.839391   56.862427
309  114.060555   2.511699  122.150856  0.334278  3.239309       6.890900   1131.653564 -160.160507   8.092101  3.470773   93.669960
310  110.833916   8.407392  141.256622  0.332663  2.515242       8.257802   1283.477051 -210.185104   6.589561  3.847911  125.277817
311  114.978195  12.337392  134.801102  0.313224  2.218369       5.815161   1876.156372 -248.776321   9.421413  3.683129  109.563599
312  125.968361   1.809411  125.533157  0.326263  1.948290       5.603991   1725.813110 -221.598236  12.135717  3.441994   57.128357
313  118.051125  18.867638  132.371536  0.337924  1.097150       7.564253   1254.483765 -127.804741  10.887167  3.087896  151.278824
314  111.994057  -0.062482  154.955490  0.278564  1.923340       9.658660    735.493713 -223.142578   9.372992  2.589219   84.264915
315  118.182877  15.614306  122.312683  0.324638  1.824223       8.187692   1505.452881 -179.949295   8.685970  3.818893   71.375282
316  128.032959  13.004782  111.461380  0.349198  1.065679       8.417003    990.508057  -79.279503  12.239112  3.604340   95.247314
317  123.247711  19.599466  116.715157  0.304601  2.089511       8.898822   1202.458252 -138.277740   7.297638  3.110064   51.043243
318  120.703552   2.761027  118.344482  0.330986  2.832994       7.511623   1445.076294 -222.803284   8.779324  3.441544   81.850189
319  117.142639   4.825773  128.361008  0.346469  3.113645       6.191639   1289.090454 -194.864807   9.955279  2.020962   57.543224
320  121.395859 -13.471675  116.031548  0.330759  2.643365       7.830949   1400.583618 -197.646240  11.994716  3.961058   79.901878
321  112.557190  11.131630  149.318146  0.336554  2.027237       6.529453   1550.153564 -130.854767   7.189874  2.173426   80.268105
322  108.842056  22.539757  135.994736  0.324256  1.436545       6.170278   1876.824219 -217.257095   8.074094  3.326348  154.224945
323  119.820213  -2.712116  129.589493  0.345290  2.049858       7.488225   1663.600342 -224.236923  13.603271  3.881287   53.811058
324  116.138939   3.716320  138.013885  0.293742  3.530547       8.652017    910.899780 -242.370865   7.969408  3.679098   90.472389
325  115.912575  -7.106481  116.362244  0.344148  2.615009       8.776317    809.933472 -224.839996  11.265572  3.882877   71.707916
326  117.525505   6.251234  131.698990  0.329561  1.958733       6.726001   1981.223999 -193.654633   9.035685  3.926533  105.802917
327  120.559998  13.317151  132.750992  0.335613  1.138372       7.593130   1720.977783  -58.581726   6.851759  3.667166  133.364075
328  109.804443  20.504990  127.836792  0.340491  2.860520       8.401430   1253.767944 -137.463333   5.845213  3.034402  132.262436
329  115.546417   9.842459  110.005753  0.344955  3.602393       6.262805   1805.062744 -237.392227   9.244694  3.583093   50.964531
330  121.271599  -0.560826  124.224571  0.322099  3.066211       8.231268    908.877625 -219.950027  10.715450  3.579617   78.478592
331  115.624115  22.331007  127.617744  0.330013  1.868061       7.631546   1839.141357 -153.250534   8.500353  3.894753   78.539146
332  113.010277 -12.165520  117.279526  0.327793  3.259880       5.523593   1812.423584 -223.159592   8.805586  3.828870   60.213745
333  118.158234   6.959822  121.144325  0.344932  2.166229       6.623908   1482.266968 -205.395508   7.465449  2.920027   80.770851
334  119.193237 -12.721981  130.074997  0.341783  2.157663       5.383366   1631.670898 -188.922409  12.466133  3.123900   85.641670
335  117.223465   9.058334  127.917854  0.334004  2.017765       6.759204   1684.960815 -190.724274   9.822972  3.646678   57.572174
336  115.660995  19.710234  131.089905  0.343533  1.407701       9.309495   1026.742188 -112.424446   5.725350  3.578476  123.453049
337  109.715637   4.308383  123.815239  0.343830  3.372014       7.800357   1192.862427  -99.545364   6.437435  3.338576   88.863785
338  126.293701  18.240347  113.826591  0.288155  1.874576       7.408576   1396.604248 -102.732056   7.882587  3.798007   74.810219
339  116.684921  18.147045  132.694153  0.317098  1.425425       9.028016   1052.458618 -164.284866   9.705369  3.659677  126.519814
340  104.818199  10.442351  139.437698  0.303957  2.917242       8.084831   1477.148193 -155.512329   6.949074  3.461471  130.417786
341  109.199951  23.147106  120.362885  0.322571  2.657200      10.335603    890.437500 -198.748581   6.316713  2.887100   98.866890
342  120.501480   5.588794  127.851967  0.346533  1.334413       7.369954   1163.486328 -170.870453  10.255027  3.188411  105.334885
343  107.364418   1.780128  132.911987  0.325199  3.354161       7.940749   1109.766479 -143.860611   7.368766  2.591959   57.217609
344  105.124138   9.070820  140.260117  0.312731  2.345907       6.112887   1665.201294 -140.803772   7.223573  3.880421  159.946274
345  110.411659  -6.585273  138.205750  0.324375  3.773355       6.121964   1886.630005 -204.554474   7.735140  3.785859   73.166603
346  125.094879   4.383150  109.484795  0.323252  1.667307       6.820757   1762.331055 -192.198746  12.125796  3.618002   64.707123
347  110.785774  13.578080  137.574982  0.320561  1.669726       7.306581   1294.479004 -184.851425   9.228205  2.626560   89.740746
348  120.740211  -5.767171  138.813507  0.334763  1.877517       7.538818   1543.054199 -139.185577   9.094287  3.472319   55.482365
349  112.584846  -8.984890  137.860794  0.343902  3.246433       6.185318   1414.726562 -190.580444   6.182144  3.159600   90.444336
350  110.742958  12.894536  122.631088  0.334753  2.685587       9.445603    761.093750 -180.212952   8.148212  3.540066   86.253403
351  117.626228 -12.984191  145.016495  0.328109  3.196256       7.416745   1024.288818 -238.991989   8.707709  3.273425  111.673889
352  118.313126  19.198826  131.385162  0.302091  1.270058       8.126219   1484.286743 -103.845879   7.474602  3.476114   71.277138
353  120.366348  13.085814  132.289032  0.336388  1.338368       8.801913   1036.786743 -134.385254   9.812849  3.101350   72.273201
354  116.132660  -7.140517  128.154572  0.303414  3.916001       7.705168   1176.953613 -240.886932  10.108381  3.798848   66.995399
355  120.935944  -4.908364  142.590286  0.325367  1.458987       6.001067   1785.448730 -123.066841  10.540051  3.590676   90.284439
356  117.545662  -2.606930  131.791336  0.341011  2.487721       5.853959   1628.589478 -166.135117   8.063469  3.051133   74.401146
357  111.943153  28.721952  138.939621  0.288879  1.735391       8.168840   1545.118286 -198.252243  10.823869  3.353890  163.439178
358  122.228912   7.363382  124.803665  0.307618  3.034380       7.030685   1102.403198 -154.578796   7.816988  3.239375   95.591454
359  109.991310  13.117396  139.426483  0.315873  2.397399       7.554507   1273.664307 -165.527817   8.681580  3.581355  146.399872
360  117.118149   3.672549  114.305519  0.324967  3.576333       6.408257   1151.919189 -213.673294   8.661581  2.423718   53.556454
361  123.428909  27.128031  110.295448  0.275201  2.425709       7.872947   1746.904297 -235.094864   8.820362  3.711470   54.032654
362  113.511375   6.417274  128.643066  0.321961  3.060501       8.929392   1155.442017 -209.346313   9.225610  3.449084   77.208046
363  125.667252   2.051888  126.783791  0.337624  1.428197       7.812618   1023.186462 -182.332199   9.913875  3.098431   53.231716
364  115.184380 -21.707260  155.632019  0.332959  3.814704       7.131422    875.990173 -235.949982   7.525735  2.454942   69.942307
365  128.223495  -2.219954  131.210068  0.345908  1.216555       7.705150   1300.152344 -165.772827  10.911937  3.788597   93.606865
366  121.085274   1.232461  119.559944  0.342963  1.996391       8.792298    931.860657 -185.515366  11.538538  3.774133   66.686592
367  118.462021 -12.693405  130.176132  0.346061  2.768518       7.387269   1111.368042 -202.597336   9.397292  3.285994   63.736767
368  121.746826  27.088074  104.630501  0.301054  3.635688       9.367033    920.053467 -221.353073   7.042117  2.924980   57.741863
369  120.061882  11.686923  113.914391  0.340089  2.179960       9.164731    894.016907 -202.910599  10.028782  3.045445   54.862141
370  127.257500 -12.565125  139.218521  0.321867  2.069349       8.069242   1069.012817 -154.364212  12.060003  3.261886   68.331779
371  119.113464  20.569691  118.688171  0.340234  1.315067       9.092197   1020.045654 -133.908646   9.535303  3.195779  108.672729
372  126.466393   2.222071  123.829399  0.338011  1.229927       8.130266   1323.110107 -124.796494  10.810813  3.678141   71.111954
373  113.696281  24.237961  139.286758  0.346105  1.119731      10.155195   1044.594482 -127.544365   7.772076  3.483970  211.509033
374  120.173363  27.270861  111.174957  0.327120  1.923232       8.626527    971.502502 -169.092270  10.891242  3.130061  134.599396
375  110.019638  22.869152  120.958580  0.344932  2.710682       6.439929   1665.379272 -169.512085   5.680143  2.535698   61.016598
376  115.624054  19.093445  135.976288  0.313166  3.033273       6.108863   1116.084839 -230.424118   6.284775  2.040669  125.247375
377  121.556213   5.649984  113.692574  0.282003  2.030696       7.654122   1058.121582 -149.616684   7.634920  3.748721   72.074501
378  120.719002 -16.036398  132.435928  0.345539  3.714926       8.647254    802.701355 -205.076584   8.343322  2.795928   57.196449
379  118.197075  12.839990  134.437027  0.347928  1.387038       9.811213    766.102234 -223.382141   9.750167  3.648468   71.104614
380  118.168831  11.016756  129.313690  0.346181  1.922364       7.819582   1245.764038 -242.894440  10.245814  3.480522   53.855988
381  130.267761 -15.914815  133.100174  0.339741  2.318792       7.203679   1607.184082 -156.658707  10.335485  3.065156   66.522461
382  115.572128  18.640587  130.631348  0.289516  1.760268       8.233804   1243.744263 -211.548187  10.121160  3.590564  110.182640
383  112.999115  11.070803  120.816811  0.326317  3.705189       6.617276   1501.819214 -215.839401   7.403735  3.377276  121.365974
384  117.075584  21.950411  121.782570  0.342875  2.466488      11.084277    727.000488 -176.342804   7.309940  2.932768   68.480194
385  125.442841   4.452666  128.592804  0.329889  2.054812       7.366709   1438.273804 -175.278076  11.689713  2.941563   62.744595
386  110.376930  21.823149  132.426865  0.303842  2.252367       5.930312   1632.691040 -101.897209   6.487444  2.982585  149.470093
387  118.023117  26.302759  122.507523  0.342766  1.074378       8.508472   1791.100586 -108.187767   9.761834  2.950640   55.393879
388  118.007042  14.423318  132.939651  0.345151  1.422197       8.164734   1268.822144 -182.556320  12.482542  3.892469   71.807228
389  120.371666  13.668992  109.302353  0.324650  2.332145       7.623719   1575.661255 -167.702698   7.470624  3.603370   55.695377
390  114.981972  24.143177  119.647736  0.316178  2.482861       8.189655   1144.263672 -173.267303   6.701901  3.460737  157.997955
391  121.082092  -2.665809  120.961578  0.328455  2.446230       8.885131    804.094910 -203.007050  10.860625  3.601784   68.714348
392  123.282661 -10.344518  122.350708  0.317781  2.030057       6.721149   1663.865845 -114.254288   8.380127  3.673559   50.827374
393  116.875565  14.459368  134.884521  0.346652  1.285879       7.157043   1593.350586  -81.272331  10.186777  3.519340  129.397049
394  112.255142  -3.884898  134.700317  0.303900  3.247880       6.395441   1524.899536 -249.257828   9.379942  3.886142   81.415985
395  123.067825  11.696659  122.795135  0.342705  1.458049       6.398918   1704.774170 -226.630890   9.876509  2.980671   70.966850
396  117.315094   4.144872  134.672714  0.325603  2.670023       6.980972    894.054810 -232.208542   9.654975  2.973624  143.667297
397  121.900162  -9.469342  132.360504  0.320962  2.214333       7.221719    899.925720 -165.267288   9.083758  2.884791   74.756378
398  104.341835  20.156858  149.481537  0.322317  1.182462       7.231475   1402.077393 -215.097305   9.732611  3.314332  213.028275
399  118.857246  22.688097  120.732048  0.313637  1.830989       8.759253   1117.983887 -187.703995  10.370517  3.943816   84.057861
400  114.762680   9.445662  125.785469  0.348983  2.382197       7.802423   1109.458862 -124.791893   7.052387  2.656036   86.968521
401  113.273376   9.661624  141.632080  0.310218  1.539078       6.167521   1274.161011 -153.132812   7.746438  2.442851   80.018188
402  110.835686  21.571732  138.405319  0.280502  1.391847       9.321338   1139.562012 -170.030701   8.361384  2.572369   74.978569
403  112.552971 -16.268112  146.001389  0.342062  3.401609       6.923711   1485.567749 -154.090439   7.946764  3.576778  111.610519
404  118.677597   9.638796  131.747787  0.329587  2.488043       6.743014    933.151978 -122.804413   9.160872  2.725321  123.124763
405  114.563354   7.153285  125.288475  0.334780  1.586164       8.173023   1448.491577 -131.578522   9.929358  3.679329   58.124023
406  115.356506   2.313269  146.530762  0.268819  2.435885       9.700168    755.321960 -233.486588   9.040784  3.161744   57.244572
407  123.006447  -0.662413  134.857971  0.328793  1.588087       7.492675   1127.521240 -190.150894  11.066346  2.536765   67.127930
408  126.916367  -9.452187  127.369545  0.342801  1.889288       8.697093   1264.640259 -158.340546  10.451986  3.479615   55.248169
409  114.458694   9.461464  134.303101  0.322896  1.830189       5.696985   1774.044189 -193.021317  10.401633  3.303321   73.163040
410  117.392456  14.004380  134.954544  0.349735  1.486185       7.491062   1357.077881 -104.873833   8.221796  3.790358  131.013947
411  118.702507   6.904838  131.158707  0.346464  1.380010       6.709859   1405.616089 -123.922157   9.097002  3.031852   82.125114
412  115.904846   6.713196  129.350006  0.319172  2.927874       7.826348   1474.081665 -209.490677   9.060592  3.949139   97.203400
413  123.251434  17.275227  140.720383  0.319462  1.500339       6.861508   1319.183716  -85.324455   8.330142  3.068020  149.858521
414  113.750557  15.740304  141.349106  0.311731  1.185883       7.389157   1975.417603  -92.908577   8.490252  3.442100   80.967773
415  124.464424   3.133378  122.939354  0.318056  2.144187       6.840742   1727.434692 -201.874252   9.880279  3.053815   50.684540
416  115.369736   4.860572  109.964134  0.348451  3.271067       6.979423   1451.324829 -120.138298   7.395718  3.763189   92.532700
417  117.851929  18.237247  127.032135  0.324582  1.462929       9.011099    982.318176  -77.488281   7.722590  3.289225  113.976807
418  118.311844   3.444923  134.810577  0.338174  2.396883       5.141366   1406.100586 -184.488693   9.853399  2.302863   56.538448
419  128.311340   5.688716  118.701828  0.315767  1.136673       8.957114    813.145752 -141.337158  10.356354  3.715655   53.087982
420  119.809975  22.450668  123.338760  0.306403  1.434213       8.756256    712.857971 -136.420395  10.292733  2.971052  169.101654
421  117.516418  -1.372639  131.561203  0.325941  2.672300       6.014616   1432.879883 -126.134209   7.436595  3.515057  112.315613
422  121.431778  22.379225  126.803207  0.294619  1.456714       8.030832   1398.541260 -151.855469   9.119122  3.502437   70.238609
423  121.886353  19.329384  126.152840  0.303482  1.213851       8.125968   1376.623047 -180.665665  11.043969  3.522303   89.277390
424  118.895355   5.394117  136.098206  0.319859  3.212828       7.705949   1232.542847 -117.232361   8.306617  3.815260  130.920288
425  115.467384  20.508532  126.247604  0.285710  2.778064       8.345393    901.225525 -197.078049   7.418442  2.802655  107.024155
426  115.800041  -4.431797  145.376755  0.340621  2.775296       7.056488   1754.196899 -188.040634   9.543115  3.939619   67.584366
427  113.004433 -11.530962  121.995941  0.344407  3.689000       8.826309    902.224121 -113.723099   7.217057  3.613881   52.036041
428  120.994858   9.168584  113.895927  0.284498  3.434910       6.455434   1802.102539 -107.611748   6.361852  3.999884   59.751553
429  110.678093  12.637606  140.279282  0.318918  3.318700       6.060128   1957.647461 -227.248062   6.477233  3.700165  179.348083
430  117.523247  13.388748  130.197586  0.265102  1.933381       6.806860   1523.873047 -219.938644   7.735649  3.586579   96.855606
431  119.348312  20.750227  124.247803  0.349633  1.874765       9.656943    790.411316 -212.764999   8.565062  3.131710  107.074738
432  109.271004   8.716661  127.851952  0.339002  2.702887       6.771661   1887.757690 -176.753052   7.709919  3.589598   59.980267
433  116.687904   9.481999  141.918396  0.336485  1.395791       7.286928   1442.223511 -140.800720   8.049696  3.007250   56.590889
434  119.532440   3.122581  128.978592  0.310963  2.107997       6.536606   1536.685791 -201.508698  10.308601  3.914440   66.571709
435  119.596802  12.630103  128.977188  0.286934  1.226435       8.650537   1429.893677  -98.772659   8.909376  3.962652   55.813480
436  122.567665   5.461299  134.025406  0.342963  1.193872       7.070212   1733.192017 -184.096054  14.482306  3.755139   70.507050
437  108.067741   4.018479  142.768875  0.319983  2.518157       7.514861   1338.331543 -111.655464   7.917260  2.771922   85.798004
438  114.437790  29.180048  121.508400  0.302928  2.473611       9.587325    893.778503 -173.539261   7.798759  3.356945  126.909798
439  111.742973  -3.905889  144.062378  0.318388  2.987197       5.642366   1255.673340 -182.777817   8.717481  3.436428  161.360718
440  118.913071  16.665159  123.322784  0.343442  2.007178       8.737682   1186.189575 -112.364410   7.213816  3.326188   65.500313
441  123.437904 -13.600170  138.891663  0.306693  2.947227       6.921985   1420.016113 -224.879089   9.891245  3.828773   50.637451
442  107.817230  28.722786  141.579758  0.349734  1.523228       6.799459   1528.820435 -139.992828   8.032458  3.455566  310.218170
443  115.467255  -3.517124  125.422760  0.339853  3.165888       9.060728    856.681213 -179.272949   8.744222  3.517910   69.465279
444  117.015816   5.216512  132.576172  0.335319  2.677541       8.456385    729.698486 -180.472000   8.448398  2.700632   84.849876
445  112.166451   0.026669  136.922775  0.327395  2.580645       7.453324   1191.896362 -192.106583   6.934380  3.855244  104.820152
446  119.300957  15.668634  115.816940  0.327134  2.488272       8.652143   1010.143860 -187.564651   9.896921  3.633754   76.662766
447  120.210350   6.880757  133.767899  0.288962  2.038020       8.347551    897.336914 -174.265869   9.899320  3.121555   90.834518
448  114.092567  12.310041  119.776871  0.324425  3.260210       9.102295    797.742249 -132.794189   6.542865  3.742629  150.300812
449  119.421448  -0.945224  130.253647  0.346798  2.665728       8.808709    950.615051 -176.137726  10.009706  3.572819   81.209808
450  101.448555  10.836669  131.248901  0.318199  3.932281       8.123915   1622.352417 -215.467804   7.943851  3.774842  108.198082
451  126.916512  19.077984  104.556114  0.322544  2.149189       6.797538   1630.812256 -162.257355   8.947720  3.167586   56.506542
452  108.592369  12.218473  149.860184  0.323059  1.273289       8.811650   1170.625610 -194.261307  10.123886  2.920865  103.457878
453  113.526253   0.237149  116.972527  0.322914  3.653737       6.665464   1107.600098 -228.288895   6.916332  3.065642   68.151917
454  119.489578   8.850049  133.700546  0.332637  1.421006       5.933315   1843.636230 -130.623962  10.014165  3.594064  110.765877
455  121.653107 -12.379129  131.889084  0.334653  2.538395       8.537436   1251.879517 -223.984131  10.551217  3.482751   51.675941
456  103.443672 -16.727596  149.906616  0.326080  3.365763       7.603644    925.109070 -190.318619   6.053385  3.407655  122.523003
457  110.209335  28.589039  126.163567  0.269740  1.886943       8.369063   1440.793823 -161.917358   7.468491  3.519378  141.420975
458  113.511902   9.449468  125.406555  0.337047  2.008400       5.824937   1373.020142 -110.195366   8.907033  2.038162   54.840569
459  117.388031  17.425724  109.612038  0.332112  2.901099       8.658775    939.205444 -125.294785   9.147268  3.203060   64.477280
460  120.942459   7.246662  119.165199  0.336375  2.330132       7.853437   1226.765869 -210.313980   8.252645  2.835006   67.415543
461  124.150429  13.520121  109.754463  0.321873  1.457290       5.522056   1737.844116 -104.176811  10.011078  3.100136   61.969872
462  123.939941   0.372516  120.248283  0.330976  2.710403       5.072177   1724.899048 -152.801086  10.241693  3.270718   98.105621
463  105.301193  21.181108  144.527374  0.327281  1.112655       9.335511   1703.302979 -240.123566   9.234123  3.253898   62.791687
464  121.608353  21.137741  115.982033  0.331022  1.481738       8.286270   1106.776611 -105.277626   9.240485  2.925974   75.998390
465  110.661179  -2.064064  132.838013  0.339708  2.646304       6.809416   1069.395630 -207.158081   9.241397  3.123877  107.367439
466  117.768692   7.967108  144.307251  0.314304  1.217640       7.055209   1700.800171 -169.426971   8.018290  3.378540   59.514305
467  125.050514  19.227222  109.557449  0.307005  1.723175       7.841051   1331.528442 -220.970291  11.398213  3.756045   71.750053
468  109.621361  28.672760  138.694977  0.310734  1.612428       7.940595   1284.091187 -214.940079   6.344499  1.902257  124.231110
469  119.335510  -8.050567  130.396545  0.331191  2.212204       6.011437   1768.026855 -141.835617  10.227713  3.332244   58.399151
470  115.893593   3.098612  136.416092  0.310873  1.732868       6.522063   1108.682983 -130.126328   8.502162  2.237926   72.219162
471  118.149864  17.517609  129.393967  0.302626  1.917820       6.977068   1661.001221 -190.521622  10.955780  2.898283   54.776863
472  115.382835  16.402948  116.302345  0.303440  2.063826       7.384056   1390.886353 -207.825989   8.175485  3.425200   62.470055
473  113.283234  22.531792  138.404129  0.279612  1.981444       6.637601   1703.179321 -238.408737   9.010360  2.746950  104.808548
474  121.025414  16.794619  119.497765  0.344641  2.295938       7.661670   1003.981445 -215.780548  11.323887  2.686273   59.037746
475  111.294930  19.898476  141.358551  0.318421  1.135828       9.144842   1636.682129 -166.557343   8.550273  3.712174   62.051319
476  111.895737   8.511603  146.551575  0.270028  1.386620       5.027690   1927.505493 -196.938004   8.774067  2.949358   71.392151
477  104.283035  21.497570  142.894379  0.304070  2.120830       8.147580   1669.821289  -91.751610   6.889679  3.658597  221.109100
478  129.061172  -5.437331  121.459175  0.343728  1.803617       6.333169   1862.731689 -236.839935  11.338606  3.614903   65.194344
479  115.360092  22.346037  129.657974  0.348016  1.292341      10.410091   1018.605164 -155.801620   8.101122  3.756342   57.719078
480  120.765244  23.879993  121.243507  0.324584  1.613959       8.275758   1420.908569 -166.928940   8.793200  2.913764   72.392685
481  117.772591  17.715771  131.639999  0.314182  1.159326       8.755385   1319.395996  -63.849773   7.879249  3.923049  135.319748
482  108.435707  21.251171  140.056320  0.313727  1.171219       7.239373   1616.260254 -143.830399   8.557151  3.628391  184.293777
483  130.396637  -0.165416  130.578644  0.327037  1.089265       7.585714   1394.756104 -137.571213  10.994949  3.706297   65.583717
484  118.885574  13.945853  125.191452  0.333045  1.792898       6.419803   1589.176636 -102.143265   9.154818  3.917080  140.645325
485  116.136292   0.022664  123.976524  0.331647  2.461996       7.206244    802.736084 -133.640366   8.804354  2.158243   67.051643
486  110.811615   2.953603  130.548019  0.330720  3.064760       6.948306   1020.386841 -141.766190   7.312579  2.979352   86.895332
487  116.117554 -11.196173  128.905258  0.348644  3.677729       5.865384   1370.137451 -145.987122   6.087504  3.516246  105.621933
488  108.582176  16.270779  138.734253  0.330342  2.168721       9.016123    791.468567 -244.628601   9.974916  1.763268  107.243744
489  124.872849  12.148156  122.406967  0.327547  1.537237       8.008982   1081.290771 -107.795212   8.959555  3.321086   89.497520
490  119.194901  12.156927  126.855736  0.301230  1.157177       7.470505   1815.517212 -110.669945   8.778589  3.710843   54.426441
491  124.421516  22.036093  120.018127  0.301566  1.313728       9.582953   1115.077393 -122.092499   6.978389  3.752157   73.757782
492  117.915573   5.773373  141.387115  0.324829  1.427925       7.039162   1023.267334 -204.049286  11.937627  2.179031   86.622658
493  114.780785   4.685220  126.385269  0.311468  3.084001       7.617986   1351.426880 -156.600220   8.220359  3.745918   55.077400
494  108.054405  16.676571  128.511368  0.308486  3.229300       6.324647   1895.014160 -233.618271   8.237200  3.834249  120.469910
495  123.984482   9.813221  121.364449  0.345766  1.501899       9.305347    928.327332 -134.308777   9.280440  3.428256   71.642036
496  109.264999  18.104662  128.380249  0.315796  3.011133       6.208464   1685.755249 -163.696320   7.905765  2.659276   92.124496
497  119.694084  -3.848534  138.131348  0.328100  1.840031       6.372698   1070.120361 -110.020355  10.308333  2.976443  107.351166
498  114.323967   0.480499  126.176292  0.327291  2.196365       9.914091    812.877625  -81.517181   8.206690  3.481981   62.889221
499  114.360611   7.290327  133.019302  0.285925  3.131849       7.179893   1289.053589 -142.293900   7.499428  3.995874  132.395813
500  132.502991  -9.458663  129.152039  0.339329  1.176444       7.117081   1315.135620 -146.695145  13.681381  3.788620   75.999786
501  128.097290  -1.181528  128.956360  0.324692  1.769451       6.952180   1196.540039 -112.168068   8.725299  3.538757  105.045853
502  117.082909  -8.239664  140.901230  0.329187  2.678462       8.591055    740.086609 -151.893448   7.888980  3.857727  137.693512
503  113.138199  -9.379032  139.215652  0.320578  3.108829       7.705743   1057.501221 -242.826599   9.805184  3.002089   62.800400
504  116.222626  -2.581664  127.900146  0.341769  1.866393       5.014536   1869.238647 -247.799667  15.561630  3.630978  115.367317
505  120.899094  21.486517  121.694672  0.311626  3.163348       6.000184   1840.279663 -171.237747   8.885232  2.892498   62.725471
506  118.682579  -5.542811  135.425369  0.338187  2.737287       7.374250   1002.277954 -245.017715  10.321853  3.330902   93.935974
507  128.531158 -18.295425  135.662338  0.334279  1.986343       9.003452   1296.146606 -238.147415  14.051249  3.844406   63.699894
508  108.495369  18.046824  140.557312  0.326243  1.197756       8.474170   1688.191406 -245.180984  11.689103  3.420126   74.234840
509  128.533401  -1.470013  132.030045  0.329867  1.966552       7.994293   1547.445068 -206.419067  10.634253  3.882577   77.833206
510  119.813477  24.623907  118.258636  0.339338  1.853966       9.060017   1466.874023 -232.127579   9.683414  3.961049   99.127960
511  117.470055   8.905509  115.278839  0.277613  2.742427       8.507295    974.117676 -146.561844   8.605967  3.887953   51.515068