            lon        lat         inc      D1AU     delta  launch radius  launch speed    t factor       B1AU     gamma         vsw
0    122.922813   4.720171  119.489304  0.300558  2.377146       5.974400   1598.697998 -118.785751   7.093016  3.312321   51.017174
1    120.550514  10.253723  126.830704  0.349249  1.739217       6.783928   1371.719849 -233.123062  10.750691  3.861320  135.793518
2    123.697754  -0.017666  136.247391  0.311098  1.216896       8.061806   1096.143921  -96.305206  10.906982  3.367840   62.146313
3    109.464050  26.774887  134.688416  0.320718  1.723864       8.123575   1271.636841 -202.671082   8.134046  2.124703  108.177162
4    113.319550  -6.117689  141.433136  0.341152  3.631484       8.227373    956.284973 -200.588409   8.427384  2.725711   95.492989
5    118.320999   6.951885  140.197647  0.307849  1.610612       6.408654   1083.275146 -195.292892   9.002953  2.736750  102.159668
6    120.351547   2.108021  137.108231  0.312272  1.504674       7.526660   1068.483765 -208.373627   9.464104  3.200286   81.329567
7    126.474373  -5.420121  128.656296  0.308154  1.395203       9.823682    715.467957  -96.126358   8.936802  3.933155   61.651512
8    114.205780  13.869821  128.871094  0.335144  2.004570       7.992432   1338.777222 -145.028534   7.333189  3.311258   65.225891
9    123.073631  18.985743  123.958817  0.337027  1.122561       7.626494   1111.727783 -127.095207   7.917371  2.730538   89.922470
10   105.704330  23.397320  140.608582  0.347749  1.454434       8.934028   1337.918457 -189.696014   8.857272  3.284244  133.181473
11   115.561356  -0.180378  122.337341  0.344995  3.768274       5.598418   1582.474731 -199.517181   8.500154  3.379671   99.591698
12   124.886948   0.427967  113.411736  0.333966  1.664307       5.236797   1779.014038 -246.642105  15.941775  3.572858  101.339424
13   123.166664  -1.966090  133.174973  0.303765  1.772819       5.436773   1894.176025 -208.373978  11.832953  3.820578  115.710632
14   115.895691   3.762882  125.384117  0.347064  1.398448       8.946841    992.160950 -107.283203   8.092188  3.856234   70.764595
15   111.311554  10.423306  144.001480  0.326138  1.435744       7.139740    887.600708 -198.268021   8.514361  1.750469   79.603790
16   111.309120   5.832973  124.752769  0.338843  3.646957       7.818835   1475.118408 -243.266724   9.880965  3.901905   71.252563
17   120.273323  29.752691  128.787170  0.346991  2.932036       6.344152   1878.907227 -238.682465   7.918471  3.058298  134.694061
18   102.113647   7.237088  128.348938  0.323115  3.629518       8.887960    884.612000 -141.781296   6.335011  3.656558   81.505371
19   117.763229  18.967216  129.496521  0.336336  2.713454       8.056067   1272.361450 -182.154327   8.490686  3.012496   83.200302
20   119.633659  12.649117  121.844978  0.307521  2.635272       8.159685   1233.570679  -96.019424   6.731697  3.272270   72.429886
21   109.370003   0.190176  124.533241  0.347915  3.364861       5.201825   1638.638672 -131.531448   6.734758  2.792660   62.596874
22   108.640587   6.638501  135.680847  0.336330  2.953585       5.685025   1674.940918 -224.807693   8.536458  2.899790   87.005974
23   115.384178  -2.419832  112.394661  0.308153  3.926637       8.631903    982.341431 -156.208817   8.284045  3.728495   68.198303
24   113.826767  19.676638  133.908920  0.342966  1.124629       9.450283    806.349121 -138.862061  10.377150  2.572168  116.993942
25   109.349831   3.695887  128.205215  0.345587  3.660851       9.177465    853.616577 -227.014938   8.631472  2.679697   70.613106
26   115.597130  16.882040  123.684189  0.339572  2.157884       9.799416    941.721436 -182.147293   7.976322  3.417435   52.139065
27   126.923454  14.890581  110.256615  0.328318  1.238562       6.251676   1894.204956 -110.718559  10.580149  3.457995   64.860062
28   120.832214  -3.391932  132.873596  0.344353  1.518710       8.570124   1305.421143 -146.108063  10.434382  3.814941   65.643646
29   101.669395  12.510132  153.898270  0.327807  1.217222       5.771882   1711.048584 -181.306595   9.382196  2.051276   98.168541
30   111.962440  16.663509  127.345978  0.317267  3.092848      10.143917    741.737976 -150.325668   7.405153  3.168576  111.384384
31   106.074890  -1.831531  125.284988  0.343700  3.652255       7.445108   1025.609497 -225.446411   7.523048  2.911201   51.760342
32   126.498383   0.281894  123.509369  0.338992  1.347375       6.819211   1313.749146 -162.076736  13.080660  3.759050   92.732254
33   124.718056   7.036176  117.062096  0.334807  1.213697       8.554836    888.021912 -127.115036  10.540827  3.812072  106.018585
34   117.252197  13.371299  132.401199  0.326802  1.784665       8.911265    931.303894 -194.020752   9.597590  3.245150   64.634506
35   116.870018   2.997437  133.036453  0.302900  2.222847       9.093121    955.096741 -221.820770   8.478100  3.714515   73.522751
36   124.881348 -11.627431  124.502586  0.342952  1.989887       6.104466   1617.053711 -241.511154  13.146888  3.625514   88.645500
37   127.586716  -2.514971  130.048569  0.349518  3.095211       9.340045    844.568298 -190.872620   7.770984  3.954869   91.239525
38   121.613876  22.480350  114.421318  0.324606  1.462985       8.134220   1578.834595 -104.604279   7.958878  3.658644   64.480453
39   118.512291  11.200301  115.837227  0.340457  1.539460      10.259971    735.166748  -56.188122   8.218759  3.615648   70.432281
40   115.256050   4.346619  139.341827  0.290836  2.436759       8.731350   1107.103149 -196.004272   7.654513  3.324077   63.483608
41   115.741234  -2.350498  130.236740  0.338360  2.116158       5.747515   1424.752686 -131.310272   9.082324  2.929371   69.418755
42   110.545441  20.538965  141.179764  0.299445  1.128165       7.775779   1450.596436 -183.855988   9.014846  2.846930  132.317368
43   111.801582  -5.456775  139.580444  0.344274  3.505706       5.217906   1618.617065 -209.859573   9.175244  3.271113   96.234261
44   109.999672  27.472498  138.472992  0.269488  1.367254       9.145868   1409.979004 -151.061783   7.746698  3.130666  117.470490
45   120.017136  18.327429  124.880753  0.296307  1.387720       8.933491   1140.502441 -139.369415   9.041957  3.667787   97.459671
46   112.283852  -0.205839  145.221970  0.315545  2.524462       9.081431   1092.750610 -236.244080   9.568693  3.430667   65.796005
47   112.591316  13.546425  144.473648  0.318924  2.195899       5.574471   1965.019897 -174.334976   8.323095  3.168203  140.938492
48   125.688850   3.457282  132.620972  0.325020  1.496886       7.766682   1354.500122 -183.752716  10.129107  3.087468   68.031311
49   118.842110   8.486364  145.695038  0.323554  1.365931       8.572963   1233.361450 -215.921494  11.365564  3.481094   56.557140
50   118.286400   7.618714  124.974327  0.346203  2.516039       6.029989   1539.473145 -164.342926   9.924811  3.825556  110.712128
51   126.085014  -4.864051  141.336456  0.339709  1.213706       7.322719   1585.227295 -137.195862  10.821274  3.435823   52.595390
52   115.892296   7.380309  125.756599  0.341855  1.740935       6.496780   1988.345337  -63.723705   9.108194  3.653863   65.506844
53   114.259651  10.491262  133.419373  0.325389  2.177956       7.255683   1859.043213 -212.980560   9.226462  3.548554   78.902832
54   112.328712 -10.405288  123.654922  0.339322  2.725553       5.824768   1475.424194 -118.055672   8.759362  3.666321   86.052155
55   113.809761   4.339578  139.733536  0.326897  1.645309       5.590036   1751.598877 -144.184555   8.896929  2.489130   73.198837
56   113.928619  -0.750470  144.748962  0.310652  2.733399       6.720645   1671.587524 -237.865860   9.441089  3.485411   93.381165
57   116.971519  -8.768010  118.681290  0.329214  3.014679       7.350883    922.290710 -216.994354  11.428880  2.930178   62.773769
58   117.995979  11.453759  131.897125  0.330199  3.585861       8.983549   1063.100342 -210.773758   7.590773  3.899650  144.845474
59   119.924675  10.245074  133.300995  0.293648  1.265448       9.239970   1083.790161 -124.953667  10.309806  3.856133   95.491730
60   118.144562  27.292974  123.181786  0.332062  1.377933       9.155013   1398.581055 -191.764420   9.383071  3.704335   63.851421
61   119.909050  25.559746  119.350815  0.349529  1.369780       7.994672   1745.799805 -108.664970   7.447277  3.356396   98.725883
62   123.182327   9.371053  124.888779  0.313424  1.280706       9.328512   1063.239258 -129.928116  10.224020  3.781519   52.788654
63   121.722343   9.015047  130.875397  0.339514  1.297081       9.623716    957.943176 -231.433548  10.229365  3.912317   82.629044
64   112.636505   3.403181  118.003403  0.310987  2.958075       8.507559    985.383850 -154.168350   8.296783  3.921922   60.966381
65   114.634018  -7.093682  124.904045  0.331937  3.104638       8.542500    808.800049 -219.551102  11.232335  3.077184   51.754723
66   105.367828  13.899415  148.559372  0.328063  1.058071       9.714243    878.022827 -167.427963   9.040029  2.999556  178.652954
67   118.365936  26.864893  125.205338  0.309755  1.561614       8.214747   1873.532593 -165.660995   9.235424  3.793392   80.815109
68   118.672295   3.766075  143.268921  0.251690  1.644351       5.302709   1988.431885 -194.432266  10.581297  3.547986   65.103828
69   126.004311  24.982382  115.740517  0.230429  1.892157       7.733528   1867.228638 -200.738632   8.305928  3.944620   56.923458
70   123.592300   0.894997  129.574371  0.310560  1.458058       5.422227   1963.480469 -211.119370   9.643319  3.539365   53.914280
71   113.218620  -4.604103  135.473480  0.322946  3.289139       8.559916    856.097961 -175.522141   8.640800  3.594750   91.835686
72   122.323250  -8.694667  117.747993  0.345439  2.166319       7.275678   1467.563354 -124.896294   9.391125  3.834465   72.586197
73   119.068878   5.684861  129.038727  0.341082  1.227386       6.439908   1817.623901 -170.942703   9.290918  3.044611   63.911423
74   127.847504  19.703009  106.361084  0.336722  1.644245       8.700027    807.789551 -229.274002  10.598860  3.712684  122.605667
75   119.242538   3.917150  135.895248  0.337830  1.769464       7.639138    700.716064  -87.913223   9.507350  1.848521   70.265862
76   107.448364   8.457516  141.555267  0.329383  2.683266       8.609584   1335.139038 -249.042694   7.281677  3.816753   98.405785
77   114.552094  14.247476  125.807098  0.337495  2.976230       9.024370   1018.918640 -193.163376   8.228175  3.666493   78.443810
78   125.488213  15.902589  110.961678  0.329328  1.270750       7.844962   1334.771851 -151.092468   9.252184  3.339668   87.407410
79   116.610603  19.163342  119.197830  0.337162  1.795638       6.072635   1939.861938 -160.139481   7.942608  2.959883   70.658630
80   127.017181   4.758800  129.104721  0.341434  1.254754       9.911650    731.917725 -115.514366   9.853404  3.323626   95.155312
81   111.151413   8.974627  126.773705  0.328653  2.723040       7.058623   1281.798218 -111.705177   8.084295  3.696885  112.480759
82   117.535385  24.151857  126.483505  0.343505  1.056621       8.032611   1599.345703 -138.419525   9.435126  3.971361  136.940323
83   120.365448  11.192533  132.001099  0.298134  1.127811       7.561066   1981.882568 -139.745422  10.166063  3.462825   58.119328
84   118.218292  20.925219  127.170074  0.312186  1.352920       6.708478   1507.806152 -211.476166  10.368137  3.314702  110.451996
85   119.473335   6.477964  140.671127  0.317716  2.496795       6.247465   1146.635376 -209.221558   9.314934  2.608633   86.149963
86   118.760887   5.122673  144.655029  0.279777  1.896397       9.039845    887.923462 -185.510941  10.829244  3.914420  102.086609
87   107.643768  -8.701390  134.920914  0.326395  3.804507       7.868696   1036.066650 -243.315247   8.556035  3.645523   92.542244
88   126.185684  11.207826  114.059021  0.321029  1.236817       8.721217   1129.181763 -172.819687  12.691972  3.866936   64.255119
89   102.457855  12.226715  146.060898  0.286445  1.925744       7.989498   1801.234253 -242.715332   8.618632  3.390125  131.793976
90   114.993187  23.428375  134.251343  0.310365  1.509886       9.978786   1258.255127 -160.210098   7.652767  3.787054   55.312874
91   120.912552  -7.686160  134.373749  0.333261  3.764946       8.686804    755.654419 -193.589951   7.396880  3.862944   85.612793
92   112.779495  16.589201  135.696976  0.305672  1.578614       7.093898   1229.251709 -224.743027  10.319321  3.554371  156.342606
93   117.809708  25.899691  120.765419  0.289698  1.651587      10.434037    778.742126 -188.781448   8.913342  3.128479  104.830818
94   120.189438  11.318591  119.861244  0.337332  1.668801       9.010113    712.221069 -150.834915   9.014797  3.053955   74.619774
95   120.918129  19.466694  126.361557  0.289335  2.391849       7.577898    782.816650 -205.879044   9.729356  1.643617   50.700714
96   108.619148  14.828863  145.906235  0.296394  1.255627       8.489644   1181.089844 -227.775986   8.626186  2.586961  110.266006
97   120.065536  18.958841  125.380264  0.299979  1.908112       5.315643   1608.861938 -174.644394   8.422919  2.258158   52.240742
98   115.133690  19.208872  140.724945  0.340074  1.338330       8.108491   1358.259644 -163.841202   7.420092  3.257000  129.166931
99   122.536148  14.057155  109.633469  0.349593  2.524615       9.758432    909.766541 -242.579361   8.768599  3.940609   92.923042
100  112.761108  16.387392  137.849289  0.320767  1.530647       7.067610   1740.244263 -156.156845   8.840077  3.658090  113.954422
101  118.891365  24.335888  120.121468  0.281197  1.957977       8.055922   1128.197754 -228.074081   8.661185  3.169838  111.072159
102  115.517052   9.590308  129.867538  0.259304  2.099271       7.313821   1378.191040  -97.826561   8.273012  3.780167   72.311356
103  117.678894 -15.848967  123.862602  0.329551  3.036891       8.733131   1002.316162 -235.260757  10.659241  3.661994   51.363056
104  118.340065  17.447836  123.032555  0.333610  1.918911       7.349357   1245.212891 -142.370560   9.051228  2.643405   68.997650
105  117.926743  -7.438218  134.129913  0.322518  2.458735       6.715485   1002.945923 -160.574951   9.433095  2.992448  102.157738
106  113.567673  20.321785  124.999725  0.312710  2.137668       7.157554   1741.506470 -215.765228   7.104758  2.929702   52.464298
107  115.156044  25.707033  129.924942  0.266678  1.252104      10.222426    992.080566 -178.501144   7.959849  2.902042   86.036865
108  113.881508  13.889337  148.385757  0.313973  1.970608       7.280138   1335.840454 -195.302765   6.730691  2.500266   63.436005
109  105.768227   8.678491  144.546310  0.347247  2.305733       9.455513    926.641663 -187.651703   7.291201  3.203870   78.188057
110  111.196190  21.487286  138.164917  0.337261  1.719952       7.034447   1586.681274 -138.335709   7.524023  1.882622   50.453648
111  126.697716   5.724709  109.623779  0.347408  1.217834       8.390894    966.520325 -128.966965   9.377536  3.914465   83.883636
112  116.346497  22.061062  127.374802  0.278635  2.407753       8.631210   1153.507568 -237.899551   7.602743  2.892534   93.012650
113  115.247932  -2.332631  129.907852  0.348831  2.139478       5.231853   1563.096069 -112.902290   9.603026  3.043420  107.682114
114  117.570511  21.662104  125.641525  0.347487  1.426415       7.224102   1772.213745 -242.666245   9.650064  3.596122   67.898140
115  117.150291  18.250536  133.525955  0.342242  1.570612       9.417103    985.310852 -198.763641  10.888158  3.257757   80.800629
116  114.816673  10.319817  135.285553  0.349962  1.242321       6.892825   1304.074585 -140.609055  10.539570  2.686270  121.059990
117  131.378418 -16.342558  135.550095  0.345127  2.279948       9.148182    899.554138 -208.594574  10.606808  3.605240   67.734642
118  118.787979  21.582150  122.713501  0.321239  2.368076       9.004901    890.526794 -216.380920   7.592035  3.918329  111.162102
119  114.152420  17.591471  124.212364  0.312755  3.057411       8.839784    843.734558 -171.209320   7.909832  2.829755   96.206650
120  121.527878   7.612289  123.603714  0.341860  1.216507       8.964567    729.643127 -152.965851  11.389587  3.194765   60.801842
121  113.536728  28.086170  131.092957  0.331245  1.050346      10.835611    948.966003 -234.014084   9.612324  3.461586  105.956230
122  111.067795  11.404994  139.595215  0.323848  2.138945       7.117786   1532.909668 -145.148819   7.492280  3.329739   85.557404
123  113.785599   6.490467  147.070526  0.333599  2.646530       5.169846   1992.184814 -173.389786   8.603895  2.540040   86.686180
124  115.953201   9.867528  130.105820  0.329889  2.701475       6.802758   1482.652344 -223.061615   9.580029  2.313589   53.240734
125  123.909546  -9.839962  125.576469  0.330518  1.765375       8.137020   1136.898315 -120.559715  11.286312  3.850506   59.716713
126  120.047844   7.221573  122.087776  0.340187  1.517306       6.893056   1170.885254  -97.391022  10.157838  2.982232   61.376953
127  117.741592  -8.855687  142.275131  0.322650  2.407028       6.532174   1572.066895 -197.053589  10.224231  3.654013   84.907837
128  121.658653   5.660779  121.713478  0.345208  1.633792       5.629591   1712.424927 -211.338120  10.975272  2.826987   75.086143
129  121.152870  -0.028030  118.129562  0.337996  2.533642       6.145845   1905.155151 -241.473572   9.869276  3.903560   70.468338
130  120.744705  14.166560  123.660828  0.292642  2.942662       6.095753   1677.300537 -148.481369   8.145717  3.893107  106.075211
131  114.399223  10.806764  116.389801  0.332452  2.281282       8.484442   1095.684692 -172.200500   8.375343  3.762545   73.173279
132  115.715355  20.839115  129.981781  0.310038  2.475479       9.307484    794.609558 -189.006836   8.260105  2.919830   89.637451
133  114.145302  19.523275  130.266998  0.334733  1.567269       6.267764   1884.907471 -201.210968   7.922998  2.281849   53.914093
134  113.423050   2.140110  134.824692  0.307340  3.257406       8.708183    702.275391 -204.072647   9.282305  3.660992  142.329117
135  114.508026  -1.704828  136.321304  0.326823  2.442250       8.705704   1134.904541 -149.752762   7.773266  3.796433   89.096535
136  121.382347   8.330233  135.922104  0.286316  1.117669       8.382627   1597.167603 -123.956909   8.351622  3.975168   65.639786
137  118.964775  23.734961  123.511452  0.309985  1.398658       9.155194   1263.358032 -141.985260   9.099133  3.156495   90.436310
138  123.107246  -8.370234  130.651810  0.328041  2.832229       9.411445    702.951172 -187.789276   8.508559  3.633844   64.563820
139  103.459633  23.359093  145.028473  0.332027  1.023608      10.692728   1194.627563 -156.425949   8.585338  3.867126  192.663910
140  116.586037  25.988880  129.175186  0.298183  2.123952       9.139361   1684.748657 -104.119781   6.931787  3.646379   78.454758
141  107.232231 -13.236417  139.947540  0.333343  3.854609       5.400907   1819.420044 -190.960663   7.624671  3.178298   90.192139
142  103.761894   4.641169  128.911011  0.348400  2.993239       5.916117   1214.353638 -175.658936   7.423277  2.846387  121.752182
143  109.879860  28.294275  133.450439  0.281919  1.458132      10.059642   1448.787354 -223.004211  10.128777  3.680751   91.178719
144  114.486328   1.615111  126.027481  0.317185  1.972279       6.639824   1773.071167 -201.278412  10.208044  3.760142   59.521057
145  112.276581  21.310156  133.858795  0.313286  1.270142      10.660043    895.324524 -169.868881   9.704390  3.139123   67.963654
146  112.345398  17.819029  130.660645  0.295920  2.185978       8.174418   1143.560913 -192.597809   8.039953  3.590747  108.429794
147  128.100266   7.757962  114.858650  0.323808  1.260113       7.145003   1212.496948  -91.921532   9.159225  3.873922  115.118217
148  112.361053   3.922319  126.912674  0.313096  2.697984       6.902627   1095.367676 -151.345520   7.378900  2.858657   58.994282
149  113.371216   6.364293  128.156097  0.288595  3.850976       8.389510   1011.880981 -213.239883   7.207402  3.184472   71.684052
150  118.266075  -6.163145  130.083344  0.345239  2.416363       8.366131   1238.499756 -229.992844  12.033998  3.943576   54.010418
151  107.697403   2.403553  138.231537  0.344085  3.342059       6.143389   1845.549316  -89.087677   5.869753  3.850068  116.868088
152  113.778206  -6.513986  142.837524  0.310432  2.607927       7.052603   1167.947021 -193.622269   7.868637  2.667826   57.394505
153  120.840248   6.412498  126.267487  0.336550  1.692019       7.827156    766.791870 -213.139816  11.168731  2.394228   77.919685
154  115.264381   7.728014  137.110443  0.300565  1.813848       5.123815   1985.140869 -121.217178   8.977655  3.500984   92.780472
155  123.415871   7.527156  122.890816  0.318335  1.344891       6.477752   1657.448486 -144.639923  12.018234  3.200833   79.171875
156  126.247002   6.109437  123.196106  0.310451  1.592819       8.862967    742.409912 -201.015060  12.630213  2.627878   61.796741
157  126.185188 -23.534103  132.777069  0.348252  2.441778       7.291875   1699.244385 -234.101074  11.147145  3.638552   53.206947
158  121.420341  16.053936  121.803139  0.302142  2.249315       6.293075   1713.258545 -174.680664   8.600465  3.338583   99.015633
159  134.180328 -13.719496  127.852135  0.345565  1.389699       7.879551   1016.331848 -198.078552  12.740339  2.960540   81.148003
160  109.263138   7.273519  126.551529  0.328926  2.900594       8.454191   1092.455200 -185.118607   7.775973  3.222010   53.300945
161  116.343521  -1.558174  141.255020  0.309982  1.953093       8.124866    974.843811 -144.836624   8.329975  3.230763   55.190250
162  122.355499   8.662221  136.060074  0.297771  1.317353       9.711952   1002.559753 -154.458649   7.641379  3.925931   62.812553
163  112.917206  -2.506866  125.316063  0.339954  3.204433       6.221535   1482.390137 -173.254303   7.149101  3.573636  104.331032
164  117.944550  -8.502237  126.085297  0.307255  2.211061       6.789202   1307.044312 -149.807938  11.759679  3.356608   52.768578
165  116.176308  -3.873017  136.527069  0.314615  2.245172       7.384207   1478.492554 -178.922394   9.789975  3.904251   75.522339
166  117.124023  -2.374590  140.352768  0.337888  2.735667       8.359145    774.312378 -160.115540   7.673142  2.397780   90.273903
167  120.394035  28.604774  113.788834  0.316490  1.591253      11.129395   1003.948730 -202.709625   9.381045  3.656719   65.857330
168  116.483727  -8.071715  151.408936  0.292513  3.039465       8.491495   1083.822632 -226.943100   7.907050  3.238706   54.527016
169  123.526474  -1.371420  115.006409  0.339865  2.548347       7.826221   1095.657227 -172.169296   9.696445  3.544650   85.581398
170  113.305069  17.607533  119.492920  0.330275  2.019347       7.837505   1361.434082 -134.508743   8.629444  3.458335   69.717934
171  122.744476  20.325909  122.082893  0.348367  1.565141       9.435209    895.081116 -102.052177   8.286117  3.758798  149.126053
172  115.650452  -4.432592  127.742188  0.285615  2.950289       7.759366   1092.509033 -151.315460   6.759767  3.826325   63.163166
173  113.390785  19.709797  140.012634  0.338225  1.150655       8.981669   1377.202515 -192.311981   9.800756  3.746703   72.479797
174  106.031685  24.281757  132.104111  0.305493  2.926680       8.671763   1282.307861 -235.914886   6.320603  3.709803  156.538055
175  116.688545   5.092351  126.812309  0.340138  2.183823       9.059045    830.864136 -205.443756   8.939323  2.595406   68.304352
176  120.585854   5.253050  136.898529  0.292244  1.442503       8.717698   1124.129028 -159.693420  10.862198  3.584219   52.115856
177  105.813850  -3.544700  137.635727  0.333823  3.530814       6.417585   1916.390137 -171.734970   8.441834  3.882420  101.582138
178  114.126106  -6.107402  137.398773  0.343663  3.798695       5.827782   1765.866699 -149.458374   6.973722  3.582794   82.512184
179  114.499672   9.782284  142.074921  0.329712  1.418213       6.508335   1309.617798 -149.477600   8.561549  3.564788  157.381317
180  115.787079  -5.355578  144.150787  0.348319  2.426359       8.295681    762.180420 -195.500763  10.143552  3.371896   94.919365
181  113.599770   6.570247  128.005798  0.329450  2.656425       7.982741    807.059509 -197.174377   8.923445  3.127737  111.316795
182  125.619385   4.214716  115.412903  0.337667  1.619216       9.160102    720.214050 -133.689514  11.200224  3.474350   78.508621
183  113.958305  -8.633765  131.274368  0.347931  2.443709       8.321476    976.035217 -157.886414  10.207271  3.648372  111.758751
184  117.252083  13.345423  123.010895  0.316654  2.527332       7.536280   1020.710754 -158.347839   7.745358  2.404553   88.784348
185  119.166245  24.803730  127.353165  0.333788  1.053170       9.115507   1633.395996 -117.655464   9.547152  2.934831   91.711395
186  115.632362   5.078036  125.774086  0.345480  2.279641       8.040292   1270.646240 -189.464676   8.311290  3.802692  107.179092
187  126.019356   4.695940  128.877289  0.320628  1.151213       5.991478   1986.633179  -91.324921   8.735026  3.631058   63.806938
188  116.774498   6.392598  122.962799  0.348724  2.905622       8.495674    748.890259 -178.331161   7.911181  2.627430   73.592537
189  110.953026  24.702042  138.862595  0.348415  1.855362       7.787435   1982.448975 -184.392563   8.542711  3.593956  146.074097
190  115.833298  26.355925  122.157578  0.326880  2.048007       8.138349   1134.649048 -188.406250   9.105198  2.952257  126.203049
191  119.720406   5.498193  120.018913  0.335765  2.359017       8.280804   1158.880249 -139.667557   8.534664  3.776534  104.037819
192  116.634048  -0.690672  135.540146  0.344163  2.172356       6.679412   1565.626831 -210.408768  11.022573  3.243735   90.525780
193  111.013374  11.578820  122.825974  0.304514  2.821893       6.925728   1486.275024 -177.573486   7.609793  3.445301   88.204895
194  111.749611  15.062774  142.854370  0.345048  1.355140       8.541173   1174.911621 -167.583267   6.885923  3.244966   85.181374
195  116.137222  21.958519  121.016922  0.336768  2.124049       8.394268   1393.189087 -145.588455   7.732639  3.732997  130.084106
196  114.165718   5.339738  133.019989  0.343364  2.685719       6.652718   1404.468872 -234.134613   9.574792  3.588020   85.193375
197  122.020233 -18.050587  137.361450  0.348898  2.923040       5.836568   1260.278320 -175.922501   8.745605  2.484436   54.542637
198  121.793900  21.117950  124.579315  0.339835  2.487270       7.133593   1572.563721 -244.410782  10.641797  3.941733  125.616844
199  123.602768  -0.662459  126.826035  0.341508  1.453797       6.829794   1679.117554 -163.242065  13.129900  3.427409   70.006111
200  112.450821   5.040869  142.869888  0.286615  1.853787       6.209687   1442.183716 -178.971817   8.422148  3.617708  121.457054
201  119.778206   2.612538  136.517105  0.328155  2.374397       6.737590   1683.729126 -219.398315  10.485743  3.950653  122.058174
202  118.112953   1.933055  139.307617  0.298043  1.646596       8.751945   1218.183350 -129.768478  10.536491  3.795744   77.849213
203  114.369072   8.682932  116.452347  0.346551  3.107970       8.854503    834.743835 -180.175583   8.067683  3.347588  112.701523
204  122.742310   8.907001  109.136940  0.343119  1.579897       9.591264    705.385498 -147.432175  10.254761  3.596545   76.459831
205  117.164726  -5.992691  137.562378  0.343507  2.448091       6.590643   1479.475342 -178.958710   9.958943  3.039874   62.387886
206  110.019875  13.457964  138.632385  0.321413  3.778985       8.092705    714.370117 -236.748276   7.140914  2.050829  111.340652
207  122.855263  22.640326  113.489265  0.325737  1.853339       7.617198   1682.884766 -125.351730   9.709904  3.755573   76.215240
208  119.031876  12.644756  131.244904  0.325279  1.218328       8.858049    708.797302 -149.352615  10.206453  3.231354  144.798187
209  125.366554   9.940965  107.242302  0.308238  1.457244       9.550702    779.358337 -199.340576   9.157279  3.163759   51.904270
210  122.016533   3.896012  131.992477  0.311139  1.286688       7.604099   1473.824707 -198.987946  10.431102  3.011846   50.410042
211  108.753830  -7.294542  125.862137  0.347555  2.587572       6.988828   1110.418335 -126.972778   7.984786  3.777575   96.753067
212  113.966133  27.717094  129.935059  0.267453  1.635983      10.886928    980.619934 -216.320999   7.402328  3.167778   72.806732
213  112.256447 -17.298677  144.625885  0.340734  2.612291       6.259203   1358.049805 -225.382507   8.895254  3.903939  112.588165
214  117.495071  -6.182425  133.611328  0.317826  2.804398       5.467317   1952.580566 -175.666336   8.912049  3.634525   86.182236
215  114.885452  27.846508  125.928596  0.278399  1.609966      10.171736   1446.297119 -241.004593   9.072938  3.585961   54.979485
216  114.420372 -15.650600  140.520233  0.329958  3.630931       8.127188   1040.652954 -207.313187   8.422693  2.889333   50.313118
217  109.291412  21.739113  144.658813  0.301857  1.244531       6.884479   1380.897705 -150.206055   8.390416  2.481827  159.521637
218  131.372559  29.765656   97.069298  0.341937  1.826610       8.010788   1692.727539 -185.718109   9.020668  3.900135   96.162209
219  129.108887 -11.532452  144.644608  0.344419  1.391945       8.445232   1112.479614 -157.923172  16.532368  2.613585   73.713287
220  120.258423  -6.797578  130.897705  0.338129  2.767973       6.406178   1157.781006 -155.768585   9.123990  2.863343   60.349094
221  123.296867   7.519002  125.533859  0.345649  1.128129       7.125415   1401.701538  -99.842201  12.219575  2.808466   56.575165
222  109.282845   8.581144  135.506546  0.336437  2.661148       8.335663    846.883606 -244.378311   8.808509  3.783934  153.100479
223  108.585701   8.346239  147.729492  0.309623  1.455400       8.028900    870.057495 -193.636475   8.242038  2.408767   78.016617
224  115.167130  10.413857  142.594696  0.320993  1.974550       6.627132   1278.641602 -154.719345   7.684448  2.626293  101.897705
225  116.458580  21.475307  131.091568  0.310709  1.747733       7.949340   1372.710693 -147.322342   8.853591  3.802503  158.626205
226  123.807800  22.613527  116.552643  0.333497  3.518125       8.522507    885.851196 -217.868286   6.569486  3.175048   83.517464
227  117.324455   8.509718  125.491997  0.317707  1.970910       8.746413    934.428223 -181.518082   7.767760  3.506480   53.303204
228  121.905602   2.343021  124.579300  0.322269  2.081698       6.238994   1748.902466 -238.528885  13.188264  3.487101   83.076393
229  120.652237   8.524525  130.838974  0.347751  1.131200       8.976570    996.064331 -107.270149  11.128719  3.543500   55.417206
230  125.116982   7.296751  135.152649  0.295230  1.218912       9.217360    739.952820 -123.351326  10.736081  3.258633   92.245354
231  118.810097  13.793262  123.750641  0.312275  1.413294       8.166598   1059.264404 -229.233566  10.137196  3.154650   79.378654
232  107.997261  13.895024  147.559296  0.329826  1.815204       7.601451   1518.065430 -184.819229   7.678973  2.746953   83.447548
233  108.582748  12.822618  139.604965  0.293877  1.678580       7.274913   1785.064575 -216.483582   7.301034  3.371596  104.435753
234  121.696312   6.765007  131.941299  0.283683  1.400295       6.643021   1962.514893 -246.311951  11.468850  3.560060   65.135612
235  117.479584   2.927543  135.355240  0.316112  1.567998       7.442166   1358.475342  -71.055794   8.689795  3.313459   56.035690
236  115.527870  17.325020  135.502975  0.327551  1.320459       7.615677   1155.452026 -156.636414   8.278687  2.928550   74.366135
237  115.423103  29.554075  116.877235  0.328696  1.564134       8.674430   1286.549072 -135.275681   8.014187  3.406400  136.951416
238  103.026024   0.715451  129.614105  0.332287  3.754708       8.301500    943.823975 -202.844482   7.324212  3.051141   86.620140
239  130.834915   4.759373  108.153984  0.314251  2.600495       7.990170    770.812927 -194.893204  11.513909  3.008055   70.126656
240  119.546677 -14.292197  129.118134  0.348973  3.958287       5.849859   1080.652222 -233.302948   9.779203  2.492813   70.907829
241  111.900307  -1.222449  142.966354  0.346382  3.639770       7.166270   1171.578125 -216.462585   7.088195  3.116445  103.889008
242  117.933685  -4.080484  132.617813  0.328895  1.752445       6.288321   1356.036865 -145.063004  11.544745  2.955440   64.047318
243  104.344063   9.855651  131.457397  0.327800  2.702935       9.125494    929.875977 -195.771729   8.371432  2.967987   50.353615
244  112.970757  12.685941  134.080215  0.301401  2.154897       8.259189   1434.466309 -223.482147   9.088036  3.917598   93.834946
245  113.321884  19.169373  128.748779  0.280808  3.600896       9.449421    896.762573 -201.886581   6.639094  2.766665   96.309341
246  126.815804  13.486945  107.923996  0.314175  3.163748       6.952097   1605.900146 -231.568130   9.572714  3.837223   86.207947
247  113.250984  10.118206  144.834061  0.340210  1.304607       9.657622   1030.526123 -232.306366   9.041373  3.698085   90.862694
248  116.695488  13.338077  130.703308  0.330388  1.429077       8.621272   1407.234253 -187.455704   8.556611  3.885519   70.759857
249  120.891090   7.341491  137.800980  0.304159  1.209805       8.174070   1494.663696 -237.734680  13.470422  3.599448   69.390427
250  113.533493  24.287512  133.589844  0.325885  1.213439       7.986302   1814.308594 -164.184418   9.092514  2.696876   90.694389
251  111.851036  23.227573  140.056091  0.309265  2.097581       7.058877   1210.626709 -185.730057   7.662179  2.160261  137.623795
252  110.569862  14.681376  142.985123  0.321325  1.310524       8.526123   1266.355469 -187.353333  10.295006  3.861619  127.573219
253  117.615051  21.009781  113.528084  0.328061  1.910586       7.472921   1366.855347 -141.455109  10.654354  2.881323   72.979370
254  128.535400  -6.470475  133.813217  0.336569  1.540411       7.203905   1939.740723 -173.874756  11.428057  3.608978   63.427658
255  118.592766  12.655949  133.583893  0.342003  1.064184       9.154002    778.929382 -115.486137   8.947840  2.182669   51.769634
256  117.441811 -18.892818  140.754166  0.336594  3.535310       8.074170    824.378662 -205.134003  10.054280  3.522331   71.418373
257  115.407860   2.540892  119.473473  0.320719  2.966052       6.749760   1362.522583 -179.887772   7.695843  3.579756   87.393333
258  122.970055  15.791722  130.698669  0.330236  1.080084       7.677134   1282.980225  -62.670502   7.854747  2.625572   61.690891
259  121.665298  24.519917  113.404884  0.349407  1.269413       8.082264   1793.227539  -88.047928   8.655789  3.581157  109.823669
260  121.585770  10.647934  124.801926  0.332609  1.661945       6.370035   1442.399414 -154.919235  10.830308  3.738187  146.107056
261  117.521965   7.576337  135.265152  0.307384  2.397709       6.053339   1757.216309 -212.155121   7.685078  3.034299   57.495110
262  117.603584  16.376675  130.876511  0.347998  1.011837       9.502861    839.668335 -129.666824   9.369311  2.772394   50.211983
263  120.693657  15.212751  119.115677  0.338236  1.072307       9.092903   1003.055725 -121.989761   9.871038  3.329024   91.508781
264  116.921600 -11.008084  132.358475  0.311568  2.783433       6.926830   1343.433838 -136.014938   6.817458  3.242862   50.650906
265  115.683708  28.061176  124.495346  0.299425  1.964332      10.748868    830.807983 -248.949295   8.363408  3.360406   73.985321
266  112.637939   5.429175  131.387833  0.344537  3.450410       8.767227   1045.422729 -136.229477   8.452353  3.466203  137.024948
267  123.508865  17.272409  120.327713  0.333970  1.751117       8.791943    791.516174 -208.149216   9.678105  3.012674   85.241074
268  109.840836 -12.556143  140.172516  0.343921  2.763363       7.992383   1349.220093 -210.594101   8.248409  3.397796   59.500622
269  114.354439 -23.367159  146.274567  0.345507  3.179410       5.389048   1762.242188 -127.919655   7.357676  3.371970   80.696434
270  120.568092  -1.334983  129.717697  0.343321  2.961980       6.935416   1884.426880 -171.383057   8.025861  3.850335   85.109100
271  111.440048  17.009186  142.561249  0.331067  1.248585       8.240215   1213.677734 -112.043159   9.739861  3.361800  174.601135
272   97.689896  14.713093  136.145569  0.303859  3.266520       7.712833   1939.992798 -127.213280   5.967794  2.931497   97.863167
273  111.924873  -0.870397  133.901611  0.319718  3.614894       7.128781   1505.833496 -203.655060   8.672439  3.678586  110.294861
274  120.317749  14.411151  122.963776  0.340707  1.560420       8.074003    948.013855 -248.308945  10.005622  2.148792   53.183678
275  126.861328  -3.192704  124.528641  0.333849  1.768904       5.895077   1902.967163 -201.624619  12.109594  3.504313   81.570053
276  105.903923  21.197721  123.638626  0.342449  3.591833       8.106040   1318.843994 -244.940536   6.288429  2.594783   70.502708
277  112.613716  17.297819  130.076782  0.310880  1.690520       7.482854   1746.282349 -181.853226   8.108458  3.483758   64.219276
278  115.247513  15.005842  132.943375  0.346267  1.876798       6.824556   1739.427612 -152.815781   9.385926  3.787534   91.659752
279  124.595848  -3.799548  125.171982  0.291398  1.808050       6.466958   1663.307007 -121.858002   7.448548  3.897211   51.501144
280  121.305054  18.916271  131.078384  0.329793  1.389532       6.024543   1863.863525 -107.233398   8.451502  2.946662   59.005314
281  108.880424  -0.177305  138.308334  0.335938  3.084112       8.811031   1213.573608 -235.533295   7.353780  3.892905   71.611771
282  115.919952  13.787945  125.057983  0.301202  1.895761       5.692069   1904.834717 -218.322403   9.985868  3.076854   53.440483
283  114.459732   0.389181  136.167221  0.339847  2.710905       6.435112   1656.931274 -227.394852   9.819954  3.998705  120.508797
284  124.676056  10.657820  118.583229  0.339924  1.011213       7.870626   1261.326538 -113.676521   7.803064  3.745593   90.368774
285  112.658081  -2.549492  120.581154  0.314816  2.423877       9.100450    743.299011 -249.181671  11.577971  3.926422   64.143265
286  101.166176  23.825592  147.362259  0.279373  1.471635      11.459762    851.615295 -189.756012   6.464114  3.688855  206.331940
287  117.753670  16.145422  135.099899  0.292095  1.968786       5.533202   1977.478638 -185.685852   9.709877  3.012505   84.189606
288  111.482254  16.260448  138.014893  0.344328  1.917991       6.843345   1485.586670 -204.588943   8.547818  2.977540  160.939499
289  111.026398   7.894644  148.304703  0.316061  1.759807       7.270050   1788.265625 -206.374649   8.968977  3.291306  106.426086
290  118.240875 -10.344352  144.405228  0.328173  1.867656       7.310227   1252.873657 -151.253891  10.155112  3.367505   78.582069
291  114.308754   1.994390  133.204239  0.326215  2.388996       8.282710    988.168762 -138.802322   7.526729  3.858416  103.350822
292  121.850677  26.513075  121.898422  0.316823  1.617734      10.639246   1097.379517 -177.711639   8.688413  3.455252   61.840279
293  113.030197   5.838077  132.019104  0.326066  3.368245       9.356069    863.378357 -178.263550   6.813776  3.472346   75.262169
294  121.333191   8.945258  128.440125  0.324920  1.792967       8.879086   1155.499634 -209.642044  10.731118  3.801230   75.503487
295  108.083603  13.617432  153.450623  0.345459  1.181157       9.531210    981.478333 -191.801926  10.840660  2.937318   91.231575
296  123.668808  22.041803  102.371544  0.295146  3.251123       9.801014    785.719604 -242.415543   9.161199  3.496964   94.280716
297  122.161896   5.720401  129.018005  0.349897  1.724979       8.167090    924.378357 -128.380844  10.259887  3.639786   81.933311
298  114.546547  29.108864  125.862213  0.307616  1.365177      12.361054    829.196838 -155.109818   9.092115  2.984641   57.042587
299  119.489998  20.799313  125.189240  0.285755  1.504558       6.776591   1594.936768 -165.627518   8.974539  3.131190   72.713120
300  116.946846  -8.682511  122.668129  0.346219  2.684313       8.590348    898.374573 -119.725845   6.547467  3.620905   64.373253
301  116.741158  14.875782  122.079475  0.322000  2.135914       7.462173   1032.823364 -101.435135   8.102813  2.573139   62.552185
302  117.335701 -16.240149  123.464142  0.344447  3.493884       6.297651   1266.155029 -216.809021   7.669758  3.480561   93.515747
303  120.633263 -13.037807  129.936783  0.333310  2.414798       6.715014   1531.940308 -170.606812   9.943203  3.534037   63.869095
304  122.132996  13.507651  125.352470  0.322997  1.927776      10.069926    701.041321 -110.897484   6.417061  3.852594  145.679688
305  112.954262  -7.037856  138.034378  0.345373  3.883129       6.604805   1707.115601 -165.563782   8.256427  3.788549   83.829842
306  117.208023  18.432659  130.110733  0.349969  1.399775       7.285236   1367.678345 -190.330109  12.984451  3.114813  155.808395
307  111.191139  10.918001  135.254562  0.322168  2.639806       8.528864    702.927551 -221.916672   8.203947  3.542247  193.449066
308  114.476082  24.583519  128.297684  0.348401  2.003263       8.937112    947.398987 -142.408508   7.769449  2.439874   68.302399
309  112.571274  -1.453230  135.005692  0.324407  3.622384       7.690172    776.063110 -147.755035   8.263626  3.438199  125.562233
310  102.281815   8.524431  131.276154  0.349130  3.574063       7.694541   1285.331177 -165.020370   6.612413  3.666364  121.640816
311  118.536522   5.531228  149.751251  0.301775  1.095260       9.766858    715.431763 -171.842773  11.152972  3.027792   68.533798
312  112.046692  22.882986  136.564514  0.341748  1.444529       7.051589   1638.657104 -173.709259   8.135187  2.437635   97.884834
313  117.215675  24.290180  130.346191  0.310635  1.772762      10.278488    722.092896 -213.215820  10.309739  3.180512   76.229744
314  123.641251  -8.572490  132.142273  0.340324  2.458525       5.082258   1553.843750 -228.609787  10.381073  3.822464  158.970383
315  112.207848  26.820553  133.206512  0.245117  1.868847      11.417800    814.939453 -247.913025   7.616769  2.958627   77.524635
316  127.101967   1.335102  124.451706  0.322129  1.449119       8.531311    790.142090 -137.442215  10.349834  3.194447   79.395477
317  128.048386  -5.831907  117.827080  0.344494  1.463326       6.736567   1557.086548 -136.045395   9.762371  3.490759   63.875572
318  112.823410 -11.445319  135.417694  0.319947  3.299022       6.551834   1311.377686 -168.842590   8.270909  3.906453   84.663055
319  126.608398  10.112053  124.679337  0.343375  1.478057       7.643798    721.185242  -61.898945   9.776404  3.187086  169.503342
320  118.116455  26.449577  120.950188  0.292319  1.664233       7.860042   1651.263550 -147.755112   8.362678  3.109550   82.396141
321  103.455986   9.252469  146.829956  0.345868  2.344790       6.942920    938.133301 -190.256210   9.002791  2.040768  171.136124
322  115.309120  -0.379488  126.807083  0.347140  2.336500       8.785851   1037.456665 -181.938858   7.626396  3.779454   64.241928
323  123.053017   1.197269  122.893700  0.294146  1.719959       8.916889    718.238770 -142.511780   9.146614  3.244281   59.732780
324  116.175308  13.264293  138.090027  0.337937  1.633898       7.809264   1699.440918 -148.814957   8.169018  3.186601   50.265831
325  125.352310  -4.614711  140.150055  0.315023  1.636055       8.071182   1313.706177 -182.255157  10.578230  3.156106   58.329967
326  110.015884 -10.939407  144.096283  0.335114  3.875405       7.471886    727.851135 -178.477493   7.346287  2.553387  133.411377
327  111.617119  20.613724  138.032852  0.263609  2.138784       6.104700   1695.189331 -154.831787   7.580704  2.596035  103.841919
328  115.064308  26.401091  130.885818  0.298258  1.141848       7.530359   1908.691040 -163.638962   9.964962  3.068936   75.632759
329  123.982780  -0.354655  118.272194  0.313859  1.979111       8.600474   1040.573608 -233.193695  10.749497  3.828938   88.719139
330  115.628006   9.804795  138.499649  0.332859  2.172268       5.882886   1844.421875 -196.288864   9.678126  3.937726  128.583817
331  117.921585  -6.120509  130.983109  0.315861  2.411431       5.025680   1962.384644 -211.554276   8.913967  3.682589   91.995064
332  115.297272  19.895401  120.906181  0.300112  3.171522       6.289161   1457.123169 -221.200165   6.372090  3.243859  134.592957
333  113.482994  -5.944184  140.117233  0.308214  3.418691       6.007620   1444.030884 -159.926437   8.354991  3.609805  118.747383
334  115.880791  25.797235  121.898087  0.341232  2.224781       9.277248   1246.046631 -198.209564   8.893676  3.089731  115.638596
335  113.099487   1.465773  118.723976  0.343147  3.847486       6.299552   1410.769165 -196.456696   9.631082  3.585750   99.024231
336  113.414192  22.663027  134.784119  0.283042  1.667535      10.650805    777.197021 -177.927032   8.880884  3.488803  113.650627
337  110.134773  -3.976941  138.398651  0.289963  3.461333       6.497565   1328.223877 -172.246246   7.099647  3.673674   99.234589
338  122.127480  -6.610798  149.725128  0.300843  2.076115       5.972863   1405.257690 -122.014557   8.095762  3.123601  104.936531
339  122.870514   7.040165  117.029694  0.298636  1.864736       8.560130    851.265320 -202.312729  10.624819  3.959447   71.907585
340  121.120636   2.548318  107.356438  0.348322  1.705970       5.834050   1637.568359 -145.443924  11.430165  3.436701   56.916801
341  115.403419 -17.197521  129.939606  0.334205  3.148490       8.176031    793.650635 -210.572723   8.511332  3.514006   74.433090
342  108.626328   4.248403  131.648926  0.348790  3.718986       7.447870    836.700806 -221.802460   8.248102  2.090461   97.795151
343  107.053406  13.778876  131.350052  0.318684  2.520380       6.737063   1521.820312 -148.754776   7.453074  3.647862  137.964661
344  125.284752  21.018438  105.525589  0.315239  2.759182       7.334640   1272.565186 -204.773102   8.157204  2.582734   53.054367
345  115.753746   7.351998  122.506058  0.288978  2.637954       8.001066   1051.779297 -199.489334   8.866380  3.765376   76.533348
346  117.992424   7.023112  139.845490  0.338363  1.197144       7.826326   1162.636597 -227.453247  11.985832  2.861997   50.488750
347  113.539413  -3.382860  136.653015  0.313864  2.702030       9.021839    872.478394 -170.037506   6.604654  3.093658   65.368011
348  111.908585  16.604469  142.125946  0.304285  1.301226       7.486854   1271.628418 -206.977798   8.718491  2.891193   99.043526
349  125.044792   6.780209  120.218254  0.335798  1.424877       8.659965   1128.063599 -167.336182   9.294454  3.706121   74.670776
350  122.922241  15.484632  120.901047  0.326104  1.364557       7.520576   1372.182373 -144.852707   9.646823  3.131575   86.782051
351  108.913490  19.037338  145.053314  0.255984  1.388142       9.293095   1216.711670 -238.829666  10.737310  2.839474   61.612362
352  110.633560  12.372405  149.212585  0.311182  1.113285      10.396746    988.110229 -193.386459   9.196959  3.892468   75.202850
353  117.685509  -8.527362  119.994995  0.346317  2.101626       8.486419    831.701477 -189.131104  12.599647  3.784858   75.739647
354  116.155235   0.892271  125.226288  0.324968  2.593428       5.991165   1778.523071  -65.592682   6.425395  3.414565   53.310219
355  115.554176  13.807715  135.614517  0.264344  1.597397       8.283960   1264.595215 -117.289948   8.591608  3.845760  102.703606
356  120.124023   9.984363  136.439941  0.251444  2.803001       8.817040    893.549866 -232.863541   8.373693  3.234854   79.627678
357  112.260040   7.353312  144.314560  0.293233  1.434443       5.341859   1648.849609 -204.518799   7.860755  2.647074   89.660561
358  122.079330   0.493137  134.176743  0.318108  1.573240       7.750542   1098.376343 -200.062180  13.562821  3.269996   99.604912
359  119.698662   2.750420  133.212646  0.327875  2.788222       8.219964   1228.041016 -237.907593   9.734405  3.619867   50.952423
360  115.234901  10.021368  131.107269  0.334230  1.818615       5.080515   1315.902832  -90.552605   7.836175  2.493123  116.368408
361  112.445137  14.899935  117.651520  0.326502  2.433214      10.267336    799.426636 -116.944038   8.446596  3.553548   77.716362
362  121.390549  12.059736  123.733940  0.310390  1.786471       7.311854   1588.301392 -170.285049  11.404822  3.706225   83.035606
363  117.490318  14.096310  132.579971  0.344031  1.090802       6.176192   1482.839478 -124.765732   9.227481  3.181401  100.773849
364  111.147430  19.038206  137.039581  0.343645  1.647926       8.593030    858.873169 -174.534607   8.195257  3.199813  159.316788
365  127.412285   1.935267  124.546379  0.316310  1.270447       5.497930   1994.763550 -101.070816  10.447216  3.901226   94.375290
366  117.607277   7.220025  127.479698  0.344305  2.238538       8.714993    948.685303 -141.189331   7.827873  2.640743   92.542259
367  118.418358  12.959558  133.981354  0.315185  1.233803       8.490275   1082.843384 -117.657646   9.015954  3.128685   87.905777
368  116.379425   1.964884  130.814407  0.316316  1.753026       7.915234   1080.401978 -106.851006   7.765251  3.314765   53.742332
369  114.651184  15.768905  140.925018  0.291550  1.599687       9.314819   1024.816528 -217.349152   9.913999  2.727816   73.555908
370  120.287140   7.428506  131.108521  0.341162  2.496900       7.550256   1269.633545 -194.935455   8.070680  3.300761   91.638092
371  102.977364  27.475002  143.439392  0.331585  1.300399       7.191856   1679.911987 -155.572769   5.525890  1.802633   51.837971
372  119.541641 -26.391773  139.885666  0.348776  3.369042       8.379444   1129.527466 -148.019104   7.362642  3.467334   62.829266
373  117.981873  -1.372352  120.678482  0.328467  2.853545       6.054114   1457.193359 -227.165268   7.801962  3.059303   50.530838
374  125.871216 -14.632523  135.242493  0.340730  1.913606       7.889223   1480.759399 -168.426575  13.093971  3.654583   50.585522
375  113.662590  23.703615  122.661987  0.305126  1.648575       8.091050   1694.627197 -120.807854   7.572181  3.925187   80.926453
376  107.091484   5.422297  134.075195  0.325907  3.723927       5.673625   1901.751343 -179.323837   8.545418  3.123362  105.496429
377  118.500099  -2.862202  123.132629  0.334894  2.323125       8.887141    746.589539 -179.994156  10.260813  3.581809   74.544670
378  119.771126  12.304470  114.252701  0.330533  2.326669       6.139044   1375.614502 -157.235153   9.490288  2.973167   74.960060
379  126.711372  10.894807  107.156273  0.347767  1.517861       7.816586   1146.143433 -154.152298  10.699676  3.742492  110.983704
380  118.670868 -14.877440  133.657745  0.341675  2.660841       6.228992   1288.517944 -144.159439  10.812561  3.385111   88.903259
381  121.489914   6.494564  125.675621  0.345862  2.281798       5.195108   1859.215332 -248.112244  10.284915  3.324003  112.329689
382  102.228668  25.451128  143.320160  0.296318  1.522452      10.694766    848.415283 -202.630890   6.862944  3.384156  210.375351
383  124.428581   7.188936  119.608368  0.308877  1.503214       7.218583   1077.444092 -186.495758   9.932735  2.905773   69.076836
384  113.719543   0.546951  122.114624  0.309690  2.932146       8.300673   1262.121094 -248.348633   7.652584  3.941059   61.563316
385  116.235634   8.451344  125.285751  0.262714  2.892370       8.383353    944.801147 -237.405045   9.965793  3.289291   58.771759
386  126.649567  10.806189  107.536530  0.304030  1.720246       7.083638   1347.191284 -139.922150   9.200204  3.683640   59.599640
387  120.978455  -2.445085  139.909271  0.335164  2.927346       5.868300   1825.074341 -248.358536  10.462503  2.652200   57.204308
388  107.909935  13.264320  127.480270  0.324169  3.123918       8.178998   1416.808472 -248.266907   7.034741  3.685147   85.150513
389  107.016373  17.644514  150.128372  0.338947  1.017554       9.131903   1204.374878 -102.806068   8.886812  3.260651  190.798706
390  113.187523  16.169001  140.920853  0.323498  1.324793       6.741521   1685.072266 -195.724915   9.878500  2.896684   86.540154
391  107.779350   9.131118  132.738327  0.288985  3.134112       9.259747    723.725098 -181.109283   7.357138  3.912061  119.366730
392  118.217453   2.137331  127.895645  0.321105  2.262532       7.895458    939.953369 -218.471588  10.839540  3.844524   84.478706
393  118.083855   0.819705  118.039894  0.319935  2.534191       7.506162   1255.231201 -170.244888   8.668674  3.385031   62.186935
394  126.651985  -1.583516  137.842728  0.330029  1.719650       7.411596   1353.392090 -206.031464  10.086905  3.790599  125.968666
395  110.117966   9.210537  121.032684  0.334922  2.549620       6.812111   1615.137329 -150.627502   9.240852  3.574515   68.138275
396  118.829781 -20.573492  126.356804  0.348698  2.461454       8.496713    739.154114 -185.665985  12.339746  3.689581   83.218956
397  112.559753  27.009621  131.623291  0.316196  1.647677       7.321717   1988.132935 -233.250473   9.091418  3.215527   90.432594
398  116.628609  22.450342  116.081726  0.336691  2.688088       9.125473   1700.346436 -214.277298   7.482487  3.754367   54.471649
399  130.207169  -4.797646  130.204590  0.331162  1.169714       5.705250   1960.355591 -138.705505   9.369987  3.795852   88.442726
400  114.646393  18.199997  134.501999  0.332642  1.320105       9.265755    794.269531 -169.111649  11.093313  1.775614   58.377541
401  116.663544  -1.089378  138.034225  0.326898  2.490897       8.437566   1247.445557 -202.921783   7.439390  3.571473   61.434086
402  108.834045   6.737565  121.762848  0.334016  3.805714       7.492650   1253.401123  -78.287727   6.920432  3.050598   70.339050
403  110.210533  25.011047  131.549271  0.349350  1.324421       8.627346   1644.319092 -112.010254   8.894813  3.064989  124.788506
404  124.817757  10.286693  121.370216  0.334052  1.403450       7.257902   1199.496582 -148.894699  11.581379  2.783194   51.454636
405  117.374207   7.348116  140.998993  0.340205  1.283894       5.025307   1896.080444  -78.465599   7.819290  3.395221  152.853012
406  131.848312 -20.714310  136.937180  0.349512  1.721032       7.949872   1510.069336 -146.382431  11.592013  3.414096   64.098923
407  127.602669 -10.021398  137.410629  0.349722  2.115883       7.563649   1265.987305 -163.371353  10.698562  3.640560   55.216068
408  116.758179  23.978004  122.283417  0.327969  1.337346       6.871901   1809.818970 -215.962021   9.478608  3.598800  126.837151
409  113.138977   4.024390  139.007523  0.331138  1.843639       8.727047    994.090149 -117.582535   8.789122  3.812641  162.485703
410  119.490784   5.062593  141.832764  0.321451  1.025347       6.679661   1265.681519  -97.835052   9.481060  3.013540  121.506050
411  126.800011   6.810368  125.752380  0.333935  1.391178       5.764596   1806.322388 -172.066650   9.290671  3.263571   59.478085
412  122.125793   4.389328  134.738785  0.321609  1.388874       9.373332    732.135742 -143.457367  11.833713  3.525823   58.220699
413  108.396652   8.356076  144.305573  0.291465  2.402210       5.784861   1596.784302 -151.553970   7.649723  2.350543  101.351822
414  116.313866  -6.391100  135.398941  0.290090  2.378111       6.154336   1406.072876 -223.823608   9.563849  3.003818   50.067959
415  118.201614 -10.535268  127.645584  0.344731  2.903004       6.621390   1576.351929 -205.386261   8.822415  3.321996   68.446724
416  114.509239  -5.755887  127.032997  0.345056  2.996806       7.742506    946.419739 -159.856354   7.556241  2.746661   57.419022
417  112.930283 -11.506846  148.275894  0.319273  3.147151       6.209811   1458.588379 -125.766228   6.253219  3.986273  150.625748
418  111.725441  21.794954  136.568542  0.341950  1.038648       9.129305   1885.318359 -235.277298   9.033978  3.816074   65.800301
419  122.986298   5.179199  114.107399  0.329207  1.754119       6.451622   1384.370483 -151.002747   8.081918  3.123326   54.330704
420  117.068604  16.048809  132.813370  0.292561  1.745215       8.767019   1008.055908 -170.380585   9.627564  3.580129   88.107155
421  118.467476   2.126219  126.951950  0.320872  2.341123       6.403175   1352.921509 -222.981155  10.692097  3.195495   94.883690
422  118.364388  12.144723  130.399277  0.317130  3.250036       5.162616   1784.963745 -177.995499   8.604057  3.176591  119.292389
423  128.469864   1.578432  125.254166  0.330314  1.856175       5.537767   1487.029785 -116.835716   8.487159  3.128381   99.200600
424  122.161842  23.990685  120.656845  0.304297  2.400700       8.172057   1185.830566 -238.102646  10.906141  3.569004  115.656273
425  122.195023  22.757324  113.728882  0.335361  1.557655      10.854315    820.842468 -147.986908   8.134549  3.821848   51.297359
426  128.793808  -9.027941  141.542419  0.319509  1.606841       6.216000   1729.622314 -105.141556   7.902391  3.699150   74.657692
427  124.306442  20.979532  117.595299  0.344871  1.199272       8.650057   1311.955200 -143.711685   8.884827  3.120901   61.933304
428  118.514420  20.945124  140.110977  0.258856  1.591783       7.975999   1855.497192  -91.502953   7.527257  3.396555   66.583656
429  118.258041  16.425278  122.555122  0.324243  3.058509       7.096267   1731.317505 -169.504166   7.907217  3.664338   96.276199
430  108.250145  12.726243  127.619804  0.323955  2.858734       7.951999    961.588501 -101.299690   6.986694  2.846849   99.825119
431  116.660423  19.566811  127.161499  0.333314  1.796494       7.123071   1208.290039 -212.642670   8.035092  3.269443  132.442902
432  120.832191   3.879327  130.623520  0.316562  1.508314       5.719803   1542.494507 -146.026627  10.708878  3.706013  107.545090
433  117.965942 -12.386604  129.165253  0.343363  2.208756       7.362314   1138.542480 -140.246460   8.048289  3.892673   85.917374
434  109.336090  15.349874  134.522720  0.292570  2.003772       7.129603   1326.364136 -209.679871   8.268242  2.839530   92.357430
435  123.556480  -7.537322  142.448364  0.318819  1.820574       8.228495   1228.603638  -94.715134   8.519248  3.996096   74.860413
436  121.426857  10.894328  110.352875  0.328265  2.015442       8.497808    880.711060 -164.346359  10.104044  3.888268  100.990089
437  122.327499  28.115740  119.473869  0.324313  2.005284       7.674688   1793.316528 -176.974594   9.023819  2.589683   63.359715
438  108.770241   9.560751  140.472321  0.311453  1.904402       6.023424   1446.400391 -175.996796   9.656262  2.398270  102.541443
439  122.931183   4.632100  119.253403  0.308530  1.743551       6.624471   1361.532959  -90.940689   7.258681  3.337845   84.204224
440  108.455956  21.485617  141.572998  0.335356  1.110503       8.626390   1774.869995 -139.511551   8.370453  3.851367  183.446747
441  118.270309 -10.795381  151.613708  0.322838  2.630829       6.482432   1264.718018 -148.313354   8.021346  3.526864  105.759537
442  123.288383  -4.111189  140.145996  0.315184  1.658659       6.224856   1213.352539  -77.510040   6.337360  3.019417   87.998795
443  115.453575  16.681459  128.537857  0.316013  1.995667       8.773973   1198.240234  -93.615883   8.018914  3.409809   73.957275
444  114.863174   8.808272  130.200928  0.304529  2.074389       6.038890   1950.114624 -135.948639   7.714373  3.542461   63.047081
445  114.816444  15.562446  120.362221  0.314515  3.521046       7.399268   1393.606812 -171.888275   7.181686  3.865185   90.719910
446  118.035995   3.293877  138.108704  0.337821  1.869731       6.905986   1077.506836 -166.556030   9.276114  3.317280  115.222153
447  112.382431 -15.027938  143.336578  0.343172  2.796150       7.692314    871.991577  -98.749031   7.260052  3.013661   78.460976
448  107.654419  17.755096  136.827606  0.339794  2.094522      10.090810    704.989929 -191.528076   6.955318  1.770858   99.603188
449  110.321777  15.258206  132.900040  0.344852  1.515733       7.727707   1335.329712  -84.053360   7.543803  2.693420   78.643433
450  117.769218  21.434412  131.747757  0.286932  1.183635       8.551738   1032.579834 -154.455566   9.197506  3.476125  126.119743
451  119.083275   0.836305  125.417709  0.305387  3.607813       5.367687   1695.713623 -206.132629   9.080255  2.890934   53.636513
452  117.819901   0.490469  113.557327  0.347104  2.040322       6.278375   1292.490479 -207.716537  11.852468  2.810130   59.449154
453  113.033501   7.609270  137.413284  0.327680  2.575645       6.696548   1709.642944 -213.071640  10.255693  3.556921  102.941406
454  126.688835  22.840700  118.990295  0.331494  1.461609       9.071074    993.765137 -105.891449   8.497829  3.017684   96.639191
455  116.082863  22.388998  115.941246  0.312656  2.610000       8.315145   1383.677124 -177.014633   9.123058  2.886227   54.133659
456  115.332428   1.645461  129.403671  0.338091  1.933715       6.323816   1453.188843 -163.059860  10.115201  3.161787   86.593437
457  108.440414  -5.834258  148.073380  0.328724  3.606320       7.585358    994.688599 -235.472900   8.961185  2.777832  126.594017
458  124.652588  -4.940101  108.234581  0.348716  2.114281       9.538328    771.790344 -114.568222  10.085473  3.685977   53.391167
459  114.557999  -9.841543  131.016037  0.344234  3.041804       6.474167   1587.551758  -82.388573   7.520052  3.444253   76.861061
460  118.029716  11.339047  123.565895  0.313976  1.506647       6.934914   1611.554321 -166.252167   9.817116  3.288146   53.883266
461  114.907074 -18.977091  117.001282  0.344879  3.405892       6.607455   1224.179077 -167.171906   9.787408  3.268842   61.343723
462  125.399178   5.651525  116.937965  0.337980  1.244056       7.964082   1166.409668 -203.721451   9.674882  2.900825   52.547729
463  120.910576   5.581495  138.949265  0.332425  1.671622       6.732263   1557.801025 -168.651459  10.562918  3.124185  109.563507
464  124.323486 -10.383266  130.374588  0.326898  2.740461       9.573305    983.033569 -220.715439   9.458860  3.995523   68.359604
465  132.577774  -9.204939  133.790222  0.335062  1.249246       6.840719   1150.045410 -155.885544  11.719794  3.430692   92.869064
466  107.642159  25.692518  136.495697  0.259348  1.385156       9.757724   1228.684082 -199.736191   9.256800  3.207270   84.752579
467  122.266838  -0.632808  136.325424  0.341841  1.738405       8.823658   1211.533569 -180.801743  10.392036  3.941706   74.518410
468  115.489838   1.053172  130.765213  0.342191  2.559769       6.356208   1425.653442 -193.270844   8.897394  3.339412   68.092461
469  122.013237 -20.645609  141.784653  0.346569  2.624247       8.046928   1383.178833 -246.887512  12.103458  3.710769   58.767670
470  117.869324   4.243970  122.708885  0.306990  2.566732       8.140932    950.107544 -164.454163   6.857904  3.638259   75.242546
471  113.001167  17.888481  117.766197  0.344855  2.601903       7.791132    824.365784 -211.479843   9.960067  1.831590   74.270859
472  109.528786  -0.114767  137.448975  0.346380  2.787592       7.605437   1630.975464 -173.125809   5.898313  3.547837   72.152420
473  115.326111   2.930512  138.858780  0.322611  2.909187       7.365184   1040.204590 -204.936493   9.234152  2.665130   63.426468
474  110.812988  -3.195873  118.745316  0.338444  3.115693       6.566546   1039.096680 -239.232574   7.841980  3.314648  104.663956
475  126.428688 -11.526757  122.973480  0.348265  1.688053       8.849596   1027.028320 -173.046173  11.997647  3.960501   90.264702
476  113.900192   8.530609  127.110023  0.292109  3.247849       7.634895    793.053284 -244.720612   8.321499  2.250328   66.827873
477  109.408157  -1.246886  109.040993  0.344773  3.356083       7.535700   1075.261963 -172.494629   8.452473  3.481092   54.982609
478  119.323326  -9.865905  130.577438  0.336465  2.987677       9.119295    825.792419 -198.806702   9.602757  3.311395   63.118389
479  118.636192  -9.390883  132.644852  0.323295  2.836133       6.783705   1771.704224 -172.033691  10.470373  3.623161   50.772251
480  118.617226 -16.042892  138.735214  0.347104  3.665600       6.387727   1755.530273 -227.004593   8.263926  3.960270   89.572083
481  112.509094  10.556553  138.206100  0.320490  3.224941       6.906196   1224.831421 -217.216293   8.806779  3.575558  169.474792
482  123.651611  -6.876559  134.500656  0.326017  1.734459       9.037561    913.279602 -140.829483  11.213215  3.095768   56.980881
483  110.720886  22.227228  130.858368  0.322135  1.792045       8.618837    867.804138 -226.230942   8.538921  2.328546  109.068588
484  111.066002  22.499538  138.141373  0.276818  1.706812       8.847742   1446.276611 -191.954086   8.275916  3.660194   82.719315
485  109.978035  29.976559  132.043655  0.298674  1.499414       6.461375   1661.034424 -154.743912   9.041843  2.318060  109.250092
486  119.105316  27.644482  125.363617  0.319681  1.233663       9.569685   1642.714844 -184.212296   9.572404  3.871876   80.389000
487  117.508560  22.267582  118.977150  0.304999  3.523169       6.205604   1741.632568 -163.037827   7.273373  2.545523   73.855652
488  119.519112  23.572289  126.424301  0.310105  1.103349       7.480799   1837.950806  -93.419220   9.110169  3.104695   50.820389
489  109.177628  22.135027  124.999374  0.339130  3.348415       5.604323   1758.631226 -181.839493   7.627411  2.248717   94.540413
490  106.676918  26.114424  140.612198  0.293894  1.107790      10.267000   1178.997559 -230.768845   7.131264  3.239751  119.339043
491  120.049316  13.054294  115.866875  0.310410  2.761964       5.623631   1652.762695 -123.710617   6.300064  3.639309  122.090279
492  110.735413   3.885588  135.781296  0.335161  3.444965       6.935729   1146.254028 -238.146042   6.967135  3.485664  101.826385
493  106.250587   0.286105  135.623871  0.347126  3.341716       8.630365   1233.416504 -243.899979   7.485890  3.488762   84.378998
494  120.144440  16.194750  115.667816  0.345747  3.034519       8.449355   1047.635376 -179.782059   7.834987  3.601480   66.581863
495  117.257004   0.287751  131.530197  0.337210  1.654607       8.162690    929.919617 -129.336197  10.519763  2.714644   55.550900
496  111.319862   2.695102  130.917221  0.330019  3.506413       6.040000   1909.024048 -205.919556   6.689949  3.297910   76.466148
497  131.972717  28.350182  103.740456  0.288674  2.027900       7.693006   1994.552612 -126.683670   8.018272  3.870104   71.015701
498  122.887016 -13.344771  122.645332  0.340038  2.584420       6.976668   1432.455322 -190.418854  10.904938  3.415580   63.164036
499  110.997124   1.336017  127.177757  0.337316  2.897942       7.033852   1683.760254 -205.690979   7.158450  3.924224   65.800003
500  121.370300 -14.010270  145.230637  0.344855  2.789046       5.415601   1918.282837 -115.829903   9.253489  2.927069   68.737984
501  115.883484  10.704072  122.371231  0.347256  2.033406       7.208983   1399.736206 -174.579727   8.368872  3.111308   54.919117
502  115.043495  18.248079  131.698746  0.331468  2.236455       9.417097    997.858459 -221.953201   5.766694  3.707951  100.291725
503  111.266930  23.996525  130.924652  0.324989  1.578449       7.990284   1792.036499 -188.888489   9.129017  3.632383  165.848404
504  106.931984   4.047609  131.749161  0.333808  3.734738       8.074994   1161.827881 -205.245895   7.711158  3.500328   64.184563
505  122.605858 -19.891014  126.205833  0.338820  2.836048       8.117048    804.350769 -193.055771  11.391189  3.444440   85.081810
506  122.738457   7.940124  132.779510  0.288132  1.499907       7.895378   1382.298462 -160.368683  10.674236  3.657165   92.916908
507  119.145912  15.724552  129.422318  0.332769  2.535326       7.236429   1300.134521 -140.932373   7.288507  3.562143  151.956360
508  112.185669  12.832770  124.189217  0.304664  3.195386       8.878376    758.391296 -136.035904   7.970775  2.954938   94.948753
509  116.041183  19.484051  120.692886  0.301148  2.913471       8.767468    729.697815 -209.617966   8.552685  3.057741  139.594208
510  115.679855  24.584768  118.476959  0.345297  2.641995       8.821309    784.634155 -192.011414   7.041759  1.924737   63.308949
511  118.399323  -5.711920  133.199356  0.339580  1.697069       6.630963   1807.177124  -94.822861   9.340441  3.559371   74.826973