           lon        lat         inc      D1AU     delta  launch radius  launch speed    t factor       B1AU     gamma         vsw
0   -17.917284  -3.122307  191.061600  0.157999  1.863796      30.831799    892.322449  158.983948   7.153557  1.277892  324.013336
1     2.524651  -8.654744  168.976013  0.161629  1.765540      35.708603    446.990173   -4.647850   8.297596  1.763202  326.309021
2   -11.586682  -1.735972  163.976074  0.135422  4.101048      27.069273    594.041626  100.059975   6.317555  0.623899  293.231415
3   -11.620163   4.919434  199.507614  0.151665  3.622478      65.547012    633.883850  148.158081   7.489229  1.654701  253.450531
4   -11.486751 -13.816393  185.788071  0.163991  2.768270       6.777184    510.043243   59.592979   5.882726  0.656456  361.568604
5    17.343197   7.039886  165.194550  0.122592  3.858763      27.194530    493.664886  149.994003   9.010156  1.916932  361.269958
6    -5.345134   6.691222  177.822296  0.174674  1.907661      21.942915    676.746887  180.587311  11.529667  1.515396  354.883850
7   -21.597813  -1.035418  195.238098  0.155784  2.897718      13.645864    709.772827   57.989452   7.671548  0.285514  270.204834
8   -20.968044   2.846667  173.279449  0.100529  4.327583       5.691061    873.397034  212.797211   7.795635  0.799793  345.487885
9   -15.330808  16.810266  143.482269  0.108038  2.069829      15.581701    986.517273  153.852356   8.007546  1.457417  381.295959
10   15.972950  15.342123  154.588913  0.181694  4.599157      19.835747    715.426636  211.637680   5.424760  1.250439  325.319153
11  -22.991308   1.052487  166.876999  0.117308  2.588851      26.750425    801.990540   -3.815282   8.900414  1.888568  368.559265
12  -24.079580  24.590374  174.621613  0.183613  4.680264      51.387054    576.152039  -43.706223   6.990762  0.952773  314.172668
13  -19.184124 -14.865786  179.128372  0.157625  3.310078      44.399715    877.227966   94.545235   5.883953  1.869251  318.294983
14   -0.797479  10.658972  165.771484  0.139193  4.736143      21.308680    545.891052  224.640106   8.055417  0.799153  319.895447
15   -9.024295   3.515758  166.740021  0.122275  3.158864      20.353378    486.089996   94.890266   7.199383  0.644382  334.707031
16    2.692277  12.944562  154.611694  0.168088  3.320357      31.666658    462.758606   75.056580   7.056375  1.590144  331.194702
17  -16.594469  14.324893  160.648239  0.123788  3.785860      38.505920    806.431763  205.986710   6.767318  0.744021  281.439087
18   -8.092527  -2.482618  177.210922  0.143903  3.524225      26.757971    921.565430  212.488831   7.447643  1.705280  321.106812
19   -2.748702 -11.315051  180.763535  0.152396  2.925580      17.865528    959.210083  -15.958716   6.262608  1.655891  331.975708
20   -2.039082 -16.450552  171.796021  0.167536  3.968189      37.379009    956.909729  207.505096   6.593443  1.061424  263.577728
21    6.492855   4.474642  154.229309  0.137064  3.793838      27.335135    420.799866   55.111233   7.271868  1.412413  338.400116
22   -7.312253   5.570091  158.168030  0.115428  3.196190      19.028885    770.795105   29.599899   5.096370  1.793636  341.299500
23  -32.691586  -0.657992  175.148239  0.110817  3.206450      38.742855    433.272430   91.624565   5.587871  1.574842  426.518311
24   -0.349422 -13.673978  170.752686  0.164828  3.001336      23.320532    727.821594   40.543045   6.344269  1.013292  307.827911
25    3.642680  -8.948978  171.736160  0.158627  1.370928      53.844334    677.285522   31.975986   7.522733  1.521520  287.217255
26    3.016541  -1.802777  171.156433  0.128325  3.428955      33.235294    634.162231   32.566319   7.685967  1.355137  305.137390
27  -12.987000   0.736278  186.496048  0.162084  1.548184      39.731873    677.633850  124.788414   6.179745  1.140511  298.702209
28   -8.341921 -15.314695  210.114029  0.145992  1.713821      11.270722    453.580353  -75.942497   6.856358  0.979281  423.285187
29   -9.745516  -8.538531  169.934235  0.114268  3.144930      43.314068    734.035583   32.498322   9.083852  1.694557  301.740082
30    6.494987 -18.182207  188.824081  0.130880  4.806510       9.510972    814.526184  221.079407   5.695544  0.911897  319.373871
31  -31.233429 -11.387964  185.570343  0.180612  1.229279      47.991993    426.841217  175.984497  10.282901  0.850646  418.395813
32   -6.797731  -4.571230  177.551804  0.118608  3.179142      39.611034    704.674133  203.212296   7.814986  1.428402  288.987335
33  -12.764807   6.949362  177.907516  0.132725  2.823051      13.780319    529.661621  126.924576   9.093740  1.549490  372.343933
34  -34.395004  -0.515111  145.203781  0.156282  4.316785      39.236324    762.068909  209.228821  10.404562  0.783909  338.557831
35   32.437840  12.946829  173.854584  0.285065  2.092135      29.703178    658.007507  124.061401   8.359168  1.881841  447.634918
36  -14.090843   9.033490  174.626694  0.119157  3.777947      36.289555    851.878662  117.832932   5.193751  1.416269  315.330658
37  -13.193324   0.098580  188.244324  0.138192  1.897459      33.214008    531.500732  197.802078   9.502161  1.799547  335.115631
38   -0.054834  12.507704  159.755753  0.153669  3.184289      13.667235    612.924316  147.428848   8.652303  0.651879  322.941742
39    0.839894 -11.246171  174.532440  0.163511  4.008452      13.212019    735.530273 -206.468536   5.809517  1.205893  339.382660
40   26.881260  14.300622  177.138824  0.206157  2.916181      18.084402    773.533386  217.304489   8.831023  1.512971  420.510345
41   -3.765072  -3.501907  171.449646  0.147642  1.421752       9.536882    699.863770  148.927933   7.314481  1.278939  344.708862
42   -8.982656  16.276531  193.995560  0.194364  3.802262      35.320881    625.530090  106.653244   5.727492  1.833494  309.224121
43  -10.411544   5.528304  171.225647  0.146335  2.733251      18.584135    838.802734  178.750198   5.910096  1.122386  327.695282
44  -18.573120 -17.254936  176.922043  0.148752  3.701113      34.121174    939.944214  176.361923   7.486903  0.572065  258.371460
45  -18.143187   3.875451  173.157730  0.109882  2.320977       7.134259    687.691345  206.269272   8.046667  1.530558  395.061493
46  -16.736712   7.836337  170.546432  0.153730  2.429682      17.368139    428.382507   48.961330   7.515996  0.700235  430.977386
47  -18.470221  -8.238486  178.454498  0.142877  1.856902      10.860540    616.417725   40.158840   8.168730  0.940331  364.812042
48   -9.518756  14.156199  147.233536  0.180361  3.253045      17.169191    429.908539  138.051392   6.799048  0.679203  388.271729
49  -15.838578   8.917870  171.604187  0.129771  4.504675      25.733185    668.824219  193.804810   7.155405  0.927330  316.300812
50   -2.489830  -4.893512  175.279343  0.113317  1.786657      52.052189    912.730957   94.760361   8.139787  1.535393  261.586609
51   -5.867783 -11.604916  170.126068  0.154472  4.030499      20.473696    909.181641 -118.829132   6.186937  0.511206  251.189392
52   -8.100042   8.070157  156.355240  0.155410  1.414685      14.207218    418.010437  115.383934   5.978394  1.928093  444.849915
53   13.763020   3.419788  189.246674  0.138680  4.960754      33.236797    697.167358  232.263550   6.872536  1.002872  304.964386
54   -6.369359  20.153294  150.260315  0.161934  4.500875      31.611095    453.119965  -79.603745   7.077541  0.852517  332.864685
55   -9.000213 -18.913626  182.285172  0.137545  4.942772      41.818985    777.123657  241.638992   6.011817  1.667563  297.648895
56  -24.987843 -10.159666  173.112854  0.142279  2.850828      12.921092    653.651794  190.450760   8.195603  1.145253  395.937378
57  -15.871768  -2.906022  187.520813  0.138958  2.450979      12.706465    917.054810  149.531601   8.436436  1.349640  356.333069
58  -11.692310  15.719060  152.435959  0.115709  3.438693      55.427998    793.299622  -38.385895   7.550939  0.924562  259.746460
59    0.557389   2.816355  171.139008  0.137905  3.101249      27.677578    679.956238  241.070923   9.885868  1.015092  300.352753
60  -10.324303  -6.672402  177.596054  0.131975  1.179447      26.930462    978.274597   42.187359   9.823997  1.240378  324.292084
61  -12.362202  10.013943  171.406204  0.157956  3.384632       5.789363    594.335938  234.798889  10.165750  1.986780  391.180847
62   -5.484791  21.912981  177.116852  0.202905  4.059238      63.284008    873.666138  111.783455   8.728827  1.887460  250.086136
63  -12.421307  20.710949  175.329391  0.167007  4.798099      22.036549    511.175262  187.359177   8.262077  1.947405  355.503235
64   -8.848652 -14.801842  176.865097  0.136843  3.805093      29.087820    597.965332  235.928162   7.750361  1.675218  337.239746
65  -22.352028 -13.128307  180.624756  0.148852  4.798293      48.333775    597.530701  137.307938   6.999683  0.756366  286.549530
66    0.910362   4.320701  196.314041  0.123364  1.994309      22.225477    868.757629  182.010849  10.936081  1.459410  332.375702
67  -22.186691  17.790800  170.168640  0.170846  4.337662      10.810181    476.827362  210.476364   8.101386  0.774586  405.935028
68   -2.238314  -0.324018  190.045135  0.108002  1.911866       5.395463    515.686218  207.773849   8.451131  1.166101  372.475342
69  -20.995211 -23.303030  201.479538  0.212749  1.899116      31.730597    787.738770  145.032135   6.803282  1.064019  361.834045
70   -3.563209   7.887003  160.718948  0.137828  2.778860      14.651369    672.740906  -77.217880   8.982592  1.484126  357.159912
71    1.146591   5.626937  191.099258  0.158936  4.563178      25.775547    456.731506  208.564957  10.991149  1.421612  339.276245
72   -3.254481  11.077906  150.347351  0.106992  3.983404       6.656817    648.424500  215.348129   7.874399  1.228105  372.742798
73   -7.921524   9.825510  186.351624  0.200147  3.150800      25.218134    425.798035  244.653625   9.687310  1.757184  362.586334
74  -30.705088  -1.177630  155.778275  0.131486  3.971810      27.261820    478.545776  128.717590   9.836682  1.654971  419.768463
75   -2.172187   8.943152  186.609100  0.136935  4.999557       6.077768    625.622437  -49.802135   8.119276  1.724953  364.513153
76  -20.704308   6.505368  161.700027  0.116597  2.064282      80.268661    811.479736 -191.244583   7.417275  1.959246  256.244263
77    1.698388  -8.631966  162.007980  0.156528  3.449280      19.797709    467.321442   45.259552   7.904287  1.886224  362.976624
78  -21.368202  -1.151028  163.345901  0.114894  1.850798      18.738131    519.044434   94.341843   6.684478  0.983954  384.994812
79    3.185938   6.411778  180.382187  0.103956  2.880905      40.287533    817.374390  185.320068   6.739857  1.201324  283.522003
80   -9.726304 -11.224092  182.739914  0.122405  3.597308       7.405063    715.209961  110.428391   6.702724  1.846532  377.407837
81   -6.943396   8.710464  189.500214  0.163412  2.890781      21.738632    640.309570  222.824707   5.000880  1.172431  338.090607
82  -19.318041 -14.197894  167.533264  0.167680  3.922583      37.250668    682.889404  217.637177   6.562387  1.482414  316.759308
83  -13.306020 -37.463474  201.414551  0.269163  3.631110      39.111881    481.085876  208.255707   8.487114  0.842488  365.572662
84  -22.633436  12.396315  173.824051  0.170950  2.896027      17.071630    454.444305  207.401062   5.873504  0.641291  428.976807
85   -9.805931 -36.105209  169.719757  0.270833  4.435544      12.602967    788.692383  119.081360   5.368474  1.347484  312.779266
86   -9.027104  -2.876114  197.363052  0.134344  1.930149      28.808331    456.803223  235.374496   7.608884  0.994388  323.459503
87  -15.770188  -6.308302  179.939911  0.106311  4.576760       9.898324    602.219421  191.629013   6.384869  0.797052  345.940674
88   -5.109529  10.703627  188.932831  0.170670  3.732453      35.873928    590.141907  111.287628   7.020331  1.098051  299.334564
89   -0.443327  -5.529999  188.080353  0.136456  3.678589       6.492404    526.679504  249.087463   6.673384  1.682715  379.611786
90  -14.590569   3.762836  178.443192  0.104228  4.074740       5.089006    750.772034   19.100441   6.825456  1.599278  386.458405
91    0.127488   1.363152  181.903336  0.129446  3.323220      43.884743    415.726685  243.592651   8.613401  1.268019  309.093964
92   -8.671863  -7.669522  214.158310  0.163452  1.597421       8.976614    944.009338  209.791702   6.938173  1.798816  367.804169
93   -7.541624  11.359468  174.024994  0.176198  3.517164       8.622031    655.914734  213.754852   8.889308  0.652329  322.027771
94    3.430107   3.116038  177.467209  0.103121  3.246893      14.755754    922.150818  219.158798   7.803118  1.714097  346.479797
95   -4.996469 -12.569145  177.135742  0.119643  3.929231      44.146698    791.508423  -67.746712   7.196278  1.268394  273.263977
96   -4.177783   9.209914  177.155960  0.158705  4.497016      12.054410    426.737885 -145.914612   8.278088  1.166138  379.719818
97   -3.172741 -12.719211  178.985596  0.164745  4.120021       5.486349    452.803864  128.215149   5.012891  1.739605  400.815247
98   -5.736440   1.426560  137.723389  0.114549  3.475749      45.759060    585.074219  -38.862648   8.505038  1.322836  288.802307
99   -0.138527  12.920341  159.626099  0.145015  3.680121      54.651978    663.091675  169.385712   5.215324  1.657393  272.616180
100 -27.778355   0.922810  156.337234  0.108523  4.119205      67.718079    601.299255  141.757843   7.129568  0.932824  279.610321
101 -21.917871   3.981563  175.238129  0.127852  4.784344      12.582630    483.330566  158.153503   7.196404  0.670809  388.025299
102  -3.693946   0.476285  171.744873  0.122883  3.634073      39.413536    970.875061  198.669418   6.867375  0.942527  260.009857
103 -13.620109  -5.907085  179.980286  0.122866  1.626716      32.778667    459.559265  218.401947   8.002913  1.704753  350.151733
104 -14.830425   4.562933  172.936905  0.130005  2.674775      19.016741    553.698730   72.835564   8.055561  1.490851  371.111176
105  -1.933079  11.676971  185.704636  0.161605  4.001927      16.762747    509.251617  145.822067   8.425226  1.459546  358.419617
106 -19.838499   3.888964  156.600540  0.117802  2.895053      15.576174    810.069824  195.955688   6.851498  1.051377  344.507538
107 -29.100368 -16.484692  169.452011  0.200599  3.940864      10.636227    632.583801  172.730255   5.195721  1.341487  414.089966
108  13.718449   9.421748  194.656021  0.102235  4.156415      26.961733    420.687622  231.953552   8.446582  1.654315  372.759674
109 -14.449553   0.941034  184.284775  0.145258  4.505218      30.532221    888.861267  163.215836   8.261211  1.928958  332.135895
110  -8.532602 -20.688734  192.007309  0.141437  4.221755      24.846682    529.923218 -142.511734   6.083109  0.682549  316.114746
111  -9.460812  -3.229836  171.765121  0.107877  2.067470      33.277851    618.746033  -73.515213   7.595396  0.659730  281.342224
112  -5.087080   4.132559  177.928421  0.136604  2.023072      20.723843    609.891479  165.956482  10.356203  1.699527  356.518494
113  -1.256868  16.781958  174.707657  0.163208  4.686647      40.642178    407.195496  238.411224   8.025259  1.126886  303.044678
114  -8.400259 -10.776816  176.896912  0.151458  3.387072      55.423397    843.697693  195.934128   6.920401  1.602794  265.080078
115 -14.529652 -10.970217  166.404709  0.139561  3.772947      28.564724    706.035828    9.367948   7.525631  1.536093  322.853180
116  -9.201710  10.117953  152.458206  0.106879  3.839285      22.393658    449.055969  214.869888   6.513658  1.370509  373.197235
117 -24.767031 -11.721176  177.170059  0.118814  4.088775      19.498514    705.743835  202.844345   8.004125  1.662058  392.587830
118  -2.320990   5.856165  168.124023  0.110799  2.656842      15.682750    573.130249  134.371811   9.178705  1.767067  364.038391
119  15.554544  -0.726717  150.475342  0.130847  2.684313      18.771999    866.089539  230.318085   9.698407  1.803516  360.997650
120 -17.053717  -5.621272  175.667572  0.115860  1.558260       8.305984    799.574402  144.897888   7.938532  1.818532  382.337952
121 -28.394941  14.362070  181.950241  0.175539  3.943243      43.848766    482.466064  101.247856   6.141380  1.622245  379.047729
122   0.893836  10.556155  165.363602  0.149408  3.252761      13.402138    493.262787  198.833908   7.242251  0.774563  360.768921
123  -3.660025 -14.411673  178.523636  0.115135  4.126035       6.069557    772.591125  235.548828   9.296671  1.230849  349.094849
124 -17.491318 -17.143829  175.306412  0.161609  4.908106      17.711235    406.450836  190.755386   7.752450  1.295659  427.064758
125 -23.081936 -10.413063  169.976959  0.130677  3.175997      40.997883    722.856689  130.211044   7.550305  1.305315  334.045929
126  -7.357995   8.021110  184.528107  0.154727  2.908143      10.292088    980.167969  164.806122   6.236759  1.665835  361.316711
127   6.112695   6.078643  164.277908  0.160039  4.611606      18.736036    630.001648  128.674500   7.664125  1.593114  337.441315
128  -4.128871   2.525876  176.267960  0.101341  2.878908       5.981864    744.518921  182.052719   8.335554  1.429486  365.980255
129 -14.492456 -14.335662  180.148819  0.181870  2.924878      55.981426    508.113342   96.169327   7.171818  1.702187  296.002594
130 -10.289238 -12.888815  164.093628  0.182380  2.741661      13.015884    688.033813  187.018692   8.558385  1.005457  338.295868
131   0.216433   3.530946  173.975906  0.146006  1.545990      27.218342    864.490540  107.309509  11.199343  0.796998  292.642853
132 -19.444559   4.036368  197.031433  0.152705  4.195889      27.760788    426.221222  143.241730   7.076669  1.138614  354.661194
133 -12.305797 -10.687641  179.290192  0.130194  3.405200      22.288059    617.805420  210.887405   5.298433  0.871246  324.528320
134 -14.282946   8.144187  190.565186  0.133810  4.114174      44.233112    751.242676   70.319290   7.830805  1.787720  298.021149
135  14.999778   2.443671  150.982483  0.151557  3.091013      15.129933    515.450806   36.211353   6.201832  1.172814  362.999634
136  -2.522516 -21.293293  169.382202  0.192073  3.667634      25.124035    512.760437   52.887260   6.258100  1.974280  340.145599
137 -27.017826  -3.190817  182.253296  0.105330  3.324517       8.227449    828.069153   40.727062   7.509483  1.598518  415.410858
138 -18.445013  20.119875  165.767975  0.186062  3.609494       6.013484    719.994995   10.527388   9.593861  1.869812  422.095612
139   4.695858 -13.485518  172.115021  0.118977  3.671863      33.434082    415.639313  203.537094   6.423443  1.667639  336.154541
140  18.930258   8.631809  187.833740  0.127051  3.941064      27.081356    630.486572   83.093506   8.420202  0.395010  270.540039
141  -3.021610  12.929274  179.160324  0.248949  1.981007      21.501455    801.107300  117.600197   8.017074  1.744559  361.732269
142  -3.194862  -0.400197  156.064758  0.104887  2.789359      34.070549    635.176758  -72.898865   8.299162  1.970038  312.108978
143 -18.606613   0.761592  162.922058  0.118960  3.912981       6.049550    744.589905  144.917267   8.447553  0.737420  351.274628
144  -1.869316   8.977681  159.321777  0.157533  3.540673       5.065200    672.161926  -69.828712   5.569027  0.475295  300.370300
145   1.784598  -0.609415  177.058273  0.115642  2.584666      44.325260    959.127808  236.697433   8.447197  1.931852  289.225830
146 -13.098977   4.959645  152.329483  0.102281  2.724357      57.075607    766.139587   58.228329   7.850209  1.382317  265.099609
147  -6.206998 -23.673143  192.177597  0.150930  4.510357      22.464926    989.044312  150.455597   8.401483  1.099128  310.958588
148  -7.520787   4.043973  180.092300  0.145263  1.936206      32.239803    434.295868  135.331833   8.233290  1.276743  338.721985
149  10.819831  15.348568  183.868301  0.224315  2.801819      30.144751    715.034485  207.879028   8.699010  1.077823  320.506592
150 -12.383391  -7.180237  170.021866  0.137414  2.600026      14.034256    413.352814   18.778902   7.665421  1.437313  413.979828
151 -10.035975   6.052587  160.542847  0.134590  2.274155      29.685522    655.327393  155.349640   5.770959  1.746156  335.414032
152 -24.794487  -7.168797  158.723175  0.132909  4.850350      38.801365    460.822754  197.401688   9.552216  1.852324  359.427612
153  -0.745485  -6.759094  163.971680  0.137378  2.891700      13.385698    772.870056  177.467697   5.879906  1.798106  352.295624
154  -0.139343 -14.328141  191.281433  0.168721  3.866724      19.345358    581.437256  107.171944   7.210952  1.609746  347.959137
155 -10.946299  22.860729  180.041199  0.212059  4.836807      26.995495    792.757202   65.378517   8.489519  1.366248  298.725952
156  -6.420130   8.075306  171.285812  0.113330  4.822209      12.014451    515.229431  -19.048599   5.039614  0.906166  357.967499
157 -34.216904  -5.136181  178.621078  0.105135  2.345473      41.922615    439.545868  236.223618   6.735705  0.761981  448.748138
158  -6.228682   9.799672  177.941757  0.186656  3.248871       6.401633    528.444397    1.963104   8.948130  0.704716  357.157288
159  -6.648937 -26.186819  198.211075  0.165619  4.529313      23.251196    503.040741  222.498215   6.452120  1.532687  352.525787
160  -8.221438   9.172689  167.851669  0.160295  2.790777      37.438175    415.498962   -9.285495   7.906507  0.279731  285.861877
161  -9.230756  13.016810  169.028152  0.144185  3.924469      41.307236    430.154816  192.811890   9.018778  0.734714  294.917267
162 -12.564054   2.210208  186.169724  0.123813  4.536469      43.286980    410.744690   94.574486   6.273473  1.677600  313.677002
163 -14.787553  -0.556859  177.455093  0.103602  2.139058      28.449226    557.688049  201.606247   8.283092  1.261511  340.827545
164 -13.777075  -4.285087  181.986862  0.130257  3.612800      42.943802    790.810181   59.134338   5.314186  1.095842  279.383575
165   7.087355   7.106345  171.201141  0.151878  3.842299      24.627935    620.147888  181.796860   8.955644  1.023739  306.239380
166  -0.123073  -9.728562  164.359329  0.140924  1.819268      13.741908    731.213623  105.674278   5.264300  1.533141  361.101166
167 -15.064661  12.519287  165.279739  0.157619  4.257141      23.522303    416.730255   87.438065   5.346563  1.421852  375.994080
168 -24.071104   2.849589  168.591171  0.105532  2.609907      34.056377    405.076996   57.069962   7.693533  0.788251  392.956909
169   5.512279 -15.205493  185.295975  0.116853  4.472647      22.140825    879.191162  105.250671   7.326061  1.869451  328.625824
170  -9.320868  -2.878674  184.396530  0.152804  2.961989      12.656814    999.815613  186.832947   8.505472  1.847265  353.723694
171 -18.047798   4.683466  162.923904  0.114475  3.187394      29.290573    546.539612   74.523727   8.678591  1.656150  354.400940
172 -17.709047  -9.336275  177.105148  0.100786  3.285420       9.067760    478.487762  -27.219452   9.512347  0.520939  387.579224
173 -15.059889   6.264449  162.062057  0.135167  2.094291      45.618919    430.034454   93.102455   8.206109  1.399535  322.223724
174 -28.711390  10.271982  168.021271  0.106597  2.275075      30.032419    752.905884  149.746979   5.834995  1.398847  394.423676
175 -17.554131  10.934155  155.840714  0.108442  2.225429      24.803286    643.529053  -74.325348   6.589704  0.778392  328.576935
176 -20.113060 -10.080716  197.141998  0.129162  1.424376      34.339897    641.253418  170.980148   9.801054  1.377097  339.055450
177  -0.866507   8.336286  172.820831  0.178110  2.091600      47.642727    503.306305  161.502213   8.036186  0.853907  286.444336
178  -8.808138   4.103099  146.489105  0.134980  3.581789      26.770906    487.210022  -55.673637   6.985637  1.609588  341.721954
179 -31.175629  -3.651309  170.522415  0.108561  2.071112      66.508286    753.604614   25.631954   6.241333  1.069322  301.057281
180  -4.580429   9.670443  193.433838  0.198415  2.659239      20.984838    595.605103  231.833603   7.853648  1.626838  340.374207
181   5.874667 -10.193624  173.982559  0.128728  2.094736      24.965176    419.241089   52.306164   6.803468  0.766913  348.119415
182  -9.300041   3.599406  161.941055  0.148796  3.714879      33.903824    563.103821   34.006996   6.649192  1.831621  329.818909
183   6.558320  23.318453  173.345398  0.194197  4.780373      26.849464    970.743469   90.585182   5.444904  1.749213  305.439423
184 -11.389693  -4.836132  196.979187  0.159892  2.054798      18.860336    797.174377  216.978180   7.768532  1.301467  339.800476
185  -9.767311 -15.450867  201.271667  0.187569  1.795231      31.192537    924.575012  119.111374   7.406182  1.664543  331.231384
186 -18.504934  10.810277  174.384247  0.159601  3.614358      14.454144    797.691345  210.796982   7.198962  0.573660  311.016083
187  25.366369  15.888095  193.071381  0.273196  1.437454      23.519279    744.066284  213.994812  10.492422  1.901857  445.876953
188  -3.834399  -5.324180  181.911072  0.130843  3.465964      16.477415    609.956848  178.172501   7.516480  0.401915  277.554413
189 -15.020685   9.943950  143.525101  0.120701  3.456238      58.121315    792.917236   67.849640   7.232664  1.929145  292.548431
190 -22.372995  10.461034  165.672272  0.148391  1.864078      32.035431    643.375366   84.023224   6.208330  0.865598  348.547455
191 -15.183352  16.588627  170.140869  0.142283  4.468004      33.288631    982.843567  126.945351   6.178548  1.474531  323.354889
192 -17.692390   0.274648  161.844177  0.114403  3.983525      38.759727    431.355255   29.608353   7.466226  1.327712  342.462677
193   8.551938  16.360632  156.965302  0.187852  4.355426      53.477409    812.174683 -212.210999   7.692810  1.730787  253.356995
194 -25.301449  -2.187819  174.067200  0.149120  1.476915      17.248055    870.008850  119.978966   5.597153  0.783776  343.762604
195  -5.459427 -13.580904  190.789886  0.163613  2.052763      18.481628    822.139954  182.490875   7.920159  0.998993  333.340424
196 -27.252474 -12.479389  174.661484  0.144070  3.422936      29.412983    656.999268   79.782692   6.608319  1.920673  392.404053
197  -3.004474   3.810865  198.920853  0.111838  2.489165       9.654973    817.592285  189.426926   7.134528  1.231187  351.038483
198   7.591544  -9.504534  176.507355  0.145471  3.645045      23.154676    782.538696  136.059616   5.368117  1.646360  331.502167
199 -24.904984  -4.114564  160.106979  0.104570  3.699255      80.536766    471.188385  243.102081   7.967598  1.628842  276.168518
200   4.932930  10.413628  164.404541  0.155266  4.127892      36.921963    536.274902   17.124044   5.590662  0.865339  287.137939
201   4.504507 -10.415463  185.859192  0.116738  4.303916      26.695803    718.072693   56.595238   6.149548  0.551587  255.102417
202  -9.592383 -16.153534  175.772217  0.141862  4.187758      24.838379    506.822449  116.721306   7.964162  1.570880  338.847961
203 -15.789849  -3.288430  162.755325  0.169297  3.593427      17.576334    429.156708   47.960190   5.333397  1.684865  396.688263
204 -11.887998  14.869894  177.792038  0.162990  4.146530      19.153084    897.547729  204.706100   7.018527  0.462017  257.972168
205  -7.367095  13.615500  155.787262  0.123706  4.293853      26.759220    747.612366  188.742340   7.736467  1.247828  320.449249
206 -16.115088  -8.492281  147.347717  0.146668  3.223904      24.145298    682.331055  142.683945   6.329416  1.400102  345.429565
207  -3.717406  11.793075  175.330841  0.143662  3.345022      27.727077    777.152771  241.531189   9.934758  1.412799  325.730560
208  -3.453950  20.088486  151.985245  0.149736  4.424392      22.419733    482.061066  120.860229   7.343214  0.472427  321.937012
209 -17.737495  -6.703739  148.443695  0.138226  3.360988      49.448997    940.830872  179.242889   9.243452  1.232330  274.179749
210   5.912362  -2.785407  161.625946  0.118486  1.913267      43.955307    728.011597   44.967552   5.720543  0.785622  253.800446
211  -6.048224   3.969430  154.194336  0.112453  2.323259      27.165316    952.648987 -156.422882   6.197035  1.078721  290.232971
212 -21.622564  -0.121405  148.671616  0.148075  2.514298      66.342361    762.197327  149.711319   6.912560  1.458274  269.487305
213 -10.576807  -8.435599  168.276825  0.172089  1.789835      46.498482    585.187622  125.224106   5.569033  1.185405  300.457001
214 -23.544659   5.876787  171.757950  0.151061  2.737386      39.791843    418.966919  113.710442   9.782202  1.049955  370.223450
215   9.114145   8.706230  194.330032  0.117561  3.752156      11.122906    903.350708   54.338131   8.842939  0.504695  279.814117
216 -19.761448 -11.569536  161.991333  0.211865  2.416757      55.220509    469.114563   51.410393   5.687247  1.376859  318.337067
217 -19.455576  -9.572274  194.655121  0.107989  1.879849      40.916744    719.532898  177.653900   5.249084  0.988455  302.364044
218  -7.857414  14.594295  174.701263  0.203977  3.010661      14.480162    628.311523  199.964844   9.876971  1.513044  368.563782
219 -14.866446  15.641604  156.926910  0.173251  2.411213      51.605816    838.185486 -191.333481   5.718224  1.809051  308.895325
220  -9.827414   2.069780  161.053665  0.118760  2.074173      15.539156    738.082764  218.079758   6.690073  1.103380  332.801575
221 -16.617672 -10.050467  183.332825  0.122901  4.562083      17.417761    586.484741  215.539703   9.437304  1.237435  366.999298
222   0.627744  -0.963350  192.740799  0.123487  3.140816      26.286556    479.424988  236.222229   7.889588  1.710901  334.271851
223 -20.589653  -3.691709  180.386322  0.116502  4.135923      22.305145    724.230652   53.170010   7.584338  1.983270  369.843262
224   0.657804 -10.527564  170.534164  0.115702  2.941571      47.995155    915.385437  143.110107   5.928632  1.008967  254.965866
225  -9.153559 -10.561667  159.996536  0.134493  3.449503       5.912954    614.825256  172.254196   9.099901  1.769138  385.782776
226 -20.742828  14.208843  172.666382  0.148714  3.844078      17.998943    477.101074  245.760086   9.370637  0.400980  373.579773
227   4.371066   2.400904  190.803116  0.136620  3.776827      47.143345    604.269165  197.522171   6.726934  1.187722  278.257050
228 -23.006084  -3.246877  176.414749  0.124732  2.339901      31.481041    580.662048  165.303452   8.601760  1.923003  356.901672
229  12.759075  14.105906  184.162460  0.187399  2.876123      45.974968    516.102661  141.183823   6.341443  0.993886  305.851959
230  -6.158089   8.224023  179.234207  0.128385  4.072446      33.370304    895.922119  -27.175186   8.396236  1.413493  299.155029
231 -19.421038   2.132048  151.696854  0.116352  4.012907      39.588169    567.197449   71.310936   5.587408  1.064461  309.387970
232 -12.343624 -17.818594  193.347946  0.115713  3.623297      10.375139    884.138000  194.776108   8.521688  1.580328  370.675812
233 -22.326839   7.529304  171.320816  0.100963  2.978399      43.233051    755.723083  244.128998   7.619838  0.728293  291.472137
234  -5.014167  -4.466859  175.252945  0.156159  2.377836      22.361359    410.176025  161.804565   7.433714  1.534195  367.677795
235 -15.855817   3.167086  193.154221  0.157537  3.029790       9.344711    653.817749  219.280411   8.932451  1.899049  375.929749
236  -5.898051   9.401195  176.185593  0.156775  3.464646      45.512695    417.630920   42.277576   6.953412  0.962062  290.464142
237 -19.071211 -19.881639  182.477966  0.208481  2.959863      24.942421    473.312866  185.493500   6.993089  0.779205  376.899872
238 -15.874224  -1.967505  179.946762  0.155289  1.021331      11.256520    515.196045  226.157288   9.646922  1.131400  373.294464
239  -6.649979  14.013079  138.377899  0.140434  2.686424      20.512177    477.066284  172.443039   5.442051  1.385917  381.169830
240 -20.115093  -0.976595  158.438385  0.132437  3.659010      24.412973    692.776184  118.310570   7.577711  1.601049  350.771240
241   7.573864   4.452789  173.874786  0.126923  3.140025      14.632812    560.514221  188.568481   9.518763  1.700566  355.902130
242  -3.419918  -3.834361  187.499481  0.123104  3.732283      58.805775    608.165344  106.206635   7.994427  1.649659  264.063660
243  -7.720066   9.299701  156.961853  0.152427  2.840532      19.178070    587.761292    8.939832   7.494954  1.007030  335.094330
244 -18.866810   6.511032  175.680786  0.173468  1.789766      36.688560    990.917542  112.866592  10.156613  0.742198  277.127075
245   2.335325  27.731522  164.442200  0.235795  4.616260      38.165806    876.801086  199.186905   7.145974  1.814767  281.410614
246 -18.154650 -12.479401  178.303070  0.166390  3.044162      26.099974    440.087250  176.384125   9.691257  0.310336  339.010620
247  -1.002125   3.051005  163.498917  0.149482  1.657626       7.475811    424.744080  117.228004   7.867380  0.241950  416.766937
248   8.826864  20.770458  168.180618  0.220635  3.880962      21.717192    520.676086  142.467560   5.539766  0.679236  310.654877
249  12.920591  13.797018  152.012375  0.211767  3.625313      18.614338    525.280518  125.320930   8.138513  0.689079  325.543610
250  11.948746   3.963716  167.306229  0.136172  2.555855      37.537193    503.123718  150.213104   8.176703  1.545824  332.806305
251 -24.612419  -5.504792  181.935623  0.116195  4.514943      19.642097    605.681030  207.132736   7.407142  1.743677  391.721741
252 -13.731696 -10.218899  175.259018  0.112760  3.453686      20.661520    411.961060  205.093552   6.723799  0.907494  374.914642
253  -6.337940   1.199161  198.956757  0.132686  2.136899      38.009937    602.033936  214.111130   8.335901  0.665218  272.348297
254  -7.742868  -7.288132  177.584366  0.161384  1.991753      36.272961    468.441467   93.183739  10.151183  1.377351  324.344421
255 -28.673317  -4.069929  173.173477  0.156381  2.067134      45.933472    526.934204  145.312698   6.218167  1.309620  356.018097
256 -10.760457  -1.149907  172.343353  0.101669  2.599766      17.935001    462.903839   41.857559   8.600755  0.994183  351.169861
257 -21.987749 -17.198185  186.101837  0.129694  3.982862      45.379799    886.409546  202.607559   8.042566  1.403188  311.363800
258 -30.066311  -5.618094  170.458099  0.161120  1.649660      47.746792    622.244629  -50.058449   6.645140  1.194740  365.886566
259 -22.305185  -6.450193  186.885010  0.101456  1.719700      12.924966    922.648010  229.250244   5.846497  0.464428  295.209930
260  -3.557596   8.850087  160.562286  0.147337  2.410555      17.703018    783.493958  -12.480087   6.141539  1.871095  360.952820
261 -24.127674  -6.145521  183.339386  0.129645  4.064384      34.243488    865.452576  146.668915   7.689536  0.537386  271.696350
262 -33.104702  -5.875896  171.200562  0.102791  4.172348      21.144825    883.059326  217.514755   9.356722  1.626691  407.047607
263 -32.019348   5.055547  176.698135  0.122100  3.050161      21.048859    954.026123  138.949585   7.483551  0.270597  259.593323
264 -19.245113  -6.935740  172.104050  0.142707  2.629253      38.828529    894.927734  232.814758   6.541972  0.978781  286.107483
265 -19.676245 -20.630928  189.865433  0.197563  3.915309      11.764877    443.258667  231.021622   9.459050  0.977018  431.825745
266 -15.384912  -7.906209  202.334198  0.132441  2.832697       7.312141    645.041199  237.566467   7.495146  0.392279  302.899872
267 -25.311192  -9.340168  168.784744  0.111523  3.755079      26.725573    518.993225  122.902245   6.293356  1.176385  380.628357
268 -24.149889 -20.875090  185.417679  0.166830  4.808853      11.031905    790.135010  242.273407   7.796924  1.430434  396.392151
269  -1.828708   6.848172  165.997345  0.111348  3.445254      53.206470    736.373230  140.238968   7.984486  1.677767  272.133362
270   0.087746   5.056951  176.258881  0.140368  2.753356       6.928712    444.826874  244.107056   6.798155  0.413526  376.036469
271   5.775924  13.065418  177.212708  0.167381  4.383367      18.236855    416.932465  127.653984   6.137726  1.669094  376.920685
272  -8.513863 -23.730009  180.488739  0.206304  3.544759      58.255169    651.757324  195.541977   9.527600  1.131319  252.699280
273 -12.876609  11.257042  173.325806  0.131068  3.894351      22.053200    553.166565  148.836319   8.928404  0.855167  339.811981
274 -23.324415  -7.024958  198.016281  0.134174  2.055065      50.163776    491.239838  236.105042   6.457914  0.852641  310.336304
275 -29.199791 -13.161564  185.508820  0.108285  2.996468      25.184483    651.883423   73.230110   8.391680  0.300603  307.877197
276 -15.174822  13.362258  146.829254  0.133745  3.001002      38.839630    852.218140 -103.628601   7.071956  1.141827  304.211273
277  -9.408801   6.025895  184.256622  0.105163  4.099583      42.244324    987.052246  154.009506   6.079836  1.776986  291.503448
278   1.771283   4.939271  149.065811  0.116494  3.237936      15.535194    705.872009  -55.592087   6.612368  0.408892  257.931213
279 -12.031618 -21.838833  180.913300  0.159258  4.708957      38.111549    598.033325  113.536224   7.381402  1.051006  286.862762
280 -13.137445   1.327024  168.627747  0.120382  3.288285      18.907455    666.515381  152.907974   7.598008  0.975531  334.653778
281  -5.949715 -28.452183  196.738144  0.212224  4.880176      20.561789    614.581787  241.949997   7.290232  0.739689  305.160309
282  -0.492515 -15.938266  159.241196  0.175436  2.498241      41.981655    698.171509  172.103119   7.855899  1.056755  290.090942
283 -19.281179 -11.460372  196.753601  0.141032  1.262486      20.939405    750.740967  234.696762   7.912342  1.080129  351.360992
284  -4.739457   7.529666  183.613342  0.192591  2.064130      30.789751    873.861328  108.341888   7.519188  0.920912  295.150665
285   6.355571  12.485250  178.239975  0.140244  4.569685      10.402253    488.828583   73.391304   6.335203  0.594933  346.978302
286  -5.137267   4.362625  179.339127  0.144009  1.818297      20.751740    503.604095   25.363644   8.059604  0.419386  317.778076
287 -15.087563   3.588780  176.952850  0.139530  3.673817      45.012978    643.523560  218.759201   7.078839  0.988551  282.377228
288 -11.576280   5.423174  184.692276  0.157116  3.697161      20.158592    721.932007  246.276810   6.446198  1.468665  336.176331
289   2.150220  21.260229  175.152756  0.197682  4.518702      18.209282    449.218811   29.851053   5.945142  1.639228  340.298462
290 -10.015010  -5.518500  169.220474  0.126068  4.395913      49.324280    709.909302  240.873810   7.528157  1.970890  290.706360
291  -2.836515   9.950555  158.712296  0.170953  4.090206      20.346052    758.823975   37.238201   6.049230  1.923112  342.612915
292   0.667586  -2.706444  185.445374  0.117275  4.803394      49.504200    714.593811  248.808807   8.822901  1.120287  253.107956
293   0.548646  -5.927612  158.224518  0.145542  3.733415      20.756218    689.536621 -245.717010   8.943501  1.952253  340.344818
294 -18.368740  10.007868  162.630661  0.135807  1.868872      28.515724    750.428040  146.962219   7.248659  1.399085  350.177673
295  -7.680708  -7.414173  181.786667  0.119429  2.185883      30.601727    983.078247  223.020203   9.301209  0.714456  259.532288
296 -32.517895   2.120347  184.968506  0.122938  3.775161      61.563892    568.129761   85.169739   8.624452  1.896386  341.557861
297   0.226658 -12.866494  170.617264  0.135493  2.858747      51.794899    801.021240    0.235640   7.387496  1.586726  277.639954
298 -27.195742 -11.852127  182.386795  0.177205  2.034725      25.365091    565.044128  164.439407   6.732102  0.611130  371.801666
299  -0.310106   8.659986  182.099304  0.115770  4.158776      20.078714    772.236145  239.381348   7.965810  1.548575  334.569336
300 -10.867295  -3.437455  176.519821  0.117490  1.040293       9.473454    569.153137  137.195190   9.885625  1.156518  356.870544
301   1.493190  -3.418393  178.909821  0.111990  4.364635       8.802049    920.530701 -158.998795   9.044589  1.566116  353.291168
302 -13.331553   7.813866  174.330292  0.120912  4.781539      52.189457    432.670197  234.772186   6.237604  1.283270  299.953339
303  -7.951898   3.476875  182.311386  0.150920  2.148643      51.425179    432.774841  114.260941   7.437382  1.985278  308.644470
304 -18.824480   9.918190  181.557632  0.130877  4.994505      49.345009    643.129761  202.963760   5.732306  1.047106  286.966461
305 -12.758682 -17.566519  172.820831  0.141005  4.077658      20.648994    955.263428  224.052124   6.229319  1.532044  339.936646
306  -3.339288 -11.236381  160.295654  0.113439  3.941873      17.405394    486.454437  113.280136   6.163828  1.373491  360.802032
307 -14.602389  -6.063219  172.036301  0.113132  3.188640      18.938480    415.454315  197.014053  10.768881  0.316819  388.860779
308 -11.021577   0.177544  187.849686  0.150409  1.699790      27.017538    475.342194  234.508881  10.354400  0.294992  273.023926
309 -23.560465  11.401614  159.106705  0.111158  3.271843      16.149475    574.821655  193.004883   5.583909  0.661249  382.522949
310 -21.850330 -16.215889  162.765350  0.160297  4.066987       8.789400    621.695251  229.007568   5.822571  1.683368  389.870850
311 -18.461687 -26.762207  201.932281  0.223160  2.662728      36.069363    440.298462  193.079041   8.732077  0.570738  397.772369
312 -21.768784  -3.222539  174.295288  0.151281  2.316510      44.759766    410.912476  168.218216   8.554915  0.583999  327.527802
313 -22.088596   0.414554  171.769775  0.107821  3.280360      21.446951    740.122803   46.151154   6.747285  0.497207  295.813385
314  -9.861248  -1.995537  154.504684  0.110976  3.578712      29.497654    880.802124  235.901672   5.647030  1.367594  304.331635
315 -14.465888  12.306732  162.716431  0.112837  3.501279      17.096071    566.188416  136.271576   7.129325  1.715871  389.138428
316  -3.652185   3.582101  185.464935  0.136240  2.901564      44.849567    476.941284  147.626907   7.429101  1.502737  297.650818
317 -19.212456 -13.277914  186.448318  0.180033  2.664934       5.050051    709.596741   95.649612  10.105787  0.458693  337.629333
318 -23.770760   4.275192  182.499710  0.118921  3.888145      72.663155    523.585510  245.980331   6.828323  1.428813  270.104553
319 -17.106590  -1.755615  190.872910  0.146567  1.059856      10.381058    780.832275  205.520432   5.196128  1.463863  381.697998
320 -12.390673   1.073132  164.915192  0.149571  2.721414       8.350083    633.051392  160.724335   7.346774  1.461231  371.469086
321 -20.111406  -8.369906  173.399994  0.106929  4.172452      17.090557    467.619354  211.574356   7.057531  0.869051  375.265594
322 -16.491755   0.760180  177.681351  0.135407  3.025835      28.716875    423.530121  216.040863   9.127404  0.545897  341.513153
323 -22.896822  -5.431214  174.751709  0.106741  2.101784      41.332233    783.186523   76.977592   8.371953  1.416347  330.948578
324  -5.425469   2.606460  176.051666  0.124582  2.368434      38.002117    938.776978   26.566641   7.633504  1.001072  270.084625
325 -16.693716  14.530927  164.772675  0.173379  2.797371      25.060005    604.890747   55.351940   6.441391  0.776433  339.946686
326  -0.012592  -1.793063  173.796326  0.102514  1.052776      57.132122    692.921997  122.178734   7.270145  1.500942  257.033234
327   5.481241 -10.390913  171.783920  0.127049  3.545597      18.398903    408.517761  165.630600   7.388931  1.940751  388.836731
328  30.819294   8.788197  162.200668  0.219390  3.073303      10.453508    924.952087  213.973221   7.690441  1.616790  422.712158
329  -8.769297   8.650246  160.511673  0.133006  3.715259      12.677798    400.536743 -188.300797   8.594232  1.380402  421.892792
330  -7.870148   8.342807  165.995682  0.115303  2.556262      28.984087    516.537720  171.461426   8.074532  1.940986  354.978363
331  -4.679213  18.932220  181.264755  0.203596  4.355803      25.971142    434.726624  222.197845   9.808385  0.563072  301.376099
332 -11.878838 -12.009026  198.344452  0.122234  3.967660      15.505814    743.716614  157.413742   7.267022  1.283987  352.658569
333  -7.264750  -6.985768  180.878860  0.124900  2.332689      12.084022    672.824646  104.577942   7.162388  1.045879  346.536041
334   4.889310  -4.951367  172.313034  0.108434  2.614353      44.296112    409.957825  123.458862   6.626867  1.397838  314.284302
335 -18.717627   7.081867  171.318527  0.128819  3.395046      54.868893    580.293152   64.183693   8.323923  0.676257  256.454041
336  -8.354108   0.680985  180.247253  0.118942  3.767935      33.730473    733.472534  106.110840   8.123430  0.593159  253.239197
337  -6.323188   5.981408  174.961929  0.127597  4.572752      38.170815    614.398499  142.959335   5.652409  1.715842  309.106903
338 -14.372396  -6.735978  173.862976  0.115443  4.415641      15.948173    826.005615   52.814579   9.892523  1.826783  359.998535
339  -6.356651   0.127832  192.456757  0.127552  3.600856      13.271873    571.634033  232.483932  10.086796  1.925068  366.462311
340 -27.066010   4.506009  163.050690  0.127590  2.432312      16.941603    663.723877   99.590561   8.495730  1.799400  413.775757
341 -10.915439  -6.999954  166.079575  0.103060  4.160617      49.794415    520.373169   32.672588   8.869450  1.574113  291.951324
342 -21.939825  -1.177824  171.840210  0.154919  2.576768      20.601915    459.222809  217.933228   6.543595  1.256976  392.856201
343  -9.418095   1.838060  163.747482  0.117456  1.955613      11.912061    764.928894  117.753098   6.134773  1.282420  343.901428
344 -15.501321  -7.673030  178.298782  0.183214  1.185636      22.691442    864.703003  122.964241   8.710695  1.594860  355.128937
345  -8.237659 -18.912294  175.466034  0.162305  4.351901      52.342152    950.483215  -31.076344   6.574086  1.828218  266.114075
346  -9.733005  -5.060866  169.428497  0.137480  2.858439      24.067945    901.659241  154.586990   7.259909  1.475504  324.876373
347 -13.125264   0.131083  158.801376  0.115162  3.119395      42.478073    555.407898  176.402267   8.119678  0.496791  256.103333
348  -3.625695  15.914470  163.763550  0.143021  4.171367      38.399151    692.913208  143.552063   7.378865  1.051392  286.511261
349 -15.409406  -3.723224  182.911560  0.101984  4.001002      58.504826    626.690308  226.308212   8.274302  1.829304  283.313354
350   1.030177   4.197353  164.172821  0.115346  2.138293       9.610599    422.673981   78.925613   8.067378  1.054688  400.129242
351 -16.287964   1.800739  186.946426  0.148034  2.329199      13.546695    690.577942  226.742035   5.847536  0.892106  349.751495
352  -5.395471   0.206065  183.540207  0.107325  4.640110      16.311920    504.587463  108.941826   7.992349  0.219502  267.623505
353 -30.358345   0.041317  187.791626  0.133961  3.764878      48.054077    474.922028  173.391968   6.932755  1.992602  367.437012
354 -18.840094   6.680374  175.707352  0.107663  3.625171      25.645451    578.797913  162.489395   8.648190  1.261783  358.717651
355 -15.478685   0.733705  166.829941  0.155917  2.352996       8.710327    428.348755  233.633484   7.565195  0.669811  415.675659
356  -7.285451  -4.332430  196.919662  0.107239  3.531674      23.090723    736.199890  241.285141   6.138221  1.551694  322.241302
357 -21.891092  -9.314064  177.003784  0.123984  3.412102      74.084885    541.278320   40.018841   9.331264  1.036807  253.718643
358 -20.875042   0.526139  166.603699  0.144233  1.776751      28.195318    565.814087  111.197495   8.237237  1.439579  355.228149
359 -19.833311   4.838439  168.625656  0.132895  3.090486      26.793343    663.715149  101.624100   7.039426  0.541731  300.831635
360 -30.473255  -8.073478  166.782791  0.107216  4.773316      15.508589    904.776123  245.813904   6.127920  0.470131  319.406067
361 -15.254860  -7.251109  172.342224  0.126962  2.593836      15.442973    781.044250  214.789124   5.638012  1.362244  349.243958
362 -21.650770 -14.658760  183.589188  0.139649  2.561042      11.612880    546.380371  150.845245   6.214202  0.380618  364.052277
363   5.515453   8.542853  167.088104  0.106022  4.153995       7.021742    856.441162  213.940033   7.638607  1.092741  335.167267
364   1.170770 -11.105024  180.648453  0.154273  4.433318      18.753500    815.617981  174.630905   5.708821  1.935522  338.146210
365  -9.652768 -10.702302  171.584991  0.182228  3.601018      17.866686    488.845093  -36.732067   5.764035  1.548761  363.347870
366 -15.426547  16.771879  156.115814  0.185319  2.357316      20.377008    495.798248  -49.296207   6.678467  1.271810  403.989166
367 -14.589247  -5.714363  182.646194  0.154182  1.455975      13.628633    693.489563  240.814148   7.355502  1.533613  369.143646
368   5.474364   6.963120  185.404114  0.153059  2.322638      13.956223    849.494202  165.490601   9.196488  1.900730  354.384705
369 -14.092313 -19.043018  185.001511  0.189144  3.010604      18.752893    489.418213   97.441544   6.191175  0.964987  379.060760
370 -20.568262  -6.496527  191.355209  0.140006  1.806614      37.328293    800.269775  187.200684   8.511114  0.823937  295.439270
371 -38.547218 -17.507698  169.301117  0.212843  3.560619      49.789413    854.618347  182.394806   6.122942  0.898124  369.727264
372 -18.657206 -14.085455  166.932846  0.216606  2.851220      10.166737    499.256927  197.082474   7.597229  1.317878  399.254089
373 -21.127319  -0.639680  176.868866  0.128160  1.987619       8.754239    718.668701   35.762703   7.598798  1.692029  394.393188
374 -32.175266  -9.851956  178.082687  0.193029  1.407960      40.386768    952.307556  241.338196   9.141702  1.816952  397.451630
375  -1.124272   7.563899  168.797379  0.136355  3.653881      55.601177    593.383667    2.444387   8.014485  1.378726  260.650146
376 -24.922676  -0.242285  193.753174  0.152352  2.880918      26.013767    574.560425   75.422577   6.407977  1.376032  372.179657
377 -20.224899 -20.666849  185.197571  0.217098  2.604329      25.801155    908.884949  180.631653   8.692533  1.129367  344.779297
378 -21.812664 -10.549155  202.184814  0.135295  1.643048      41.271778    462.047791  115.341263   6.139573  1.022056  341.830353
379  -7.990974  -8.570073  166.688461  0.106083  4.964083      52.139229    460.392548 -149.678497   8.106523  0.727446  251.035004
380 -11.259041  -7.026742  196.473206  0.126551  2.167608      32.080540    741.348938  178.631973   6.178875  1.978904  319.289917
381 -23.617447   5.817014  187.468735  0.148769  4.822445      16.366581    493.353027  232.490753   5.889119  0.241777  320.929016
382 -29.617188  -4.731925  179.612106  0.106632  1.736604      57.134872    627.772461  -11.505659   7.723979  0.841027  306.140137
383 -10.615093   8.071490  193.075439  0.163988  4.622581      10.013794    536.936646  207.956268   8.617313  0.988121  354.329926
384 -13.035636  -2.075227  189.183304  0.109089  3.362018      20.004251    468.498444   87.718628   8.767539  1.583053  360.817108
385 -16.683559   3.972521  150.566635  0.115532  2.067723      50.829552    813.776245  204.808121   5.390222  1.848390  291.595062
386 -31.165371  -2.525451  160.227875  0.110041  4.141501      32.898399    880.578979  222.812576   7.623559  1.518305  372.556824
387  -6.296566  -5.097388  191.030197  0.153502  2.801040      20.784214    471.433197  137.896027   8.143496  0.906463  341.136902
388   2.154516  10.542986  181.015762  0.172553  2.641526      62.611561    437.397156  152.286987   7.035594  0.946422  260.121368
389 -12.500082   9.311083  174.139954  0.121716  3.826685      24.924911    760.868591  212.235275   8.862630  1.199516  331.899292
390  10.528461  -8.003472  191.591812  0.130500  3.517373      30.850815    482.269012  209.851868   8.577075  1.333898  329.233124
391 -27.452139  11.225947  163.722427  0.140842  3.658756      19.582895    711.050659  -31.154596   5.960717  1.466495  409.353638
392 -26.201412 -13.401567  170.247284  0.172810  3.923582      38.045776    917.538818  -18.871029   6.088271  1.067845  312.487732
393  13.193095   6.253255  168.792297  0.151594  3.171454      16.336067    504.036560  221.499863   8.394492  0.430817  332.585297
394 -26.094437  -9.636005  178.286270  0.116740  3.232143      35.294464    589.281311  174.086731  10.292263  1.723278  368.299011
395 -19.910032   7.826310  147.645584  0.110471  1.504516      35.865952    474.692169  -74.303276   7.023437  0.347834  304.897705
396  -1.238283   3.193504  163.231964  0.134191  4.861175       6.032104    442.694733   -9.207478   6.563688  1.898959  399.278534
397 -10.164092 -10.881522  179.462006  0.193718  2.422562       6.107094    424.624634  123.628998   9.408927  0.443610  441.855316
398  -1.282579 -14.927453  171.118271  0.113208  4.456999      52.470020    774.012634  123.825317   8.703233  1.542282  265.823669
399 -20.562469  -7.531962  193.839828  0.102068  2.438754      29.229904    679.040100  226.761368   8.726466  1.480953  338.665894
400   4.455413  -3.021432  193.890121  0.131635  4.028867      32.628128    689.837280  242.170685   8.438902  1.824572  313.572968
401  -6.313065   1.442725  184.017456  0.109379  4.908429       7.540371    585.881165   59.481819   7.309905  1.377597  357.202942
402  -0.272750  11.701524  190.348709  0.132159  4.175786      16.748678    760.437805  170.536652   7.088385  1.765203  340.405060
403  -1.967404 -14.092734  191.780701  0.188317  2.191974      19.561907    630.595520  157.285690   9.644185  0.844701  335.965942
404  -8.424072 -18.512737  187.304138  0.169538  3.811149      26.226936    981.118530  209.480621   6.814103  1.454295  314.033264
405   8.158105   5.160664  151.955078  0.139139  4.596741       5.053319    422.693054  200.094986   7.669702  0.200166  363.423065
406  -7.464586  -6.541049  218.447372  0.141457  2.212043      29.184578    461.704987  245.301163   9.182930  0.693304  310.064362
407  -0.792135   7.370868  187.430542  0.178739  2.127327      42.765457    516.112915   94.381256  12.501741  1.147128  298.156433
408 -13.142446  -6.337075  145.045212  0.123762  3.333771      27.794437    632.859253  234.221115   6.560946  0.777884  306.092712
409  -7.107289   5.725341  179.244797  0.145005  4.890947      40.821407    721.380066   90.469482   6.482957  1.056466  276.862122
410  -8.884512 -18.136497  195.970001  0.153355  2.913513      22.059410    691.833557  202.851471   7.438655  0.765560  314.055328
411 -15.082979  -9.425223  176.416428  0.166019  2.178330      32.208954    656.048157  148.558594   7.794529  0.516339  276.536163
412 -22.648514  -1.334176  176.728943  0.123438  2.558177      24.242762    448.983795  242.796127   9.282119  0.238006  323.394775
413  -4.992443  15.317951  181.479401  0.195012  3.010208      42.417137    962.102722   27.984119   7.557738  1.336585  294.098633
414 -20.680746  -4.824937  186.097168  0.131318  1.504367      43.831768    444.057007  231.014450   7.415092  1.342614  339.538849
415  -1.180994  -6.094811  181.578232  0.108612  2.920569      41.413639    472.756378  135.360840   6.171453  1.302570  295.416809
416  -0.588351  11.809233  168.445450  0.163783  3.248050       9.039405    507.446594  245.025696   8.249118  1.341438  380.681793
417 -19.222748  -8.461349  184.695236  0.107636  4.976869       6.208577    964.036865  161.067383   7.079995  1.304871  375.024872
418  -1.312206  -4.896873  180.083694  0.104777  2.350317      25.327419    875.251343  156.388565   7.226869  1.155063  294.878540
419  11.267997  35.602634  173.716827  0.285587  4.970663       8.569828    434.838348  240.061417   7.891860  1.491628  340.389679
420  -7.282930   8.967955  180.761017  0.175816  2.304044      35.334415    683.600464  102.221573  10.818218  1.441927  323.960022
421  -4.322087   9.228932  174.994049  0.145672  4.923241       6.130287    609.300476   57.742542   8.382051  0.806948  343.315094
422   1.817489  -7.694650  181.266479  0.100887  1.863667      36.227444    638.686951  139.484375  10.350343  1.099906  297.401947
423 -18.253914 -22.794519  193.494568  0.188605  3.019437      51.391216    553.303650  227.806320   7.245616  1.112955  310.350372
424  -2.713368  21.112257  141.836273  0.154442  4.487594      36.909843    650.939209 -171.417679   5.643291  1.080973  298.398285
425  17.459063  12.834468  190.006149  0.119517  3.507522      52.899338    510.357056  174.574341   7.001781  0.505662  265.911713
426 -10.665659  -4.937537  179.722061  0.117127  3.616219      44.214298    596.686951  -58.932537   5.891771  1.520084  296.645905
427 -12.320790   7.948497  204.216263  0.166381  3.359594      15.140497    768.141052  175.160538   7.670470  1.631438  353.533600
428  -9.330050  -3.237881  186.938919  0.147349  1.800990      21.395641    468.649109   99.252495   7.665241  1.942739  355.664215
429 -15.760041  10.189111  163.336090  0.118926  4.227760      24.923466    547.384644  174.181229   9.814331  0.613725  317.358673
430  -8.678803  -8.027700  173.962616  0.100924  3.095890      15.734402    696.321594  234.912094   9.549273  1.770888  355.282928
431 -24.892178 -16.601368  180.684891  0.123679  4.237728      24.435911    477.098572  246.292603   8.030572  0.957248  383.257202
432  -9.480982   6.807517  172.212723  0.117313  3.362954      28.001812    527.023071  190.996292   8.602593  0.771080  317.093384
433  -2.102111  -1.272278  199.073135  0.127471  3.250665      30.901022    792.756042  156.612183   8.031790  1.210360  293.102356
434 -12.385525   9.452948  183.386139  0.192447  3.506559       7.569090    590.141907   38.878799   6.105490  1.163683  366.581818
435 -17.166866   2.646722  173.157135  0.110560  2.540076      20.011820    439.846375  111.838837   6.225019  1.748225  385.458588
436 -22.591576  -0.177190  155.716141  0.140605  1.914011      37.338776    694.035522    2.504102   7.147572  0.401439  272.800415
437  -1.735810  12.003074  172.209946  0.121103  4.509652      17.353577    707.642761  228.181839   7.523416  1.437434  341.774628
438   4.953847  12.026223  184.955292  0.123357  4.518384      32.995911    911.984619  216.263367   7.767910  1.683659  308.160889
439  -6.601019   6.283671  172.388290  0.121664  3.827846      31.000439    708.847351  143.142227   7.605217  0.818042  285.010986
440 -14.316171  16.179434  172.756363  0.153915  3.823908      30.649275    725.401794  218.783966   5.491313  1.644462  345.689880
441 -17.923990  -4.498670  164.786652  0.164534  2.013850      26.706432    467.229462   98.024971   8.725237  0.863180  350.812317
442 -24.187559 -15.592502  185.540573  0.110975  3.989103      59.946671    613.968872  157.333710   6.157275  0.699328  266.054718
443 -19.486685  -8.603415  193.511841  0.108504  2.582505      49.135654    654.137207  169.229584   6.855835  1.890056  310.422485
444  12.950534   3.517648  179.291275  0.141594  3.152764      14.957132    512.628906   58.442818   5.413251  0.898822  350.802277
445  -6.512288  -7.872122  182.477219  0.127429  1.467860      18.977068    509.788666  137.833252   6.812072  1.370466  372.967133
446 -11.980933  19.136398  184.463760  0.177245  4.991107      50.957897    440.995087  208.866867   6.943783  1.583740  286.185120
447 -13.382643  -7.501585  172.716766  0.123001  3.312227       6.418693    448.801178  193.982635   8.907639  0.934387  409.902222
448   8.407930  -1.089907  180.694626  0.127226  3.615571      45.802959    641.130493  249.176270   6.199784  1.863558  295.386505
449 -14.901245   3.076818  157.723114  0.113753  2.351268      27.082331    663.176086  192.150726   7.612429  1.286970  333.363464
450  -9.556592   7.513674  155.340485  0.148365  1.560678      41.734226    586.783508   52.051289   7.986970  1.254981  309.167267
451 -31.192415   4.960812  187.746338  0.166709  3.979804      15.785892    900.247864   88.764198   6.054815  1.067238  393.808716
452 -27.706709  20.560278  153.852646  0.103671  4.582756      40.720142    503.231110   65.997414   6.175332  1.496001  417.425354
453 -28.928907   1.502105  181.913696  0.115535  3.848308      12.330070    499.055634   76.975739   9.644447  0.323684  407.234802
454  -7.230942  10.196696  176.621597  0.142357  4.036529      11.941497    892.591858  195.827072   7.743696  1.771497  357.752136
455 -28.457182 -10.562198  171.400665  0.145288  4.500572      17.397678    565.038513  200.063004   6.796397  1.133385  395.061890
456   3.019612 -17.296368  172.016861  0.172001  2.746281      61.430840    652.869812  -45.453232   8.205081  1.270145  263.980499
457 -32.751842   7.418195  169.114105  0.128940  1.857356      20.811216    570.641418  122.535759   7.961135  1.832712  434.842499
458  22.052986   1.529907  171.941757  0.137094  2.100095      46.898167    432.599945   88.954727   9.279663  1.018899  343.050293
459 -18.388943 -10.667499  176.928879  0.173147  3.183966      21.892639    799.720093   83.504097   9.071141  1.462245  353.219849
460 -31.119307  -3.604463  168.601990  0.100434  2.924907      22.585848    888.054260  242.100876   9.433445  1.325486  394.817688
461 -20.917049  17.378128  147.029831  0.112277  4.051370      24.978720    452.104095  -91.936699   6.481473  0.213273  379.035522
462 -13.053322  -1.695420  174.934189  0.118221  3.687264      43.680172    576.132996   65.985580   7.781570  1.917613  307.722137
463   1.001030  16.813105  177.922592  0.215907  3.305382      11.920160    618.218872  -37.577736   7.937583  0.858491  326.685516
464   6.307761  12.441920  187.912598  0.176246  3.154471      56.761108    713.662292  249.063431   6.387652  1.614031  268.979950
465  13.852149   7.210346  167.008820  0.107709  4.699534       5.043493    761.920410  161.048782   7.214973  0.600669  319.052246
466  -5.965958  -8.633282  191.597443  0.119642  3.863085       9.233284    749.709534  180.632904   7.179214  1.047825  343.779999
467  11.802679  -7.710811  161.174332  0.131975  1.179603      15.668597    693.348145  143.870316   6.454607  0.891168  328.832245
468   0.369658   8.064984  162.357300  0.193418  2.561765      11.024753    574.935059   87.667473   9.163252  1.033331  358.487671
469 -17.792383   5.178460  156.790375  0.120358  1.958722      26.603212    841.521729  153.464111   7.122797  1.980866  353.920471
470  -5.525608  10.777646  167.256927  0.159431  3.308376       6.094012    916.137512  190.639252   7.387585  1.679216  357.033142
471  -6.914735   9.595491  164.423172  0.164832  2.010008      41.606464    415.128967  222.128693   8.232623  1.147774  334.995667
472 -17.015812 -13.964524  196.294266  0.105771  2.414436      66.599533    569.708496  113.989761   7.717288  1.494554  275.634796
473 -21.833349   4.949831  170.759766  0.103624  3.567922      27.797850    600.889954 -178.361145   7.540047  0.742681  336.159790
474  -0.624100   7.058211  150.746536  0.108009  4.954408      18.129675    628.151489   70.739960   8.915598  1.109693  336.375153
475 -13.951637 -29.274708  177.166245  0.247366  3.786218      43.905888    601.320557  222.032883   7.720912  1.491261  299.048218
476  20.204752  18.176662  163.106552  0.223357  3.873610      29.316042    602.531372  228.722504   9.489944  1.315638  335.169098
477 -21.067789  -2.667743  151.294052  0.122138  2.998085      10.697721    819.615662  100.179337   5.839561  1.718963  386.584473
478 -17.107883   0.951320  164.720551  0.122356  3.220509      43.660816    596.185608   -4.003523   6.102681  1.436330  302.478180
479 -15.105165  10.297414  152.158798  0.147715  2.125571      27.553679    911.265930  -74.053734   7.127984  1.067996  319.652039
480  -3.901658   9.116231  171.043671  0.167251  3.998490      33.510239    774.333435   62.002113  12.173475  1.923274  313.938904
481 -32.217163 -13.539246  170.592621  0.147425  4.012693      27.244900    487.856567  199.659439   8.311235  0.812169  410.092621
482 -12.733045  -9.388903  176.601807  0.108719  4.104918      21.855316    797.262878  170.426834   9.723691  1.047714  322.273560
483 -13.226185  13.845713  148.635651  0.132260  2.944436      35.268040    723.386902   28.064596   5.443045  1.399739  328.915344
484   4.236643   5.793594  156.573898  0.125336  3.252948      31.310198    651.441284  193.988708   7.437250  0.877457  295.365204
485  -9.542282  -8.726046  198.269775  0.150447  1.433280      17.585867    578.938232  141.637833   6.730138  1.327408  346.640015
486  -7.353100  -6.184799  169.288254  0.101913  1.987854      23.905947    535.436890  232.487289   7.651779  1.795721  353.659058
487 -12.876563 -20.041380  183.350693  0.122747  4.810021      31.439842    887.790222  173.969788   6.294157  1.206412  302.642456
488 -28.151035 -17.913231  171.571854  0.160454  4.154087      44.996689    968.483887  219.535980   8.648155  1.138094  322.787323
489 -13.912739  -7.301869  198.288605  0.115356  1.223097      18.162092    496.147247  163.574066   9.435203  0.457048  332.553741
490 -28.899540  -3.854143  176.400787  0.139800  1.107529      32.105007    837.341370  173.125092   5.992435  0.598230  322.720306
491  -1.032195  20.419397  213.282928  0.209515  3.455967      53.723190    488.451660   88.510635   6.862790  1.664717  289.556091
492  -4.825651   4.007667  159.609741  0.106338  2.786780      25.659149    964.491760   39.759983   6.410708  1.568863  317.638611
493 -18.425192   9.839687  179.761597  0.153626  4.322750      18.090075    805.015686   18.554415   5.265575  0.931166  327.765991
494 -26.498034  -6.473506  159.677567  0.117258  3.857571      16.793194    712.481201  174.689972   9.165093  0.922792  363.475861
495  -6.831629   6.257627  184.918549  0.191197  1.853706      37.073372    716.422119  170.409500   7.390274  0.854476  285.520416
496  28.710392   2.166650  175.370651  0.207790  1.202227      49.412281    454.496796  149.526428   6.938713  0.857064  388.986877
497 -15.915323  -1.988521  179.380722  0.137733  4.010930      24.436716    642.675476  234.797729   7.176214  0.849179  320.237823
498  -3.566898   6.061818  173.177872  0.140217  1.942126      19.894386    711.074524   55.853493   6.431023  1.906343  364.071259
499 -10.589839  -3.467526  157.043793  0.106821  3.999449      12.697826    698.552917  -76.400154   5.979754  1.462043  347.484192
500  -5.677359   0.681597  175.514725  0.131125  1.924254      57.869530    503.959198   87.418442   7.674080  1.999400  282.383698
501 -25.105820 -19.695992  177.372986  0.177390  3.448781      26.817734    560.592957  -40.606663   5.989187  1.567513  389.215027
502 -32.457123  -7.842147  170.032425  0.144340  2.597965      31.694906    873.293335  213.043320   7.748383  1.515297  405.086609
503  -6.381269   4.116547  168.798676  0.112395  3.281350      45.086918    454.566254  158.818024   5.451105  1.978944  307.343323
504 -29.247314   1.388769  168.284760  0.109011  1.379193       8.902206    947.869019  249.092224   8.770272  1.415666  418.039001
505 -13.017113  11.758564  162.404800  0.139828  2.300949      54.475052    620.715881   64.196106   6.400647  1.762992  308.191528
506  13.199339  10.422162  142.139694  0.145243  4.517858       6.985906    921.465759   59.315647   7.656773  1.205722  332.477295
507   0.933514  13.225702  211.486237  0.144671  3.845732      34.952076    702.966858  219.455948   7.377442  0.891854  283.849884
508  13.067573   4.408731  160.021576  0.135262  3.058398       6.613574    508.659119  119.990799   8.221784  0.550600  356.151031
509 -18.989477 -19.079765  192.961151  0.137146  3.789066      21.965624    548.188965  194.313660   6.356804  1.553611  385.257812
510 -10.370422   5.655721  177.167374  0.135610  3.601273      35.766884    873.416626  171.093506   8.875460  1.394849  304.455200
511 -20.994291 -12.446031  167.704910  0.152292  3.932537      21.698919    960.552429  113.676697   6.772293  1.543844  345.720184