            lon        lat         inc      D1AU     delta  launch radius  launch speed    t factor       B1AU     gamma         vsw
0    141.774277 -21.030399  115.638832  0.311311  1.112493      10.751675    732.491760 -201.863480  19.781334  3.920525   82.500175
1    142.810074 -12.055797  139.724548  0.342117  1.395596       8.525195   1317.377686 -172.707092  16.428688  3.830498   97.660362
2    139.903000 -18.323658  145.882233  0.342310  3.239773       8.629542   1029.590088 -182.364395   9.149924  2.911358   93.790504
3    135.615631 -18.636139  124.591515  0.346116  1.898180       8.287702   1160.516724 -244.670517  19.001694  3.327922   83.107811
4    134.782196  -9.028866  124.258484  0.302583  1.297520       9.224967   1054.697998 -190.775726  14.745514  3.716619   57.440586
5    136.140396 -10.684803  135.027176  0.329476  1.339241       9.519567    805.217957 -236.855728  17.351835  2.676605   55.140049
6    144.401566 -16.831186  146.354797  0.332512  2.328913      10.346871   1040.560791 -228.490891  10.032535  3.357163   72.853905
7    137.698547  -5.930187  129.969833  0.343678  1.291587       8.735650   1229.801514 -194.442169  18.469175  3.181845   57.432697
8    135.447968  -8.675715  123.467804  0.343434  1.314828       6.302987   1679.186523 -170.746109  17.831856  3.223662   96.842026
9    137.709381 -11.650445  123.746384  0.331559  1.190260       8.079183   1583.232788 -145.631668  12.119423  3.865852   95.020409
10   137.522308  -5.435985  127.088417  0.338179  1.239180       7.742429   1364.289551 -172.320282  18.212194  3.734583  108.823792
11   139.195648 -11.163449  118.137611  0.326294  2.055496       6.367546   1983.964233 -247.939056  12.814514  3.833718   89.851875
12   127.789009 -14.161979  134.525681  0.325001  2.907650       7.192997   1472.403809 -218.977692  15.019651  3.671405   61.106628
13   147.235519 -28.597221  127.223915  0.339735  1.913942       8.276893   1899.794678 -199.931366  12.080418  3.524136   55.702721
14   136.764893  -5.284431  128.552368  0.310654  1.454581       6.859634   1477.842407 -222.415833  21.379379  3.510756   54.965008
15   152.360458 -11.060001  140.945068  0.348652  2.044737       8.881764   1170.936890 -108.262550   9.249160  2.709969   77.373970
16   133.093338 -27.299129  138.260162  0.348028  3.879173       9.534463    849.177734 -208.325439   9.046725  3.606422   99.980011
17   141.248581 -19.325666  132.916794  0.343532  1.566242       7.480404   1858.982910 -164.779831  12.354777  3.682911   80.964127
18   139.180557  -6.263814  116.242661  0.327179  1.577685       7.794494   1598.864380 -182.735596  15.376400  3.947154   73.436234
19   138.650681  -4.709543  127.368813  0.344095  1.683928       6.541468   1918.526978 -169.589920  12.969711  3.637375  116.452255
20   137.290421  -8.002452  130.462296  0.340684  1.316794       7.242489   1893.758789 -138.187653  13.502725  3.269886   54.171291
21   134.076050  -2.954266  111.204468  0.338585  1.235708       8.190239   1101.302124 -165.944244  17.329247  3.553779  120.781425
22   138.269440 -10.078674  118.498528  0.324648  1.083780       8.229098   1086.818726 -221.621201  22.146517  2.998947   53.652084
23   133.117050 -24.040369  123.193420  0.336492  2.452568       7.712248   1239.251465 -196.711334  11.803316  3.404477   80.146797
24   133.681305  -3.986087  126.757034  0.344836  1.043890      10.234069    811.336304 -122.080231  15.566605  3.862225   59.517277
25   139.147003 -14.413305  116.962326  0.347799  1.334473       6.471279   1729.355225 -237.453308  23.926283  3.380279  117.701126
26   139.307312 -19.334888  122.976898  0.338905  2.042737       6.879538   1988.922241 -211.906128  17.914839  3.898838   88.343605
27   138.006470  -9.946984  129.541122  0.333165  1.149178       6.927768   1806.111084 -110.678474  12.457573  3.708195   62.815926
28   136.109009 -10.152465  115.662575  0.335608  1.028381       7.639787   1429.727661 -190.875122  17.917158  3.422256   53.865215
29   131.827576  -7.089684  114.325218  0.328250  1.527286       8.687501    917.904541 -212.725403  20.547424  3.229958   57.684128
30   135.778564  -1.136906  118.505409  0.291998  1.218526       9.616126    868.649170 -248.890259  22.014786  3.815475   52.482018
31   138.863800 -14.027209  120.666634  0.298707  1.432859      10.139246    817.622925 -217.502457  17.634146  3.793661   67.520584
32   137.205139 -19.267784  137.399109  0.339339  2.564592       8.312874   1461.484131 -248.379639  17.759068  3.812941  105.346268
33   145.224091 -17.422686  126.573357  0.316338  1.487844       9.981995    911.462891 -236.319687  19.202141  3.237384   57.693459
34   131.592041   3.750568  125.333832  0.347795  1.154929       8.346043   1331.088989 -160.669174  18.558329  3.533452   80.285233
35   136.884064 -16.872185  106.342537  0.346790  1.168266       7.527531   1248.687256 -211.680893  17.996538  2.969563   84.819061
36   135.815826 -15.683381  109.507103  0.342852  1.490305       5.482258   1969.887085 -214.591141  20.080936  2.959110   52.092731
37   138.180557 -12.006794  128.859268  0.348664  1.410431       7.517821   1743.961426 -199.222260  17.649094  2.977756   58.613583
38   131.252609 -26.758408  141.898132  0.348564  3.868200       7.854439   1900.898682 -221.354309  13.356975  3.818335   53.038612
39   136.729263 -19.825836  136.000031  0.337098  1.820987       6.994789   1653.442627 -165.143509  15.767441  3.897400   96.327232
40   139.647903 -23.203400  125.627541  0.327115  1.916818       9.471864    943.252625 -213.490005  15.663903  3.520069   79.664017
41   135.304230  -1.433781  126.112984  0.336768  1.008176      10.151911    795.358032  -94.673065  12.871115  3.458165   93.406212
42   140.187164 -16.549297  127.950623  0.341073  1.598169       7.725909   1771.094971 -160.728989  15.799426  3.443257   91.615250
43   145.017685  -9.785632  136.321884  0.335651  1.918843       7.348078   1971.442017 -231.647308  10.985890  2.859428   50.424679
44   135.253098 -17.025410  144.159637  0.323353  1.918070       8.455021   1189.012207 -181.112503  15.861274  3.511301   63.453209
45   137.774261 -24.280540  136.072708  0.345034  2.646289       6.518404   1920.156006 -242.290085  17.366013  3.427548   61.785217
46   135.414810 -23.610563  133.344894  0.330950  3.126584       9.188465   1093.914062 -220.994415  13.075574  3.431633   75.334633
47   137.295609 -15.818762  138.182678  0.333129  2.011676       7.623478   1696.958496 -160.253693  12.248794  3.739762   78.703621
48   132.681992 -23.994349  138.160187  0.337316  3.301103       8.026849   1189.592163 -146.372757   9.401062  3.977679   90.063622
49   135.621918 -28.121925  130.826904  0.346536  2.946355       6.692497   1938.056396 -216.404327  14.965765  3.818395   97.076530
50   141.527206 -10.091498  131.293625  0.336384  1.490744       8.065998   1773.414551 -149.520248  14.210131  3.441593   72.541817
51   134.685486 -16.117434  123.117134  0.344593  1.278258       5.256023   1793.210693  -74.944153  10.896444  2.904988   56.781918
52   124.572411 -23.373550  142.342987  0.342908  3.933280       7.280212   1443.625244 -239.647522  10.626822  3.831487   89.342499
53   134.705933   8.967158  132.076355  0.330884  1.693672       7.156574   1438.261353 -205.657867  18.434597  3.973912  157.835129
54   128.780609 -24.875164  131.724670  0.349432  3.573747       7.608993   1593.317505 -239.070053  13.252542  3.646387   79.056358
55   139.964417  -9.267356  134.288239  0.333997  1.747631       8.053642   1321.477783 -204.208435  14.387930  3.647415  115.180885
56   135.231430 -10.553346  119.469032  0.331042  1.067323       8.123029   1311.024292 -171.506332  22.079424  3.729709   84.485970
57   135.453735 -11.058683  114.806152  0.344844  1.257025       8.760978   1247.349121 -169.066223  15.990968  3.671239   64.974396
58   135.291550 -23.175510  127.198654  0.348739  2.063499       7.063035   1555.533691 -159.698563  14.488724  3.615055  115.120461
59   133.457886 -13.398623  102.791092  0.341229  1.166338       9.265130    777.696960 -241.033813  24.060116  2.491541   79.708771
60   134.075256  -8.593225  121.722359  0.348116  1.226675       7.015331   1583.316162 -120.351822  12.973933  3.378780   79.224281
61   136.466492 -10.342227  119.708015  0.343077  1.148952       8.774175   1129.464233 -159.725937  18.083807  3.820697  101.770287
62   135.127472 -23.575397  134.063538  0.339624  3.025446       5.786168   1903.674438 -246.999146  17.268995  3.343892   81.717766
63   137.759506  -1.845903  127.854881  0.347432  1.390464       8.039063    996.111938 -178.127289  16.120644  2.308852   54.786312
64   134.747299 -14.072412  112.938568  0.325376  1.395075       6.407088   1501.302734 -214.685822  20.586504  2.749471   60.365486
65   132.346924   2.455576  120.291435  0.314541  1.540145       7.505113   1475.230713 -235.489334  20.119392  3.473761   96.029747
66   144.090836 -24.957636  117.714226  0.345788  1.329339       8.857774   1349.865356 -199.567047  14.008241  2.662570   53.345860
67   125.375748 -26.432486  136.736435  0.332766  3.000986       8.219453    973.528687 -212.731125  13.477883  3.581234   75.191528
68   136.041428  -9.012688  119.683311  0.335642  1.078387       6.137611   1615.093506 -106.743050  12.370687  2.957209   67.092918
69   139.554764  -5.803603  140.275726  0.337372  1.817220       7.551411   1667.853149 -190.128113  12.441717  3.348780   62.806736
70   134.684967 -30.034311  140.697906  0.339431  3.252603       9.516329   1005.550171 -215.593781  10.814244  3.378972   58.039013
71   130.762039 -24.788155  128.492004  0.339533  3.211570       9.359628    959.025391 -235.722458  15.447262  3.609545   61.661812
72   131.691223 -18.506783  141.756119  0.339905  2.956857       8.352271   1180.991455 -203.554733  11.758294  3.441130   55.338711
73   126.365105 -19.719334  135.971954  0.337709  2.913807       7.234931   1818.566162 -238.554565  11.162252  3.555476   51.780895
74   133.572647  -5.376345  128.049164  0.333568  3.048257       8.239500    935.342041 -206.885361  13.796835  3.082057  108.048531
75   130.181198  -8.182840  140.265244  0.315977  2.369025       7.502307   1663.947510 -220.748550  13.432155  3.974102   82.667648
76   129.891754 -15.790420  122.454124  0.341221  1.996860       9.372786    780.953247 -226.688339  16.313633  3.938139   74.545937
77   131.949356 -21.594324  122.648560  0.349581  1.582594       7.298779   1562.479736 -220.198364  17.947102  3.521001   84.610893
78   141.203125 -18.468803  124.877747  0.325456  1.218554       9.169198   1213.177979 -206.535004  17.811810  3.403949   54.639095
79   134.581161 -18.671009  114.052681  0.345455  2.328985       8.376067    832.556091 -198.312164  11.806762  3.071520  101.568848
80   141.561066 -15.787560  112.577339  0.348685  1.273402       7.468495   1323.103882 -189.923431  21.927334  3.130625  131.078445
81   136.897720 -21.703199  134.794250  0.339550  2.465275       6.557097   1649.500244 -197.402405  13.496526  3.233200   54.728954
82   139.025513 -18.366314  110.427170  0.326433  1.103732       9.007691   1597.264038 -104.492126  12.541188  3.493883   54.358322
83   144.567490 -17.996534  129.115860  0.344894  1.113276       9.917327    995.479858 -194.277359  21.326773  3.854212   82.200531
84   134.547379  -4.286797  116.495804  0.316927  1.305332       8.476590    999.094482 -214.592972  19.629961  3.146049   82.904266
85   134.493378 -13.788883  137.500641  0.343819  2.815000       8.818362   1375.584351 -233.669586  14.287381  3.519730   64.510498
86   138.904236  -7.997299  124.261543  0.339416  1.279466       8.917594    901.016174 -177.939133  15.607367  2.484612   50.560139
87   136.219284 -19.280781  125.144417  0.342005  1.675981       8.259987   1678.243042 -216.880661  17.612240  3.973207   55.321045
88   132.207352  -4.481609  129.530212  0.294104  1.241719       9.901861    817.517822 -192.456070  11.788203  3.460706   50.786205
89   126.204521 -15.449923  126.561378  0.344069  1.878080       6.979611   1891.128662 -135.900894  12.131177  3.969606   89.844528
90   134.785263  -3.634218  116.063873  0.349449  1.009030       9.208944    908.901001 -178.750107  21.825953  3.185477   76.643150
91   139.941620 -16.995726  116.061943  0.344274  1.280065       8.581203   1008.416138 -155.643570  18.438932  3.664564  118.729385
92   138.274429 -24.684710  143.912827  0.347068  2.496827       9.336166   1175.646118 -235.175003  16.317924  3.484548   95.546959
93   128.829147   3.602326  133.942596  0.319287  1.047830       8.520517   1307.184692 -164.108215  14.548367  3.687362   79.151955
94   133.756180 -12.831596  117.332413  0.323631  1.230169       8.717654    841.442749 -138.250183  14.536182  3.214813   61.262901
95   139.486389 -14.100239  124.924828  0.323787  1.310461       6.116041   1519.082520 -139.522202  18.246935  2.942718   70.198204
96   139.332504  -6.461667  124.896805  0.322896  1.703908       8.897479    871.664978 -194.057755  15.354900  3.416944   92.267578
97   128.927338 -10.535552  117.979156  0.347810  1.699455       8.602486    928.978455 -220.343033  17.968046  3.432245   80.487740
98   134.448288 -12.745438  129.163528  0.330513  2.422488       7.901197    964.146423 -185.502274  12.677584  3.152103  102.679741
99   136.111771 -18.556084  111.782860  0.337726  1.360753       9.329693   1285.699829 -193.883362  19.289196  3.837513   51.293575
100  137.826691 -21.254860  120.799141  0.341522  1.407327       7.790026   1703.073364 -230.722717  21.935963  3.937477   67.732346
101  142.545364 -12.248473  135.718414  0.334992  1.071098       8.645269   1323.630615 -199.876862  18.970545  3.158561   90.860817
102  129.054413   0.319990  106.587379  0.318529  1.912116       6.105831   1706.108521 -204.031128  16.712971  3.875962   82.439278
103  130.909088   2.061615  120.998795  0.306221  1.346950       5.831003   1553.664429 -245.209549  20.497604  3.192378   99.015617
104  138.723877 -18.323885  130.185715  0.317993  2.483780       5.940283   1814.620117 -247.488068  14.929189  3.041945   70.360695
105  138.128128 -19.255241  107.606453  0.335794  1.127016       8.176887   1393.362305 -186.829437  19.832369  3.279860   67.390854
106  141.258667 -12.788449  129.017914  0.331272  1.491939       8.022003   1703.269653 -201.523224  18.892073  3.315063   79.805855
107  134.598633  -4.819544  124.979858  0.337545  1.181293       8.187108   1722.292969 -184.786942  16.946115  3.949749   59.555386
108  138.798035 -23.204771  125.181480  0.332368  2.325119       8.856256    929.608948 -197.215469  16.959326  3.310350   58.264492
109  140.156296 -12.556932  128.887085  0.308036  1.339749       7.302601   1352.056641 -125.913704  11.674029  3.798872  102.767159
110  137.376511  -9.218892  122.102524  0.318446  1.194332       8.539312   1425.058228 -220.812531  18.681065  3.524559   62.357014
111  134.038666  -5.584501  112.210999  0.327645  1.464189       8.397083    889.002625 -159.657150  15.272268  3.080558   65.329033
112  136.722183  -9.157717  128.728378  0.334375  1.063645       6.563991   1636.143311 -193.877106  18.105131  2.710623   77.398552
113  127.266365 -28.152809  123.459793  0.346011  3.427142       7.960120   1658.055420 -210.376923  13.260731  3.959687   56.091228
114  139.476700 -11.890004  110.058334  0.349070  1.178254       9.826634   1113.973511 -167.304474  19.777241  3.989788   83.502975
115  131.397980  -3.648155  132.839447  0.345602  1.344128       6.271600   1727.473877 -231.749893  19.626368  2.595526   66.944260
116  143.880142 -13.999825  121.975235  0.296836  1.166248       8.787992   1317.454834 -158.112808  19.890472  3.794313   53.357040
117  133.607529  -6.122319  136.193298  0.330037  1.336045       9.374395    922.865356 -184.620911  17.037498  2.831473   56.456623
118  136.288864  -4.151867  133.391083  0.301250  1.211499       7.442309   1084.292725 -133.571823  15.770641  2.362152   52.195171
119  138.889740 -17.106192  122.305313  0.334263  1.396965       7.082424   1277.585815 -158.369720  19.668404  3.251699   93.597511
120  135.820190  -9.325856  117.377579  0.337207  1.281230       7.599324   1279.307739 -229.528946  20.595427  2.842825   74.194145
121  137.792496 -12.195215  125.421707  0.344023  1.451701       7.982807   1362.615845 -210.078598  16.137775  2.895638   65.895142
122  144.767014 -13.273360  127.166641  0.343924  1.652738       8.376472   1603.176758 -223.336624  12.845244  3.431105   83.139473
123  136.375671  -7.282643  131.514740  0.342361  1.020053       8.113292   1726.931641 -172.816269  15.594080  3.517538   61.113632
124  135.994446  -8.352717  128.204437  0.349088  1.039181       6.341433   1819.424438 -219.786240  21.318813  3.241527   72.121132
125  138.142944  -8.309224  109.141754  0.336407  1.030240       9.268508    827.455383 -240.663025  24.535868  3.858884  118.191933
126  138.544998  -9.693615  124.690361  0.320359  1.107120       8.784686   1228.463013 -216.765701  21.590361  3.157788   67.423416
127  137.463043  -7.563972  131.073868  0.323040  1.160278       7.794352   1076.465088 -157.802338  11.240806  3.318448  112.035042
128  134.825882  -7.071172  125.099693  0.330056  1.381207       5.229646   1514.719971 -191.975677  18.093260  3.226832  110.510727
129  128.367722   3.846166  132.128387  0.315239  1.060557       8.710961   1213.506348 -184.854813  17.688673  3.909971   67.372139
130  140.870758 -14.143402  137.951767  0.336780  2.375991       8.125566    875.726379 -202.238739  12.486808  1.912620   61.682354
131  133.596207 -17.012192  128.874954  0.343928  3.737514       6.632940   1058.788696 -200.790482  11.365017  2.955269  147.814392
132  132.819824 -12.958278  133.440170  0.324869  2.368866       8.187352    910.234436 -166.969864  13.068468  3.463549  110.902206
133  131.368073   8.488304  123.057701  0.318231  1.514622       9.802333    801.718506 -231.180222  18.766056  3.509047   62.084309
134  129.368713  -0.783999  129.601837  0.336861  2.154129       8.729376    858.129089 -179.186951  10.701451  3.920238  158.616196
135  139.185471 -19.836220  142.284958  0.346157  2.757516       8.307584   1264.281128 -196.673874  10.963087  2.680120   68.073402
136  131.469162 -17.507282  140.909897  0.338613  3.271803       8.340096   1036.044800 -242.957047  15.992105  3.386592  113.009491
137  136.928406 -17.238470  132.334579  0.328055  1.807353       7.881968   1201.509277 -214.417664  18.087688  3.515465   68.471786
138  139.060104 -16.543413  115.627083  0.345921  1.288740       6.390673   1914.819580 -157.346436  15.672370  3.662032   74.908440
139  131.535278 -11.475403  129.981186  0.318617  1.499461       8.012007    969.952454 -160.510269  17.225590  3.676554   95.024040
140  140.360840  -5.866912  127.598053  0.340428  1.192095       7.921039   1756.792969 -208.563583  21.467424  3.791089  107.393494
141  133.348404  -1.592689  125.582901  0.320002  1.038701       7.754147    952.838257 -198.106659  21.937437  2.718324   66.678734
142  134.033051 -17.541746  119.372643  0.327250  1.349744       8.450223   1361.122192 -147.565170  16.649910  3.880304   76.782097
143  145.538940 -24.554039  123.322945  0.344086  1.099063      10.639629   1386.389648 -176.297302  15.804261  3.448133   59.269913
144  138.135086  -8.079160  129.068466  0.317228  1.563314       6.240841   1909.197266 -192.965561  17.484224  2.938520   61.699276
145  129.412994 -28.161314  108.701385  0.346300  2.058322      10.212652    769.596252 -227.055054  13.033366  3.656296   63.942150
146  135.674240  -5.824528  118.736961  0.319416  1.951128       8.447935    864.590332 -196.074402  13.880178  3.367731   90.597984
147  136.418884  -7.760882  124.400307  0.349979  1.208831       6.778275   1768.435181 -222.749100  22.508116  2.922843   61.217506
148  135.765472  -7.243465  115.544510  0.347643  1.127684       8.697433   1300.818604 -236.580734  22.172989  3.964151   75.050385
149  140.233185 -14.552323  128.902924  0.342951  1.214585       9.644930   1300.049927 -239.502899  19.034815  3.636873   54.755978
150  132.828186  -2.098300  127.023117  0.348328  1.079314       9.063671    773.796021 -156.239914  18.962400  2.835917   80.993668
151  138.192612 -18.560127  115.119423  0.316285  1.377199       8.353301   1293.826904 -237.896484  23.416136  3.429256   50.060852
152  131.071213 -20.760729  138.100922  0.336602  3.446416       7.104163   1133.879272 -212.654602  11.211002  2.705735   91.898888
153  118.758118 -17.361216  120.956955  0.331880  2.937033       7.450532   1421.279663 -246.022888  13.690742  3.957725   74.064491
154  128.843475 -15.008991  144.477936  0.328558  3.299392       8.861154   1166.285645 -244.328308  12.439932  3.798720   57.085789
155  139.011597 -11.367711  122.568909  0.342309  1.389254       9.133494   1061.547241 -197.784683  15.618036  3.595786   58.616676
156  134.661041 -10.009770  120.369148  0.336449  1.159390       8.233278   1151.356445 -199.536392  20.877565  3.280278   58.296112
157  132.828964 -12.910260  134.760605  0.295883  3.023518       7.397478   1285.547974 -212.275101  13.326349  3.976332   74.365471
158  131.713409 -21.320055  138.692169  0.307498  3.257169       8.070938   1301.488770 -223.843796  12.879659  3.976044   70.661095
159  131.160339 -11.254172  102.590454  0.347705  1.192332       7.462126   1495.524292 -216.536240  21.048058  3.401469   65.853081
160  126.404572 -27.361761  125.237633  0.343436  3.390530       7.391021   1345.363403 -213.544083  11.673048  3.597812   84.934189
161  134.587204  -6.512458  118.769722  0.338663  1.474955       8.139612   1492.397461 -210.733475  18.787689  3.612701   55.257759
162  131.886871  -9.807307  128.661850  0.323085  1.489121       8.579226   1244.124268 -178.004623  14.895920  3.953226   56.293839
163  133.125763 -13.077650  139.417419  0.284690  3.548119       7.284677   1359.440674 -236.256805   9.228734  3.935170   58.549980
164  135.832779 -12.627471  110.062019  0.327842  1.557574       6.883880   1093.885254 -155.575195  15.839950  2.404042   76.976242
165  131.543732 -11.722887  127.596550  0.347084  1.730107       6.998400   1742.072998 -248.611801  18.594490  3.519782   53.471375
166  137.865051  -7.215686  122.894180  0.338052  1.451216       8.668165   1093.047852 -207.408020  17.218374  3.732883   80.081123
167  137.133423  -2.553162  126.931198  0.318661  1.883894       7.145422   1961.118530 -221.560394  15.464280  3.854275  107.151718
168  138.993896 -24.446865  133.819412  0.341010  1.865510       8.088737   1587.744873 -228.651230  17.409908  3.163355   58.639652
169  137.677261 -14.307971  140.418686  0.305501  1.446564       8.319645   1172.810059 -141.770966  15.343672  3.323375   61.266655
170  133.719208 -23.317675  151.998245  0.344501  3.833651       6.080663   1880.321655 -235.197372  10.406713  3.497010  121.982269
171  129.851715   2.115141  122.226219  0.345136  1.310359       7.749405   1214.007812 -184.794754  20.510120  2.962578   61.603863
172  136.706268  -6.774135  107.613739  0.299855  1.342445       8.008636   1428.924316 -245.358582  18.353096  3.606753   76.297585
173  137.412704 -10.707836  112.504013  0.328057  1.103546       8.603880   1394.687744 -233.932037  21.529478  3.792932   53.374928
174  132.683594  -3.679952  123.234100  0.310048  1.313235       6.987302   1318.631104 -146.844040  17.743954  3.753361  104.890724
175  137.381638  -3.094871  118.921722  0.343579  1.289753       9.249387    886.120056 -238.526855  18.072651  3.619167   74.500298
176  136.546494  -9.327001  110.206367  0.340486  1.137042       9.563393    826.334290 -166.452026  19.714222  3.002404   61.133507
177  130.392517 -20.959101  127.990173  0.340851  3.053249       5.802635   1886.576172 -227.694870  13.244882  3.925649  101.224869
178  142.592194 -14.034140  141.812698  0.348225  2.366544       7.326471   1467.286011 -146.084198  11.967429  3.108686  108.165794
179  133.821198 -10.307021  100.967247  0.330552  1.030900       8.045386   1332.096802 -229.048798  25.421524  3.750343   68.601631
180  132.966873 -26.804535  116.353966  0.346529  2.295438       9.783867   1038.884521 -191.727051  10.130701  3.977427   94.054985
181  142.595230 -27.590620  138.722397  0.343645  2.717018       9.509136   1605.412964 -218.462830  11.939428  3.861054   52.047935
182  136.814529 -20.766218  136.866760  0.329668  2.655315       7.591598   1677.494385 -230.480988  16.837362  3.839771   68.087463
183  135.679611  -3.713758  117.238434  0.301659  1.128968       9.570938    805.777588 -117.808975  12.270881  3.104065   68.959015
184  136.211761 -16.146772  134.742462  0.347789  2.646286       6.887522   1321.003906 -196.755814  12.955667  2.821954   55.346859
185  137.835281 -12.566588  129.058914  0.345474  1.386071       9.052898    731.857300 -163.434647  18.016682  3.193520  136.467789
186  139.028671 -14.549361  125.421219  0.348970  1.140664       8.291946   1701.915039 -205.541977  18.199860  3.821757   74.199295
187  134.338013  -5.455373  120.703812  0.343060  1.099397       8.993428    850.386353 -137.541336  18.123100  3.398219   72.520355
188  137.812042 -18.731752  129.399246  0.338847  2.319682       7.320850   1492.160278 -194.497391  11.784102  3.035383   61.405666
189  137.789841 -11.178755  123.048088  0.314968  1.199016      10.178603    701.508301 -151.155472  19.203979  3.444671   84.796928
190  129.089722   0.847885  114.916367  0.348669  1.154108       8.431294   1143.667480 -190.960052  17.702860  3.657629   75.491013
191  137.842392 -26.535580  132.769653  0.343255  2.353036       8.235522   1659.500488 -188.767456  11.765254  3.874458   65.596031
192  141.708099 -12.854388  126.723114  0.313095  1.288936       8.303182   1530.526489 -179.234268  18.995659  3.975007   54.154621
193  144.365219 -18.924801  134.939713  0.318482  1.498269       8.159885   1910.833252 -239.131241  17.319906  3.435412   53.537907
194  127.662598 -29.369715  137.399124  0.344809  3.430788       9.373647    994.387756 -249.464539  12.221154  3.497925   53.476959
195  140.620316 -29.652224  147.481277  0.343799  2.912509       9.097899   1217.989258 -203.986115  12.194320  3.530727   50.469929
196  138.068848  -8.697702  130.021881  0.331751  1.314916      10.623070    723.172485 -215.241974  21.100779  3.306970   51.499790
197  145.651230 -20.884071  142.783752  0.346357  2.280869      10.950729   1029.703247 -124.973366  10.614956  3.941362   97.101471
198  136.790466 -11.497784  129.889877  0.333756  1.016343       8.563552    997.290100 -179.859451  17.575336  2.307702   52.193920
199  131.993881  -1.504928  130.660568  0.321997  2.063268       6.967280   1170.867798 -197.249298  14.161940  2.704068   59.339588
200  131.004074   6.427354  126.257736  0.341668  1.000928       9.701588    727.045898 -135.449020  16.359238  3.404164   73.935104
201  141.012054 -14.569711  119.904526  0.341957  1.122211       6.227549   1765.865234 -215.292236  21.058533  3.361812  117.024788
202  139.812546 -14.836516  125.237930  0.334712  2.275257       8.863644   1399.831177 -200.584564  13.141072  3.575234   95.150978
203  130.435593   0.704266  126.166336  0.340900  1.165851       8.858009    806.848755 -199.901016  17.754698  3.227083   64.552254
204  136.245941 -11.017521  121.953339  0.333170  1.288807       8.291097    923.055542 -219.668488  20.954443  3.663827  107.056290
205  133.801727  -1.738259  134.421677  0.305661  1.499269       8.600636   1434.656860 -185.335022  15.111720  3.884513   66.663383
206  125.940254 -27.648394  131.376587  0.341994  3.570709       5.402637   1944.868774 -201.694809  13.001103  3.122944   51.688168
207  130.097412   5.458561  134.963791  0.323122  1.431628       8.515287    978.506226 -214.738403  19.231485  3.539536  107.232376
208  143.313431 -10.805223  139.103500  0.344479  1.158612       8.139168   1447.437744 -136.476334  12.266393  3.295832   51.699162
209  130.633698 -18.113968  131.677277  0.326350  2.663534       7.733081    962.312561 -210.286713  16.328800  2.561178   68.054878
210  133.072678   0.331080  123.149811  0.320995  1.060860       6.680561   1690.726196 -149.897980  17.682226  3.879106   61.654583
211  133.090240 -12.320445  111.818626  0.308153  1.804456       8.456764   1005.048767 -201.374756  19.736113  3.873265   78.412079
212  130.443192 -17.204111  139.504593  0.323744  2.643105       5.872387   1294.172729 -207.344360  15.603223  2.691191   55.935993
213  134.123352  -4.794218  140.172531  0.336876  1.818972       8.046204    926.765381 -192.342880  14.226474  3.511624  120.714111
214  137.802567 -11.598116  130.385010  0.339631  2.001835       7.140625   1222.962769 -208.439758  15.131765  2.582930   76.119774
215  136.248383 -22.371355  147.140915  0.348738  3.078027       8.126114   1515.084839 -156.434586   9.833772  3.781257   57.159702
216  146.267929 -20.068174  139.033554  0.349554  1.556111       8.791306   1859.491333 -156.849945  12.968560  3.652381   50.041580
217  138.283463 -14.214409  124.472443  0.332579  2.122734      10.753157    804.923584 -237.414886  15.563273  3.539802   56.537678
218  127.753922  -0.310917  139.301422  0.319501  1.613302       7.378949   1752.220947 -204.770035  13.845678  3.823031   92.844048
219  132.228485 -19.396734  139.762817  0.344187  2.693417       8.188464   1151.573242 -177.228394  12.939821  3.337371   74.367661
220  144.956345 -16.709801  129.991043  0.346022  1.308757       9.881811    939.846130 -157.971710  13.399066  2.659576   51.945465
221  140.314453  -4.343807  115.827927  0.335367  1.600453       7.708496   1449.598511 -232.685654  15.982411  3.686885   85.974670
222  138.754135  -6.769399  136.292236  0.326674  1.178909       9.493256    967.333923 -202.912613  16.719048  3.109381   79.493279
223  132.776794 -19.673904  122.892372  0.336424  2.546806       6.862467   1678.676758 -210.062164  15.829577  3.511011   63.626209
224  132.123016 -17.047012  126.406075  0.335050  2.551788       9.371712    932.487793 -230.229431  20.157427  3.812688   57.963879
225  137.474152  -7.370892  125.464432  0.348083  1.089783       8.339120   1190.319092 -200.126602  15.532285  3.404357   98.417549
226  140.209030 -22.997440  139.518417  0.339797  3.272008       8.923641   1419.362915 -210.722977  12.495914  3.783546   85.030045
227  141.197159 -19.509655  126.599518  0.313577  2.843161       9.232582   1336.937500 -246.163223  14.318433  3.772967   69.391731
228  136.708145 -14.053896  131.431549  0.343315  2.384414       8.607591   1017.444214 -230.267731  16.049505  3.493811   55.111061
229  136.786621 -20.952044  130.850494  0.318097  1.849164       8.244051   1673.101929 -190.223755  13.021034  3.951811   56.390465
230  141.876541  -5.384561  125.961632  0.325181  1.080481       5.725472   1825.250488 -129.768631  18.161776  3.351753   97.453110
231  138.272125 -25.814631  135.118042  0.349650  3.203543      10.456711   1174.023193 -236.215897   9.775584  3.740866   73.464722
232  138.806015 -20.871149  153.502716  0.332415  3.472816       8.374846   1601.728882 -199.117035   9.341005  3.297364   54.388752
233  131.882431   6.711444  129.773788  0.284978  1.265556       9.452171    949.995178 -232.915634  20.615414  3.588487   57.223610
234  133.680588  -7.084714  137.505692  0.335715  2.644767       6.399439   1979.132812 -170.727188  10.164023  3.632338   92.132477
235  137.024460  -4.396115  127.533829  0.324942  1.249464       7.973360   1573.205688 -174.178635  16.571388  3.822135   52.833847
236  129.854080  -1.658403  132.322449  0.311928  1.109146       7.477686   1413.450806 -198.175995  18.568703  3.657843   50.629917
237  132.794357 -17.220152  112.579750  0.324221  1.800370       7.352878   1469.530518 -230.915085  16.785353  2.984017   52.986820
238  130.566391 -20.208912  129.417648  0.337610  2.667087       6.463067   1144.569336 -201.136520  15.182894  2.963176  108.352638
239  137.361099 -10.645478  118.068344  0.312719  1.215565       6.053060   1400.385132 -169.015671  19.108198  2.971394   73.222374
240  143.314728 -19.616474  121.384735  0.335584  1.481467       7.611152   1608.034424 -157.279144  14.967501  3.322018   59.058735
241  133.714249  -0.360146  123.978447  0.337940  1.200847       7.121982   1276.530762 -188.216476  18.467861  2.645981   67.791443
242  136.766815  -7.539498  117.696266  0.337594  1.017003       8.474698   1058.157837 -116.057671  18.943850  3.597314   93.443855
243  126.448830 -20.322769  123.835709  0.344454  2.397216       5.918710   1809.635010 -179.746414  15.140500  3.148007   69.856606
244  136.286835  -6.888402  116.795395  0.344638  1.110349       8.547534    811.188354 -188.232941  20.200790  2.602979   59.327377
245  135.183914   3.473209  119.625557  0.305938  1.648379       6.543103   1566.823486 -219.551651  18.556299  3.522738   86.499054
246  145.138641 -11.594166  141.939728  0.320099  1.155974       8.047877   1571.357544 -161.820663  18.498543  3.587815   54.441849
247  135.939285  -1.717070  127.117561  0.332950  1.263472       6.082958   1653.987549 -153.797073  16.340164  3.822995  153.606262
248  136.821442  -6.362349  121.002243  0.349196  1.294854       8.240883   1621.261719 -227.694931  17.243628  3.931465   53.180531
249  132.031433  -5.053877  126.351364  0.349787  1.269176       7.331733   1314.497192 -228.161163  21.615635  3.897153   79.744690
250  129.993683 -30.020697  137.017639  0.340139  3.513285       8.105853   1219.972412 -241.871979  14.433192  3.828890   61.653988
251  134.969360  -5.513728  124.612701  0.328259  1.132883      10.258271    757.234009 -241.783478  19.633202  3.426891   60.173420
252  140.539993 -14.586325  125.307137  0.338502  1.437191       9.066612   1373.500366 -179.498489  15.665086  3.414330   53.941269
253  137.464478  -8.866149  120.512489  0.327825  1.335550       7.044665   1872.353271 -189.267654  19.714165  3.808771   84.880928
254  136.760849 -24.196083  123.353630  0.345199  1.933419       8.481451   1600.942261 -208.071777  14.469831  3.935277   53.125847
255  136.301941  -5.101315  134.659531  0.339872  1.584375       7.934086   1514.175415 -227.276077  18.606443  3.981705   61.118107
256  140.647629 -22.965895  130.065155  0.346050  1.858043       7.326391   1630.804688 -115.319275  13.010580  3.401918   64.914360
257  138.713745 -14.423288  115.845589  0.335486  1.366181       8.847757   1279.803101 -239.289871  19.691795  3.072441   61.850430
258  135.064148  -6.371512  108.778328  0.330048  1.127044       7.269512   1518.445923 -214.523773  22.059996  3.327097   69.515396
259  135.877014  -0.774358  124.101189  0.323472  1.047570       8.486379    963.401978 -185.645538  21.599913  3.026018   53.930767
260  135.304108 -11.414798  130.436356  0.297629  1.349113       9.627491    792.568726 -215.429474  16.491625  3.865202   67.217514
261  132.447449  -2.310380  113.060417  0.336839  1.043074       8.119705   1168.177246 -177.887650  19.559551  3.553783   94.012550
262  133.249130  -0.251711  122.930862  0.324577  1.130908       8.637115   1051.059814 -163.702515  17.765160  3.416219   59.822701
263  128.977737   7.781556  130.505142  0.298029  1.057212      10.154534   1008.910400 -160.401550  16.710033  3.788109   50.632908
264  131.466568   6.136744  137.977554  0.282540  1.608388       9.418921   1017.911804 -175.527176  12.662283  3.552252   66.672600
265  142.679092 -23.788851  121.287987  0.349271  1.243197       6.938209   1458.677368 -130.694824  17.314493  2.501704   51.065361
266  141.367462 -21.686895  129.819336  0.305855  1.447768      10.604242    779.904480 -166.971054  15.156218  3.876819   68.181358
267  137.799698 -17.691957  116.865089  0.317644  1.289078       7.543564   1303.627075 -127.358757  13.957399  3.459346   77.671349
268  125.705681   8.205899  137.141708  0.322890  1.201542       7.102037   1473.237793 -175.317841  15.584620  3.197097   64.830696
269  136.620529 -11.006035  113.885406  0.349401  1.081716       8.677365    873.633484 -185.260681  18.320230  2.942363   86.079140
270  134.496887 -15.899632  125.844154  0.348683  1.538878       8.020561   1042.041504 -148.799973  16.611998  3.656454   86.477470
271  130.430649 -29.889166  140.985962  0.332235  3.242400       8.959435   1024.817383 -217.462570  13.709207  3.970057   77.503036
272  140.473068 -16.306650  124.299515  0.347952  1.195179       8.717699   1912.384766 -221.399231  19.018446  3.977846   81.781807
273  147.782852 -23.724876  129.161514  0.311568  1.976432      11.797910    723.349487 -242.570541  12.511544  3.630254   56.556553
274  133.859253   2.754179  120.550980  0.329952  1.465817       7.017791   1180.436890 -209.560715  16.024065  3.764276   91.050583
275  133.498428 -12.869727  124.945709  0.335765  3.760247      10.533532    714.708008 -229.762634   7.589829  3.864611  118.836823
276  143.020950 -13.773426  126.113152  0.346725  1.292992       8.270689   1389.965576 -133.327484  14.654391  3.483402  105.438606
277  136.805206 -19.494646  122.958397  0.331750  1.720451       9.641955   1330.575073 -249.816940  19.888678  3.840107   50.167488
278  139.801849  -8.459481  121.174934  0.326419  1.681147       8.387245   1032.406982 -205.267075  18.145882  2.990422   89.690536
279  131.235016  -5.731258  130.153061  0.327227  1.901063       9.874404    877.821838 -222.101501  16.245028  3.997566   50.973763
280  136.112137  -9.998221  134.026016  0.332345  2.117324       6.923921   1386.765381 -132.219589  11.727176  2.625214   71.286880
281  136.373581  -6.810658  116.733200  0.329083  1.504287       9.268952    723.431152 -190.096420  15.855075  3.877480  106.863594
282  136.193512  -0.689502  118.060173  0.326563  1.379610       5.906361   1524.644165 -200.090393  18.601868  3.256307  107.890991
283  130.712616 -24.908304  129.461456  0.344386  3.074787       9.036860   1185.448608 -226.922867  11.311479  3.849386   68.433174
284  136.738525 -20.297916  125.411972  0.339238  1.918419       7.216396   1651.707153 -230.733276  15.851936  3.267414   63.450096
285  141.007004 -10.015525  120.306786  0.332295  1.625935       7.415333   1864.003418 -179.252167  15.715495  2.995762   61.408783
286  132.761581 -19.558687  140.511185  0.342996  2.871840       6.974682   1033.670410 -232.283356  12.796195  3.186066  108.098228
287  144.010605 -12.857259  140.357086  0.347403  1.648774       8.515657    813.395874 -135.041245  11.522738  2.882063  151.000214
288  137.577240 -33.198345  130.756073  0.345228  2.757466       9.118277   1516.642944 -209.575684  11.628960  3.648081   50.201439
289  124.911049 -24.035702  127.450623  0.344647  2.964753       7.592950   1585.626343 -216.216629   9.998266  3.744639   57.847897
290  142.712814 -22.700649  138.670242  0.331761  1.980879       9.427439   1740.586792 -205.753159  11.000831  3.669817   56.057373
291  137.419785  -6.569698  130.607574  0.313477  1.407330       8.454898   1017.923157 -214.035370  21.396496  3.142982   51.302204
292  138.739136 -16.599792  139.807480  0.343322  1.438944       8.673439   1391.292969 -147.992386  15.567770  3.439544   64.316933
293  135.931107  -8.927220  122.704254  0.349158  1.021799       8.157259   1143.010986 -168.581223  20.445993  3.102914  109.363899
294  137.537994 -16.033007  111.501869  0.328726  1.068703       7.729639   1678.652588 -162.213379  20.018984  3.483683   50.863869
295  138.008621 -11.138955  131.290756  0.342071  1.958614       5.928154   1896.159424 -166.139725  12.984926  3.111332   86.400162
296  142.879608 -18.832104  149.772278  0.337472  2.376562      10.298018    940.468689 -127.727844  12.252666  3.482125  101.522881
297  144.379807 -14.255976  149.520691  0.340017  2.091557       6.983683   1585.976318 -131.492905  11.338985  3.359366  113.564171
298  136.938049  -2.711691  117.010216  0.311755  1.446185       6.527068   1401.903198 -126.326591  13.428737  3.044736   65.214333
299  135.645935  -1.914018  126.214157  0.346425  1.132761       6.188319   1154.409546 -114.947548  16.652727  2.112677   86.357208
300  135.918106  -2.447765  120.240021  0.338099  1.500285       5.456137   1604.710938 -217.558533  16.153902  2.640154   69.252190
301  134.823196  -8.627362  113.631660  0.345597  1.283641       8.560333    947.603210 -213.237579  17.810600  3.790497   77.931099
302  144.727646 -19.753681  141.701828  0.324330  2.221927      10.753694    823.554321 -206.628754  15.603331  3.555638   71.518044
303  132.946320  -1.691109  135.120728  0.285766  1.534165       8.447109   1058.858154 -134.729034  13.243572  3.945053   84.755569
304  140.631180 -17.781902  136.535629  0.341860  2.171358       8.391418   1079.630371 -164.153915  13.687716  2.830143   54.154800
305  130.692551 -10.357347  127.053413  0.330517  1.607642       9.039598    880.931396 -206.830658  15.657009  3.956994  104.123878
306  140.323349  -9.860261  131.455322  0.333189  2.214016       7.689307   1434.991821 -230.110397  13.958197  3.135986   65.256844
307  142.159821 -17.467054  137.487320  0.332313  1.679373       6.972362   1808.488403 -175.138718  13.046545  2.820114   54.942322
308  135.134827  -8.823755  116.863968  0.336049  1.036769       8.794195   1111.393433 -159.699112  17.138178  3.619268   69.755844
309  137.279114 -12.330224  106.280624  0.337261  1.172905       7.387267    995.873657 -204.291183  24.199013  2.574678   52.617237
310  142.684662 -15.259799  127.150116  0.347785  1.194954       9.255848   1109.610962 -215.337082  18.449644  3.001845   75.930542
311  128.768555  12.791841  126.774704  0.299275  1.327355       8.766569   1248.325073 -196.671204  16.913363  3.827940  106.198288
312  137.354858 -30.740339  131.236923  0.338578  2.551795       8.205783   1421.627808 -233.609970  14.551995  3.387094   66.580673
313  130.493774   9.165517  125.191109  0.306372  1.095993       6.994058   1607.799072 -164.675598  17.435902  3.507017   81.341331
314  139.235321  -5.895223  133.918640  0.341102  1.280400      10.698081    756.481873 -218.068619  16.683876  3.917601  100.020859
315  133.158539 -13.250589  111.177002  0.300870  1.545056       6.469797   1781.446899 -201.684509  19.436525  3.988623   57.643070
316  138.647949 -10.897532  145.465347  0.332929  1.555773       7.807049   1109.720581 -182.958206  13.996645  3.396083   82.340271
317  143.545837 -12.041107  132.983765  0.321681  1.051090       7.591973   1851.894165 -197.138107  16.399366  3.158576   54.296650
318  146.619827 -13.501229  137.204102  0.301404  1.168941       9.580250    966.395508 -116.157097  14.458508  3.927092   99.582985
319  130.093399 -21.741192  136.188309  0.333495  2.417386       7.723119   1429.180420 -184.855850  11.498916  3.184889   66.894928
320  131.376022 -14.379701  101.346252  0.347695  1.208923       8.130013    849.754944 -150.034485  17.514162  2.458775   61.644100
321  135.894943  -4.136145  117.336655  0.326461  1.332610       8.505895   1264.104858 -210.834549  17.008570  3.547856   50.558727
322  141.099747 -25.813013  132.890549  0.324762  2.895170       8.069834   1847.397949 -238.260666  12.015626  3.980737   62.510014
323  135.445267  -6.565435  120.215454  0.348289  1.168263       6.588161   1665.440186 -186.228348  13.507987  2.704085   88.460800
324  144.001846 -18.744926  135.905548  0.312757  1.619334       7.715003   1895.109863 -154.392303  13.375493  3.896238   63.332401
325  136.276459 -12.681297  114.859421  0.346351  1.061050       9.639978    889.278137 -181.396957  20.498888  3.365300   54.746750
326  144.638779 -15.578374  138.294357  0.341387  1.996647       9.340406   1267.628174 -195.312363  15.366450  2.931847   54.201488
327  135.851105  -9.958535  127.753075  0.324207  1.381325       6.434213   1511.906738 -160.353897  19.754272  3.274321   73.004280
328  134.424438  -7.579559  117.435661  0.346256  1.260451       8.792780    954.885742 -168.622452  18.510895  3.437794  102.787506
329  140.352249 -20.207027  117.659050  0.332533  1.193385       7.904055   1900.765991 -219.641571  23.249802  3.694950   61.631638
330  136.927582  -4.064991  128.654999  0.297292  1.197078       6.650293   1546.537720 -183.391052  24.070669  3.556728   88.335159
331  140.870178 -24.033461  120.105789  0.310486  1.531274       8.569799   1216.300415 -204.431824  18.877438  3.930181   90.083443
332  138.873077 -19.847738  128.358902  0.344547  1.315141       6.276801   1721.246460 -146.162964  14.439219  3.629491  101.518120
333  134.169510  -1.591043  129.398010  0.333660  1.068560      10.096587    944.284973 -194.953552  19.379635  3.854129   68.702576
334  136.161758  -4.954995  128.529663  0.343252  1.086705       8.560410   1173.650757 -193.181488  16.974262  3.510798   80.675438
335  138.755737   1.291294  143.654510  0.323979  1.987067       8.594973    973.226501 -134.969833   8.807940  2.649674   67.163841
336  137.984161  -6.376162  131.044678  0.335410  1.455552       7.517466   1246.836914 -155.432236  14.195708  2.594209   67.631119
337  130.121765   4.289638  123.642822  0.315611  1.005554       9.741882   1041.731445 -217.068085  21.619228  3.674039   53.894951
338  139.936722 -20.208895  114.309647  0.346592  1.020588       7.457693   1682.623047 -241.081329  24.107494  3.724170   65.137413
339  140.159302 -19.444794  114.500610  0.336093  1.183483      10.083456    795.635071 -228.532211  25.178247  3.822046   96.576530
340  139.339142 -15.047203  133.292145  0.337146  2.056602       5.675851   1677.552124 -109.812393  10.406967  2.335351   56.686905
341  129.250916 -14.536807  108.254402  0.345677  1.544416       8.492655    731.206177 -168.603928  21.412333  3.300921   86.122063
342  136.481476 -13.394200  129.115036  0.320039  1.815036       8.916582   1363.347900 -182.093857  13.166209  3.678315   56.171619
343  134.102798  -8.162863  118.313385  0.309057  1.685139       8.370823   1067.546875 -182.949493  17.140352  3.425780   69.742638
344  139.737381 -12.677787  119.222710  0.319009  1.142532       9.258387   1037.318115 -130.747269  15.638470  3.736297   79.252716
345  138.196548 -15.473031  113.949677  0.347494  1.192956       9.101492   1087.994873 -173.548676  20.491989  3.206454   55.326786
346  140.415131 -11.085623  121.865433  0.300076  1.331754       6.538669   1736.663818 -235.562042  20.804096  3.340946   56.127628
347  128.219482   1.503059  133.074768  0.331021  1.096535       6.588002   1674.044556 -219.933975  15.422555  2.941931   80.980225
348  135.217133 -24.345812  133.952606  0.344826  2.341296       7.744607   1246.509888 -195.152847  14.419426  3.538476   79.849152
349  126.424545  -9.439260  132.097672  0.319849  2.920929       7.058921   1339.323486 -219.338516  13.366758  3.262974   91.099007
350  138.282974 -20.592054  124.440437  0.340015  1.492836       7.176771   1781.026367 -151.867813  16.509481  3.079878   70.808640
351  129.129959 -20.154152  131.404861  0.336935  3.316600       7.779848   1277.072388 -216.819290  10.874262  3.194236   72.778694
352  139.092545 -17.709347  122.956947  0.349926  1.527000       9.809781   1065.129639 -207.363495  17.878729  3.847366   73.947479
353  132.741882  -4.242496  120.286072  0.297359  1.178599       8.039212   1226.525391 -198.887924  17.773270  3.662797   66.332703
354  126.211121 -32.772831  143.769928  0.346730  3.699145      10.380903    737.284058 -181.157974   8.352249  3.555070   56.026764
355  143.654205 -18.376417  124.864662  0.330129  1.396794       6.790433   1970.401489 -145.304413  14.488566  3.595882   64.883690
356  135.418259 -16.563721  113.748695  0.349180  1.613345      10.780419    718.910828 -216.147156  16.265678  3.206643   55.873566
357  139.610382  -9.841419  127.220512  0.330186  1.202727       8.601965   1300.190063 -167.379837  18.762365  3.721741   62.538929
358  135.401016 -18.261744  117.342255  0.332001  1.408143       9.621213   1183.330933 -213.576172  18.254358  3.398827   61.805344
359  131.740356  -0.138287  126.673607  0.337505  1.041743       9.526937    885.279968 -209.533859  20.553284  3.185929   67.279175
360  139.085678 -13.951707  131.672897  0.344475  1.585343       6.280849   1798.553833 -150.197876  11.484630  3.106246   79.555099
361  138.733704  -5.526508  126.393463  0.345094  1.011553       9.181436    981.711304 -155.697083  18.497030  2.758821   53.302013
362  127.979515 -23.983171  141.832031  0.333599  3.978022       9.838411    940.546570 -235.155441   9.120279  3.864371   50.178043
363  132.461395 -16.839979  141.848328  0.302690  2.762865       9.586482    905.388367 -239.365936  13.580489  3.617586   74.890778
364  124.650459 -14.339760  124.636269  0.339960  2.718697       6.107443   1311.953125 -247.043106  17.565310  2.682648   64.634995
365  143.102829 -16.934412  113.980827  0.336477  1.213540       7.334411   1524.490234 -183.746231  18.200756  3.203481   59.969120
366  128.276917 -16.237371  133.147003  0.318513  3.026908       8.723123   1239.952393 -241.286102  13.314734  3.666002   63.024189
367  137.873199 -17.130417  138.588608  0.331420  3.642314       9.640384    857.898621 -247.790604   9.444866  3.129318   91.482140
368  138.509537 -20.149899  139.316666  0.318353  3.531309       7.404015   1556.448120 -228.471664  13.630558  3.725320   68.973679
369  134.670410  -7.165478  115.901390  0.345383  1.386859       8.293978   1171.052368 -228.006546  18.140657  3.603519   84.054153
370  134.735672  -7.871181  130.525650  0.330945  2.107910       7.261032   1606.786499 -219.975174  14.759005  3.823062  131.187317
371  130.798355 -29.817625  139.988495  0.339977  3.774685       8.929025    980.820068 -242.365677  12.478065  3.579715   65.288567
372  134.270081 -21.828060  140.309158  0.347708  2.330908       8.175831   1826.476318 -198.245941  12.403121  3.599966   51.353767
373  135.846802  -6.966375  101.560249  0.334908  1.181010      10.301002    784.787781 -184.647110  18.377661  3.672383   60.579800
374  139.887222 -18.438622  123.017090  0.336479  1.638108       9.067455   1213.500977 -236.492142  16.249268  3.424201   94.856644
375  130.161514 -23.351326  131.989685  0.345301  3.843355       6.818013   1435.205566 -230.269608  13.880322  3.066942   74.973152
376  140.901215 -11.493444  127.681007  0.327753  1.397479       8.951305   1133.665283 -210.456833  16.350937  3.951767   91.077469
377  140.354736  -8.788557  141.381226  0.331046  1.796244       9.095341   1099.620361 -154.598999  13.536156  3.308872   54.504433
378  134.266510 -16.989862  121.091576  0.323839  1.863139       6.471268   1944.904175 -207.099030  14.864538  3.687633   71.367393
379  133.219955  -0.351208  137.106308  0.334917  1.113882       8.483490   1122.758057 -165.737976  16.282608  3.633479  120.066277
380  139.556366 -10.429971  132.586411  0.310929  1.044595       9.106752   1271.661255 -235.010498  23.728661  3.751854   66.784378
381  142.516068 -17.366272  134.750183  0.325160  1.580012      10.149614   1106.415771 -194.796860  13.864735  3.425428   52.393650
382  137.224884 -12.374165  119.343399  0.343825  1.179262       8.939866   1149.294067 -166.401688  14.969519  3.772212   90.828247
383  134.618851 -17.926851  142.325287  0.332422  2.212861       7.303900   1351.549316 -200.921524  14.944827  2.797221   71.552132
384  137.089142  -6.514791  122.685188  0.331808  1.426926       8.677294    925.206482 -125.931221  14.130992  2.920840   69.385788
385  141.592102 -11.697110  135.208115  0.325724  1.298820       7.175632   1529.546143 -210.890076  19.623474  3.685336  115.146530
386  136.447845  -9.530944  117.413132  0.316707  1.238019       7.799726   1156.898071 -202.730225  18.801006  3.134425   58.977867
387  144.119797 -24.106508  132.020248  0.337577  1.675376       9.721442    760.317078 -155.009659  14.946547  3.525774  118.544975
388  141.069717 -20.237911  119.938896  0.343573  1.082958      11.364637    755.721863 -208.726868  20.803196  3.748779   79.093307
389  133.923706  -9.340253  126.536240  0.332975  1.417049      10.498372    742.366577 -181.148865  15.858021  3.763299   51.740623
390  128.068146 -20.060467  134.623795  0.345011  3.032303       9.879355    884.989197 -239.593536  12.166045  3.770981   51.338215
391  132.958755  -0.406032  125.679176  0.348400  1.084826       7.588052   1528.888550 -130.261887  13.165538  3.033402   61.126701
392  136.883301 -11.010783  141.098770  0.321538  2.418400       8.585306   1184.686157 -248.490601  14.303034  2.896498   52.725300
393  127.162796 -20.842550  139.251373  0.327769  2.967163       8.468534   1045.717041 -235.433884  14.252126  3.692451   65.573685
394  142.534454 -22.495035  139.524155  0.323715  2.281576       9.605807   1086.399902 -207.824402  14.772127  3.317580   63.515930
395  146.599594 -25.487406  135.110519  0.323504  1.616422       9.821560   1223.012573 -156.382614  12.652369  3.780871   77.128212
396  144.290237 -11.598615  118.992157  0.297226  1.607902       7.943039   1139.879150 -166.224609  16.986170  3.250123   66.657875
397  139.886536  -6.297900  127.197235  0.308195  1.562714       7.127050   1648.975830 -197.581467  13.064995  3.438376   86.518051
398  133.187485  -5.447015  124.326378  0.340358  1.057147       7.894896   1039.482666 -136.422714  17.606146  2.986606   66.488060
399  138.554108 -11.719123  124.241234  0.337259  1.169510       7.570843   1741.282227 -173.542694  17.302317  3.232917   61.773037
400  132.450882 -13.168534  136.516846  0.297016  2.531711       7.650300   1275.527222 -217.848114  13.727019  3.901588   57.068405
401  137.501877 -10.346779  122.965561  0.344224  1.830049       9.611882    937.820374 -236.823563  17.236118  3.209126   78.950844
402  135.527786 -25.913475  124.569077  0.331391  3.062295       7.166875   1432.154175 -247.431259  14.204546  3.644459  101.481476
403  138.687988 -14.282389  120.455788  0.322385  1.150312       6.287009   1268.281128 -141.689468  16.945295  2.798299   79.688972
404  141.015564  -8.405882  142.802963  0.305662  1.219104       9.257907   1494.372681 -212.484772  15.392582  3.976388   57.018806
405  139.569000 -15.703314  137.177750  0.347285  1.983443       8.911815   1129.610352 -212.591339  15.234240  2.901133   74.335495
406  135.663742  -5.874850  127.379181  0.346379  1.453943       9.832591    783.634583 -233.320999  15.569184  3.223815   66.050224
407  134.327820  -7.719884  135.208282  0.348842  1.053829       8.876660    711.171387 -105.766624  14.104689  3.906279  162.926865
408  135.121445 -26.089851  118.704079  0.341272  2.273861       8.726239   1627.335449 -231.551254  17.154243  3.802892   73.176208
409  133.909592  -6.262196  126.090324  0.332930  1.057060       7.956153   1292.342163 -173.908768  20.279055  3.109674   59.253456
410  139.825638 -10.375349  123.268265  0.342256  1.462533       5.712585   1192.261719 -162.493118  15.217394  1.829196   78.717690
411  141.577408 -17.627087  123.819214  0.349997  1.562131       7.073763   1883.341064 -189.063080  15.700101  3.447337   93.374374
412  137.707214  -6.691600  128.911285  0.332258  1.649175       9.584679    816.586853 -186.378952  15.634135  3.535229  130.200836
413  132.966660 -22.965437  143.650299  0.347502  3.050164       8.221025   1489.577637 -223.219116  10.046023  3.844873  103.784355
414  122.968262 -13.987693  130.905426  0.348935  2.970510       9.123852    777.484985 -239.397354  11.903508  3.507537   63.669334
415  125.455414 -18.864948  138.351944  0.347051  3.905221       7.259523   1206.968384 -247.483322  11.564242  2.953664   61.535660
416  129.755295  -6.536671  109.195251  0.337942  1.575892       9.332527    876.146729 -245.462463  16.376390  2.908272   83.094162
417  138.903427 -21.956118  116.254097  0.324938  1.108645      10.433569    925.607666 -235.337158  19.320419  3.908126   56.984272
418  135.303406 -26.432688  133.463150  0.348498  2.923499       9.801602   1053.888550 -220.978378  14.630053  3.959113   59.106609
419  137.815948 -16.610815  106.967918  0.322152  1.027925       8.517564    931.640808 -192.023651  20.569717  2.975158   61.670502
420  138.737732  -8.644288  122.094917  0.321199  1.058934       7.381509   1122.096558 -155.007584  21.843872  2.869230   69.739273
421  140.323151 -12.059198  135.866516  0.335979  1.636227       7.598695   1534.329468 -185.842056  15.350394  3.112452   69.651764
422  139.102768 -15.266258  120.820549  0.318196  1.290405       7.462978   1948.124878 -182.769867  14.402465  3.836056   56.918243
423  135.480774 -20.968872  104.780067  0.339374  1.436122       7.005478   1657.118652 -249.563965  19.063581  3.600411   91.515564
424  120.988197 -23.384275  127.801262  0.344835  3.723363       7.560837    900.752625 -222.128189  13.314623  3.862640  119.566528
425  137.275803 -13.380451  126.572220  0.328102  1.290870       6.558928   1601.019531 -200.625504  17.487255  3.109908   51.067822
426  133.731964 -21.079824  133.488892  0.346975  2.417188       7.804332   1398.730103 -160.718521  12.147423  3.272220   86.151840
427  134.463760  -4.342430  124.586853  0.335045  1.162470       6.960203   1846.374634 -125.778862  12.558180  3.677278   58.298157
428  127.657936 -25.045923  138.430359  0.343592  3.476968       6.005867   1626.036377 -209.000458  10.887054  3.479552   64.966858
429  137.289230 -19.940952  129.817673  0.349337  3.182101       7.815792   1620.238892 -216.395523  11.339913  3.466008  105.219246
430  134.919540  -4.661162  112.782799  0.316017  1.067448       6.177199   1699.290283 -245.173889  27.448009  3.684709   77.921387
431  141.182846 -17.175684  132.368164  0.328847  1.263020      10.294140   1132.984009 -170.707291  13.976852  3.919914   53.093773
432  137.154037  -4.244382  137.526413  0.344940  2.076895       6.287377   1721.012573 -205.651398  13.742167  3.538985  113.740196
433  137.334412  -4.912486  115.837349  0.292807  1.182867       7.204754   1729.388916 -219.052353  24.898054  3.867358   54.097115
434  134.692780 -16.431244  138.043213  0.349025  2.552538       9.975409    803.787354 -213.760635  12.143077  3.546273  101.414894
435  138.324997 -11.140561  109.119232  0.324163  1.384061       9.308503   1092.346802 -242.744293  19.666592  3.792020   68.061050
436  142.464127 -14.722967  137.969604  0.346185  2.239275       8.480726   1042.619629 -122.636009   9.991527  3.861022  155.175247
437  129.246201   0.788699  115.290718  0.288218  1.277047       6.175903   1523.517334 -221.798340  22.677961  3.266594   58.649361
438  141.574707 -18.644798  116.326118  0.322587  1.300079       7.500274   1210.275024 -184.394745  15.131163  3.055259   80.747734
439  139.041702 -15.041591  122.918663  0.313779  1.111083      11.078933    774.664734 -155.840118  20.106611  3.904438   51.622852
440  138.019440 -10.901239  127.390114  0.337628  1.194762       7.378737   1767.327515 -218.602386  20.747461  3.574912   57.718697
441  136.974197  -7.557837  111.989105  0.326772  1.387219       8.108727   1095.909790 -209.857498  21.351349  3.307311   90.603554
442  137.256439  -5.128395  136.318756  0.349375  1.178531       7.882215   1065.551025 -116.838005  15.296399  2.992120   87.845871
443  138.372528  -9.156681  111.396530  0.335666  1.061168       9.132207    979.199951 -241.578445  28.065481  3.811348   59.224377
444  133.999237 -14.702806  130.538361  0.338822  2.108833       5.764583   1651.032715 -150.370575  12.116974  3.706595  102.471848
445  136.260925  -9.976285  108.093132  0.339339  1.165311       9.198949   1500.590454 -223.317734  22.724861  3.958909   52.805645
446  134.980942 -28.636055  134.975601  0.331299  2.757894       9.833286    859.398621 -138.068726   9.735356  3.753722   63.393917
447  133.303055 -17.057703  123.918922  0.345855  2.430095       6.566766   1544.553223 -170.287506  13.149319  2.953149   73.496002
448  136.819824   3.638923  115.093315  0.339989  1.877996       6.359241   1666.658447 -241.100723  15.317912  3.221100  117.506699
449  135.218735  -5.055683  128.998535  0.317888  1.644745       9.420416    868.311096 -153.539429  12.094758  3.469964   81.691887
450  138.742615 -21.339907  129.380844  0.341031  2.091330       8.138130   1571.182861 -206.661835  16.963732  3.964188  103.725723
451  133.372787 -15.480007  113.543282  0.334442  1.090786       8.155443   1179.074219 -167.475113  15.206866  3.634596   86.866867
452  149.671295 -14.564012  140.608704  0.333848  1.482544       9.897854   1100.404907 -161.613083  15.078682  3.481251   99.604691
453  137.308746  -8.982257  125.034157  0.346959  1.007593       9.373845    988.482300 -176.766281  15.990116  3.022423   67.928993
454  137.578369  -9.249462  117.147064  0.340596  1.140963       8.530020    906.004333 -194.738708  20.146246  3.120505   93.470078
455  137.444778 -18.872604  137.747650  0.337955  2.101576       6.887978   1889.986816 -217.827179  11.840915  3.363779   85.088852
456  135.832764 -11.275401  117.543365  0.334593  1.048832       6.394003   1621.824951 -141.175705  19.877825  3.454685   88.422775
457  138.481644 -23.131123  142.019485  0.342138  3.693536       9.065205    962.808472 -231.495682   9.142606  2.579479   69.088127
458  139.554825 -12.709219  120.882088  0.348187  1.110258      10.431507   1009.528992 -204.336227  18.304522  3.804467   68.663559
459  132.995636 -27.037058  146.953201  0.347988  3.639344       8.038319    877.634583 -203.326645   9.308505  3.622295  124.683090
460  138.339539 -22.785475  144.632935  0.332288  2.190792       8.184675   1644.188232 -188.105408  14.437482  3.950289   80.817474
461  145.604568 -17.044128  125.317589  0.337868  1.806140       8.547443   1411.094604 -200.102325  14.183899  3.474451   68.841072
462  131.753311 -20.232950  124.288750  0.328670  3.012412       6.866244   1460.532959 -208.380768  12.427925  3.475468   52.729511
463  137.490677 -24.885042  124.953354  0.340354  2.269928       9.856040   1105.872559 -195.266724  14.623233  3.913988   61.766186
464  125.340866 -14.310286  142.701340  0.316615  3.601097       7.257210   1536.671021 -221.887085   9.712089  3.726403   58.809052
465  139.783310 -18.572392  124.350060  0.328605  1.902688       5.991505   1842.847656 -123.837929  11.487137  2.948907   61.747158
466  134.971909  -8.137550  105.631493  0.347661  1.037360       7.034608   1668.620117 -236.805634  23.219259  3.777690  106.118355
467  139.251907 -13.089025  117.046982  0.347214  1.362330       7.982830   1362.283203 -213.521393  23.734612  3.757029  108.289337
468  136.708267 -12.768566  116.279236  0.335533  1.095645       7.114922   1475.775024 -194.265366  23.163551  3.290707   57.057411
469  136.671677 -13.980442  137.133575  0.332820  1.463303       9.101184    876.438416 -207.217361  17.153557  3.452488   85.251122
470  134.016449  -2.622976  118.341270  0.332756  1.113161       7.893553   1293.001587 -161.022400  19.305031  3.951184  100.673500
471  132.784393 -22.148235  132.361984  0.333682  3.923168       5.912949   1631.576538 -229.123978  11.254703  3.177655   73.994263
472  136.737122  -1.825778  118.017960  0.312711  1.190374       9.541347    725.060242 -216.374329  18.053129  3.525470   82.829292
473  130.786423   2.843866  142.476395  0.332765  1.082026       6.518446   1210.944336 -140.585266  12.025934  2.014924   75.903435
474  132.537643  -1.994067  122.573692  0.333774  1.224933       5.974502   1890.120728 -145.645355  16.735415  3.509020   51.476833
475  133.427811  -9.237414  124.864372  0.306253  1.954571       7.540156   1615.761230 -201.096725  11.472191  3.966090   53.569332
476  135.646042  -6.459845  125.571205  0.337595  1.510333       6.737747   1691.294434 -163.687637  14.536599  3.742625  105.589607
477  141.346237 -24.217836  122.307388  0.330029  1.586100       9.116095   1095.551514 -149.916824  13.086480  3.987748   99.034714
478  130.232376   4.737893  117.689262  0.319211  1.279456       8.848058    945.129150 -179.856140  15.830552  3.010908   67.598976
479  137.471436 -19.723169  130.746323  0.349835  1.769118       7.659080   1291.110596 -191.571228  15.121852  3.230908  102.332390
480  142.041290 -23.640137  119.970955  0.320883  1.508291      10.570040    909.574402 -148.696457  10.156400  3.880624   64.972252
481  127.435982   2.741275  110.377228  0.337550  1.039262       8.405495   1273.520752 -247.013840  24.612083  3.327403   60.838467
482  138.008865  -9.524437  123.088959  0.302456  1.480386       7.445545   1655.841064 -248.090408  19.409590  3.375060   52.916073
483  129.997910 -21.264977  133.465042  0.331367  3.285080       9.537790    834.756287 -235.627869  11.475883  3.886621  106.556656
484  132.614624  -6.756926  126.221207  0.342812  1.142430      10.078077    906.930237 -186.425659  16.424311  3.970823   74.924225
485  133.417023  -0.085841  132.345367  0.346127  1.628233       6.162041   1420.063599 -175.076340  15.360248  2.643442   78.257431
486  134.772736  -5.699103  127.904930  0.327490  1.155710       9.198313    888.109314 -153.007736  18.479773  3.038347   67.981987
487  140.368530 -19.440199  136.504166  0.318888  2.766244       6.390848   1823.854248 -245.133743  15.840794  3.104147   51.992775
488  138.438202 -19.178160  139.440308  0.339506  2.499317       8.017044   1909.912354 -229.191544  12.791306  3.817055   72.979805
489  128.365555 -20.625462  126.517883  0.330176  2.698852       6.669404   1417.871460 -205.341812  13.533343  3.117491   72.357559
490  139.748962  -6.929078  124.567024  0.326077  1.205000       7.857907   1619.292725 -151.847916  14.623571  3.876339   56.141171
491  140.343872  -9.103821  121.078697  0.326608  1.593938       6.720697   1432.370117 -126.063560  14.991241  3.003806   76.990440
492  128.758636 -30.140902  140.969162  0.341125  3.585643       8.161288   1175.839600 -220.450912  11.053965  3.933435   55.999203
493  143.410522 -24.256445  123.456665  0.337674  1.294611       9.821734   1195.918335 -227.729660  19.825867  3.575179   57.726398
494  133.168915 -21.404224  125.683014  0.344280  3.522311       7.349432   1395.678345 -219.594574  11.033784  2.930864   75.030151
495  143.076920 -15.750589  123.141487  0.343917  2.114384       7.875742   1627.049561 -233.330551  17.930382  3.797814  112.053093
496  137.263382 -21.271484  126.067444  0.323165  2.303943       9.953748    864.609802 -204.382797  15.368510  3.465420   84.087509
497  142.640610 -21.937181  125.679398  0.323694  1.205942       7.789784   1899.267578 -165.036514  19.174215  3.581959   60.712112
498  141.655090 -13.411787  143.746735  0.338379  1.468277       8.481886   1368.786011 -167.968628  13.614754  3.604930   66.217918
499  126.337242 -15.908274  125.330788  0.346537  2.830573       6.213356   1593.787476 -239.808090  13.846313  3.168699   78.007423
500  139.912033 -13.865927  122.984749  0.322354  1.343792       9.374987   1230.596924 -218.966064  16.781044  3.958690   75.085800
501  124.466354 -12.364204  123.763733  0.340593  1.871827       6.540500   1716.782104 -135.159103  12.890347  3.841256   67.143646
502  136.931442 -29.399132  136.499207  0.349492  2.403519       9.313220    870.628967 -170.943893  16.472563  3.013404   62.362175
503  133.537018  -3.878256  119.301933  0.319726  1.094362       9.028440    914.006165 -242.609863  23.791992  3.471064   83.669907
504  139.721710 -14.118106  124.375130  0.316909  1.569159       8.200010   1747.048828 -239.535995  17.812822  3.331370   58.356205
505  135.103561 -10.662425  120.646538  0.342677  1.347666       7.601413   1249.867676 -176.254120  16.860352  3.728245  125.615562
506  141.063171 -19.474951  136.714783  0.337352  2.034532       8.037546   1022.317810 -166.444901  15.542652  3.500692  123.964767
507  145.210785 -22.253326  122.963585  0.313449  1.665396       9.636435   1453.438721 -195.155029  16.840683  3.863894   54.052532
508  137.989029 -10.828792  125.285706  0.330346  1.461006       7.016417   1088.027100 -147.221649  17.821507  2.714103   60.959431
509  143.670807 -11.686300  139.904678  0.345234  1.242650       7.453363   1117.207764 -145.270325  17.376747  3.237831  151.250412
510  136.925858  -8.888797  150.006332  0.318629  1.841547       6.531466   1715.517090 -158.413956  13.356027  3.129147   98.341507
511  129.102661 -28.517729  130.354721  0.346935  3.401028       7.214256   1394.495483 -151.613815  10.345669  3.519365   84.240005