           lon        lat         inc      D1AU     delta  launch radius  launch speed    t factor       B1AU     gamma         vsw
0   -15.869916 -23.099693  193.907623  0.199227  3.205761      27.188259    726.241882  223.829559  11.642486  0.994049  318.533661
1    -4.141427  -4.849655  193.735977  0.127758  1.283538      24.875223    401.199310  189.675644  11.974955  0.329191  295.914886
2   -15.796220 -15.569602  193.005692  0.165924  2.658709      22.373369    484.464325  209.013550  10.442041  1.470846  352.866302
3    -4.121917  -3.024711  193.308212  0.114767  1.014802      14.457328    856.861450  178.660004  10.547261  0.823367  285.186401
4   -14.213083 -18.599245  189.874832  0.178069  3.462137      24.141504    440.553314  200.444412  10.721211  1.775334  353.895355
5     5.849020   0.441911  188.655228  0.118617  1.201790      15.534175    979.440735  215.379990  10.322583  1.064121  297.279266
6   -19.539557 -26.507010  188.443512  0.250168  3.033579       8.429684    493.114197  244.205017  12.308854  1.221943  401.330933
7    -7.946258 -22.757025  197.560593  0.197499  3.460919      21.620653    458.162231  188.391891  10.768355  0.311454  287.340515
8    -9.178913  -5.615904  194.669830  0.136407  1.252517      11.635713    676.034424  245.433212  12.211518  1.738333  344.501221
9   -12.753668 -14.776329  190.373306  0.185400  2.384655      28.359653    436.575439  166.012695  10.830319  0.746694  327.633789
10  -13.447347  -8.219941  197.844788  0.122922  1.176377      17.680872    437.806885  186.481689  12.145012  1.791613  356.553680
11  -17.431622  -7.330104  192.896683  0.123138  1.178314      18.665743    413.113068  232.595428  12.393666  1.349833  366.575989
12   -7.074638  -9.473870  192.463745  0.143409  2.418096      15.550879    443.367737  217.097229  11.977821  0.893861  336.162354
13  -12.063402  -7.018861  188.692642  0.131185  1.999711      17.900351    792.681335  224.849152  12.257004  1.228552  318.462006
14    6.334454   3.333525  190.530319  0.119462  2.387561       8.255088    423.731323  213.238815  11.344947  1.753562  363.706268
15  -13.195411 -19.776106  191.273117  0.205727  2.884484      18.903528    855.188293  246.322906  10.928848  1.587317  341.267029
16  -17.872568  -9.039442  187.040634  0.146239  1.826453      15.411985    911.180786  238.044052  12.590286  0.829794  312.050018
17   -8.651960  -3.488314  192.045593  0.124766  1.363446      14.916064    559.151001  243.236694  11.784180  1.231358  331.857117
18  -24.187262 -11.789626  188.410034  0.173868  1.480118      25.823378    512.645752  218.806122  12.126895  1.687783  376.988007
19  -22.466663 -13.691434  192.961670  0.169164  1.621402      24.292664    466.673035  239.968231  13.062812  1.932151  380.427948
20   -6.470726 -13.685353  190.112564  0.166935  3.183171      11.879134    461.601807  249.582977  11.370578  1.988495  365.334412
21   -0.663783  -0.391271  187.001831  0.117039  1.370983       9.464135    694.543701  249.015793  12.244677  0.880250  304.729279
22  -17.367493 -19.801533  191.531342  0.216822  2.605735       8.842231    423.523132  189.727493  11.727312  1.284323  443.004333
23   -6.952758  -3.189991  197.266632  0.105327  1.912261      25.751183    563.158630  230.537628  12.011638  1.861223  312.291382
24    4.051589   0.572017  186.161163  0.120184  1.416908      20.004890    456.389954  236.495773  12.444514  1.058352  324.915710
25  -30.788027 -13.342546  190.356064  0.158581  1.453886      15.935701    699.482666  234.248718  11.376516  1.217675  398.822144
26  -17.126465  -7.880664  187.368423  0.131422  1.774753      15.130984    868.503357  235.954849  12.105724  1.540775  340.820007
27  -11.494215  -4.349904  186.982239  0.120050  1.227463       8.215438    784.596619  245.532272  10.991782  1.704277  344.722717
28    1.087600  -0.427555  189.722717  0.122573  1.280049      11.601667    426.861694  229.026581  11.932258  1.286689  350.013824
29  -17.572151  -6.750729  191.286469  0.109276  1.244155      29.981926    469.081207  245.090591  11.145726  0.661444  303.162048
30  -17.901077 -22.291685  194.428253  0.191346  3.166947      19.404512    890.259705  227.485931  10.791852  1.470656  348.217773
31    0.289511  -3.327527  195.153717  0.121106  2.856081      25.141174    490.524536  228.330536  10.311252  0.920407  299.668213
32  -26.056986 -19.880108  188.505661  0.214904  2.339271      25.467688    623.129456  247.202927  12.467588  0.557462  346.301392
33   -4.351611  -3.830875  194.630829  0.115005  1.202699      26.087940    728.205811  212.490891  10.925766  1.395717  296.368652
34  -16.842909  -7.315053  188.470779  0.136328  1.311055      24.658428    485.715820  244.186554  11.726387  0.828459  323.102264
35   10.240900   3.565659  194.845291  0.112853  1.853050      20.014162    582.808716  232.170670  11.518328  1.804902  330.761414
36    2.212543  -2.200305  192.589722  0.133537  1.778339      11.899578    518.416992  247.850937  12.890665  1.483373  343.063019
37   -5.763366  -3.594776  195.773788  0.117519  1.211990      10.900168    501.973694  219.580124  11.677765  0.468903  302.730804
38    4.899906   1.494319  188.665771  0.103484  1.812494      21.811096    857.241699  245.916977  10.189877  1.844188  308.412628
39   -8.340727  -4.307792  190.910477  0.119924  1.401727       8.112188    677.524719  231.196533  11.364131  0.407464  268.227234
40  -17.960819 -17.697296  187.418213  0.199982  2.662120      29.696321    421.831665  191.073608   9.852956  1.357689  361.693268
41   -1.662973  -3.545451  193.678116  0.116152  1.340764      16.429901    635.353088  175.239655  12.647302  1.755675  325.008240
42  -11.534784  -3.233697  186.804382  0.119500  1.076742      11.556445    611.235291  231.566238  10.893090  1.801507  345.873901
43  -10.076771 -11.360141  190.459579  0.167100  2.054263       8.582162    411.588196  174.459778  11.604345  1.687554  386.854309
44   -3.467369  -2.562359  190.702759  0.114641  1.770815      26.144672    401.301331  203.443375  11.371138  0.374595  288.152435
45  -22.197142  -9.759147  190.197113  0.158376  1.479921       8.069933    754.604980  221.209198  11.902994  1.955868  389.765717
46   -9.270377 -18.623814  199.130646  0.165679  3.512984      11.666586    588.889587  238.975464  10.533355  1.249138  343.105347
47   10.553988   2.614868  189.744370  0.118376  1.356817      19.589743    560.040222  196.946777  12.049931  0.374173  260.427551
48  -16.571995  -8.998095  190.967896  0.124376  1.790350      13.473064    792.056458  225.124924  12.478518  1.163192  328.828979
49   -0.207527   0.429576  197.799042  0.122947  1.919868      19.533987    846.835327  246.770615  10.906652  1.975439  318.955231
50  -18.014814  -9.657571  189.613068  0.145721  1.837107      25.252356    575.410583  228.549942  11.801915  1.144476  332.886230
51   -0.476820  -0.649432  194.635544  0.108510  1.062064      12.750911    498.714447  219.007904  11.514842  0.521121  293.095154
52   -1.133901  -0.423573  186.713638  0.126421  1.376335      18.009117    783.344421  237.832672  11.013719  1.614090  318.627960
53    6.895660   1.896631  195.892410  0.100059  1.048792      22.147995    570.087036  218.557892  11.643527  0.807828  288.393799
54  -12.570854 -13.484333  188.362762  0.167389  2.752718      19.075329    692.158630  239.102341  10.545870  1.715639  341.598877
55   -0.819787  -1.584381  195.170822  0.125303  1.818165      17.360750    485.950684  238.582901  11.505729  1.732759  336.318207
56   -3.275059 -15.738395  197.321823  0.167008  3.392296      23.400736    450.008484  211.305679   9.947968  0.785075  310.987091
57   -5.991746  -3.026926  189.209503  0.114607  1.297325      16.150507    870.507202  216.941086  11.999357  1.550503  318.005585
58   14.451713   3.753276  193.050491  0.117283  1.052491      10.159333    675.438904  238.430679  10.728752  1.560694  347.012024
59   -8.407009 -24.335899  197.364838  0.208991  3.505367      15.861917    788.298462  186.712677   9.930527  1.053263  316.498901
60  -16.966429  -7.073014  190.948776  0.132212  1.151084      22.966850    464.131226  194.342026  11.323935  1.533531  350.204376
61  -11.201471  -3.620529  181.989990  0.125442  1.315219      12.111901    920.199768  241.818314  12.343560  1.907307  340.232330
62   10.843916   2.361867  189.783401  0.125570  1.043524      15.139456    549.079956  248.047241  11.535620  0.770138  316.350494
63   -5.693740 -12.536444  189.702515  0.143998  3.257030      20.429735    687.284668  188.254593  10.367625  1.844817  324.331329
64  -13.106531 -15.938103  195.613800  0.178771  2.480684      15.794443    414.731384  200.401062  10.878167  0.237283  342.948242
65  -20.754833 -21.050224  193.143539  0.209874  2.511758      10.434155    534.805176  220.226288  12.627868  1.139720  397.203949
66   -0.584383  -2.224901  197.703079  0.108117  1.167191      15.301519    565.794861  239.679840  11.441347  1.234467  317.064789
67  -21.616873 -19.797621  185.969742  0.223066  2.534132      21.880274    584.019897  210.806015  11.688944  0.986256  361.769501
68   -1.360673  -0.479282  188.612122  0.118586  1.490843       9.023589    545.531067  240.076447  11.123981  1.695506  346.053894
69  -19.053726 -11.656452  194.203400  0.135948  1.854211      14.188946    702.139099  199.982132  11.753400  1.531888  354.209381
70    3.374562  -0.798564  184.343018  0.119040  1.786300      12.219323    950.063354  243.144196  10.808289  1.640285  321.780518
71   29.059521  15.004127  190.051758  0.233407  1.535326      12.859787    821.388855  168.474319  11.406741  1.454703  420.266266
72  -16.443325  -6.117931  187.599472  0.115713  1.343172      17.717632    446.666656  249.667343  11.086721  0.361389  309.731934
73  -20.177345  -7.030602  190.324417  0.108345  1.123843      25.554794    726.910645  234.620255  11.979412  1.002548  309.391510
74   -4.134801  -2.297186  190.627396  0.110130  1.157775      23.797270    490.477295  199.859268  13.050415  1.861220  323.173706
75   -7.579442  -5.354178  190.515335  0.137873  1.495110      11.113614    522.270447  223.630096  11.833918  1.048879  337.204346
76  -17.842188  -9.067198  188.901459  0.150447  1.705727      25.097095    673.795410  232.489807  11.929224  1.713732  341.848328
77  -10.494720 -32.628605  193.519287  0.264269  3.778146      21.449228    724.876770  237.756851  10.794746  0.978071  308.249786
78    8.827601   1.349334  189.805786  0.125665  1.537906      22.963482    604.661865  235.792648  12.480395  1.330327  315.578552
79   -6.242687 -24.506462  197.272247  0.216061  3.582633      13.903623    836.113525  221.877090  11.422644  1.905535  340.005646
80  -14.046821 -13.635156  194.643204  0.134440  3.305304      13.866825    638.980774  248.593475  10.896873  0.642253  307.729309
81  -21.494196  -9.043391  186.425140  0.152446  1.747330      19.670900    626.893616  213.259338  11.451958  1.731214  365.265320
82  -13.731976  -3.883144  181.308014  0.124581  1.353888      18.551746    639.304504  242.390991  11.922897  1.611045  335.723358
83  -11.335282 -12.057858  196.874542  0.142739  2.994109      10.776878    476.325409  236.238831  10.794991  1.474230  358.992096
84   -0.533457  -0.867222  192.345108  0.096521  1.468851      16.359814    788.853577  243.774338  11.134610  0.955489  286.939087
85  -15.411912  -6.792567  192.545166  0.139516  1.076800      21.111614    584.145813  239.461670  12.102542  1.946567  348.321564
86  -21.804367 -28.816822  190.341537  0.280286  2.804993      21.812393    455.220490  238.829834  11.868690  0.688474  405.484528
87    4.410783   2.202776  197.642532  0.110551  2.059105      15.584033    565.418762  209.626099  10.486238  1.370191  322.005646
88  -10.687182  -9.279970  193.023468  0.129779  2.538873      19.179897    583.583130  233.424667  10.286190  1.901730  337.219788
89   -9.191293 -12.069930  194.458908  0.141079  2.507603      24.276897    518.666687  203.477982  11.963531  0.478144  279.129120
90  -21.967625 -25.438431  185.334305  0.252108  3.084064      10.579806    616.505249  213.422714  10.238277  1.340670  390.132843
91  -15.867683 -11.554028  196.317001  0.135540  2.023868      27.088497    522.467651  212.929352  11.042227  1.972389  341.345184
92   -4.977280  -3.182895  192.651688  0.119471  1.058306      29.444954    401.062714  247.733719  12.085447  1.234961  317.412415
93  -10.276335  -3.853587  187.083511  0.127772  1.374788      22.136745    503.131927  245.296860  12.932404  1.679645  333.053741
94   16.813423   9.551916  189.001541  0.179718  1.780189      22.509035    470.708313  188.486618  12.173647  1.548570  363.009735
95  -20.142363 -10.525602  185.592850  0.165683  1.810241      14.502481    655.534729  218.443619  11.427329  0.712410  336.036957
96   -3.400714  -2.239148  192.386673  0.115369  1.352518      12.500213    879.317261  188.166931  10.377581  1.924097  327.503204
97   26.551985  14.877649  189.811920  0.198806  2.117618      13.541947    722.201538  243.986176  11.856489  1.790098  406.642395
98   -1.876860  -1.751752  193.745193  0.114057  1.868009      15.867718    774.293335  242.170578  10.935505  1.097237  304.809601
99   -8.763424 -11.340796  193.864273  0.135955  3.121649      10.803176    770.251282  248.548691  10.420395  1.009894  314.194366
100   9.168518   4.386917  191.688293  0.137776  1.767505      10.790792    520.281067  230.348663  12.055467  0.716872  324.052795
101 -20.279741 -15.559287  191.812881  0.182482  2.120618      25.333012    494.239471  209.226105  11.829047  1.231318  364.787872
102  20.889420   6.440978  190.275803  0.140275  1.345872      25.753654    472.695007  202.170700  11.922783  1.685435  358.494995
103 -10.567290  -4.776971  191.340683  0.132739  1.002883      15.936421    977.346558  223.558487  13.010872  1.541258  323.859100
104 -14.347436 -13.475009  191.610001  0.175458  2.291474      17.611227    580.874451  225.011887  10.611179  1.548851  355.586700
105 -14.132846 -16.869366  191.533173  0.177980  2.658226      11.774877    888.391479  225.026810  11.273248  1.104664  331.550507
106 -31.312599 -18.777824  187.734238  0.231090  1.785043      24.177881    527.763306  226.626083  11.951346  0.545989  410.711365
107 -30.626099  -9.482327  185.210434  0.167748  1.269645      22.625532    519.712646  230.375336  11.193320  1.994799  418.620972
108 -19.187305 -12.882397  192.526627  0.148697  2.088641      28.644234    604.264526  217.330902  10.171334  1.680976  339.289612
109 -22.228209 -11.879928  189.436752  0.160427  1.778927      12.036229    654.401550  234.019897  13.151185  1.666638  381.112427
110  -6.684006  -4.293633  192.211258  0.130076  1.105831       9.413800    440.570068  158.576508   9.275546  0.864344  345.573792
111  10.870926   2.747926  195.160095  0.111273  1.272899      25.200462    683.665894  208.021149  11.014958  0.888968  288.061462
112  -1.625829  -2.266855  192.701263  0.109716  1.210512      12.428719    570.485291  245.455261  10.501502  1.693159  333.659607
113   3.163321   0.609635  189.525375  0.127335  1.225720       9.090675    483.005066  248.851425  12.332273  1.038511  339.351562
114 -16.976891 -20.905931  190.154999  0.206197  2.929311      15.227053    734.819397  164.254211  10.938681  1.324340  356.940277
115   6.751736   0.406093  190.436844  0.103046  1.133688      12.909656    834.666870  248.255142  10.342162  1.483869  317.285187
116 -12.689888 -31.288330  193.118301  0.245103  3.903600      18.788082    429.205353  218.184509  10.396246  0.995506  357.133026
117 -15.997046 -27.904219  202.624695  0.239716  2.627560      16.256874    468.248993  208.251114  12.013600  0.988730  398.538818
118  -8.647684 -20.196508  191.070801  0.174125  3.706273      19.764753    579.575195  237.598862  10.566993  0.554106  280.192200
119  -5.477772  -2.843007  187.219238  0.120318  1.524926       9.617238    711.848816  197.876266  10.595623  1.167645  323.526093
120   0.646596   0.297637  193.142578  0.101660  2.046104      18.838703    446.682281  224.204666  11.161394  0.799543  309.680450
121 -17.336588 -22.938404  194.609146  0.218474  2.660831      27.323633    475.537872  228.201187  12.295252  1.549942  366.123840
122  -1.395069  -1.464940  201.385132  0.109859  2.000529      13.706581    764.125854  227.275818  11.586325  0.726893  279.050842
123   9.610205   2.899154  196.078583  0.124579  1.054423      12.434669    692.552551  211.457520  11.668265  1.243165  326.030487
124  -4.843322  -3.883785  196.724579  0.103688  1.415322      21.795292    797.454041  226.653473  10.697835  1.056873  284.978424
125  -7.196737  -9.293763  191.160797  0.128416  3.208973      16.803753    417.270813  237.285828  11.023790  1.709548  347.292023
126 -10.340573 -24.757702  196.363419  0.226988  3.282345      20.824131    403.197357  152.023605  10.486412  1.057196  370.763153
127 -17.630707  -7.698295  193.585388  0.123307  1.139762      11.802305    733.466980  248.666809  11.871422  1.612563  352.096161
128 -17.007172  -9.679546  193.343948  0.150053  1.458294      15.860949    622.286560  201.505051  11.620386  1.641931  356.545959
129  15.418189   4.883968  191.784836  0.116495  1.531609      11.173389    639.553894  239.470917  11.661846  1.194638  337.720825
130  -4.972611  -2.326955  184.623276  0.106018  1.470780      18.096321    716.633423  229.852036  10.902823  1.186689  300.849121
131  -9.539418  -5.732913  189.371658  0.114784  1.803188      24.560728    558.889038  216.545197  12.051548  0.476064  263.589600
132  -0.965179  -1.216225  191.067535  0.111602  1.530342      16.219152    479.839020  199.962387  12.806302  1.258701  326.723816
133 -17.406094  -4.101798  183.577103  0.127584  1.024154      14.280988    817.057922  206.173889  10.609332  1.882490  351.275208
134 -18.588839 -28.530857  194.512924  0.256793  2.869604      15.534351    489.235718  246.874893  10.034563  1.328045  399.495789
135 -16.710062 -18.054117  184.973740  0.202336  2.669333      29.392199    730.498291  159.023224  11.539702  1.894177  336.882904
136  -2.350574  -2.704166  195.063339  0.108029  1.685162      24.041759    819.681763  238.203751  11.023590  1.942492  306.916168
137 -13.361657  -8.565597  185.934097  0.142732  2.009609      24.933340    459.153534  192.908951  11.442479  0.330111  283.351288
138  19.176992  11.034824  194.371536  0.169249  1.690968      18.866991    801.075439  241.417175  11.873159  0.631004  305.231659
139 -13.861564 -18.711502  194.240952  0.174851  3.205890      21.975857    744.806702  234.081284  11.700889  1.908165  343.019104
140  -4.525452  -4.014184  187.127167  0.103696  2.808435      17.778385    737.407410  218.245285  10.021313  0.711764  274.034454
141   6.533172   1.824200  195.081940  0.115700  1.352536      11.331327    545.455383  223.991684  10.247553  0.920616  319.733917
142  -0.950490  -2.095678  191.724503  0.119127  1.075544      23.952862    457.317871  223.857285  11.732220  1.190177  317.846924
143  23.899565  18.091490  186.222443  0.222488  2.596079      22.553360    605.697021  239.606308  11.744598  0.963580  362.808044
144 -19.075294  -4.854465  185.784363  0.113774  1.140319      22.424326    756.701233  241.758835  11.879436  1.640865  334.003906
145 -20.008615 -13.587560  189.555832  0.162553  2.438517      18.734390    499.150757  240.949783  11.936179  0.358490  320.873535
146 -14.280314  -8.124821  196.766678  0.120723  1.153427      18.427458    541.961426  205.130234  12.216352  1.328908  336.076385
147  15.508826  11.464183  194.917328  0.177673  1.872000      13.356894    698.641296  174.676025  11.388672  1.633667  364.115479
148  -6.156989  -2.959831  193.236252  0.108733  1.025579      19.544704    775.901855  196.127335  11.894538  0.925261  289.716309
149 -19.363560 -12.896596  198.242523  0.135503  1.630275      22.071672    794.888000  241.508194  11.610012  0.507208  275.639099
150  -9.368690  -4.110766  185.164505  0.127481  1.317303      18.413704    624.945923  244.284683  11.769670  1.759437  335.504608
151 -26.195692 -16.777536  187.080551  0.202778  2.130728      22.117149    931.370361  224.910934  12.049454  1.107123  359.372314
152  -3.402552  -2.512944  194.159256  0.104498  1.347714      17.599596    493.130493  235.683624  11.246190  1.317250  321.781799
153 -12.909389  -6.088973  189.140808  0.125146  1.457964      11.948507    474.627716  209.688889  10.151584  1.004485  347.170319
154  12.721341   5.948701  184.893463  0.161895  2.003425       9.738731    556.640564  223.817902  11.315353  1.668752  366.145416
155  -2.104832 -14.357111  184.723724  0.158384  3.807834      21.286160    768.077393  209.348816  11.201715  1.656715  314.923645
156 -13.166917  -8.112415  191.449951  0.137674  1.888569      18.775024    920.823486  220.315918  11.887184  1.600289  327.990448
157 -15.299865  -6.145160  184.412918  0.129450  1.620787      21.445665    767.175720  200.984436  10.909627  1.533358  327.405945
158  -8.849911  -6.031323  193.810715  0.119431  1.443121      22.935160    777.789856  225.884247  10.704694  1.537893  311.647705
159 -21.427597 -16.209360  184.595169  0.178810  3.190296      12.110693    660.326538  248.938416  10.893210  1.841195  380.111053
160 -16.243343 -13.055183  189.494141  0.171599  2.035357      27.287731    899.336731  213.769104  11.937616  0.941646  302.977173
161 -12.730517 -12.749837  193.636948  0.153412  2.681271      11.118991    592.933228  248.689896  12.519493  1.594903  359.717285
162  10.777197   1.627350  188.381195  0.113160  1.198368       9.871962    973.451050  227.136597  10.830011  1.107440  310.591492
163 -19.779469 -17.962324  195.549286  0.180934  2.194562      12.996998    849.868042  202.234665  12.158018  1.668058  372.411621
164 -15.970464  -6.945196  189.069275  0.132747  1.251887      17.995586    484.444427  232.814835  10.217461  1.186891  344.824097
165  -4.102561  -3.661257  192.773438  0.128284  1.216242      11.863995    581.534485  173.659134  10.857903  1.936812  343.372589
166  11.839119   2.256193  189.635529  0.111657  1.059016      13.890063    595.768127  242.108109  12.491624  0.467713  278.385132
167 -24.661556 -14.993405  189.835403  0.197011  1.579162      21.539776    537.190125  184.771500   9.955276  0.410099  342.425598
168 -22.233339 -26.137770  186.963440  0.255963  2.881747      24.054409    665.061951  225.269394  11.569496  1.236602  367.845581
169 -12.356730  -7.748384  191.287018  0.139422  1.548441      26.722179    465.709412  198.149017  11.638452  1.738959  338.360199
170  -8.108913 -12.061583  193.706161  0.138687  3.355778      15.267381    835.395752  196.253036  11.110552  1.611237  327.684814
171  -4.906929  -8.430514  191.482620  0.134901  2.476003      16.291145    636.205505  180.868332  10.467474  0.551875  280.234436
172 -18.948799 -16.506777  186.928589  0.191797  2.618550       9.969831    565.889954  214.673050  10.629871  0.600534  349.297516
173  -2.770412  -2.831001  193.237488  0.111348  1.415854      10.875826    478.041626  194.819016  11.227449  1.190133  334.898804
174  -2.621420  -2.925049  184.132767  0.125804  1.562522      16.298704    427.929108  228.213837  12.496392  1.356793  344.896698
175  21.542892  14.084738  195.210831  0.205524  1.620344       9.997918    771.761475  227.070312  12.343733  1.586154  393.643890
176 -14.662122  -7.037731  192.208313  0.125335  1.464889      24.924278    717.489136  232.276611  11.049294  1.505048  321.559631
177   1.715935  -1.327016  188.202332  0.111202  2.091122       8.733859    433.273041  243.283127  11.525232  1.530965  352.239960
178   1.099470  -1.828993  192.390198  0.117407  1.988347      11.602017    471.538116  221.277237  10.273579  0.503059  305.842834
179  -8.212623  -5.630504  193.316635  0.134875  1.556864      16.621346    737.544495  242.310303  11.137841  1.561638  328.529144
180   3.873693   1.856380  195.685303  0.122839  1.868083       9.048986    749.413574  183.314316  13.022116  1.929194  342.378174
181  -3.358323  -4.608649  200.133301  0.114907  1.538225      25.274048    543.998718  198.345322  10.328047  0.979441  295.257690
182 -26.946297 -19.708166  183.784027  0.232292  2.487129       9.645344    732.801147  244.234924  11.329960  1.799398  414.879364
183 -18.178387 -14.954223  201.263443  0.149286  1.794888      21.853754    470.050323  214.441360  12.272977  0.661739  340.991821
184 -11.192399  -7.225593  187.531525  0.137335  1.796525      12.462182    951.464966  249.129761  11.646207  1.615697  335.505035
185 -17.134729 -19.575443  191.317383  0.209876  2.471535      12.944238    530.702637  236.833649  11.028963  1.733870  384.841919
186 -13.637312 -10.997808  188.162888  0.157090  2.744611       9.151307    504.543945  217.452972  10.884734  1.532966  369.167633
187 -21.787252 -19.947920  193.755508  0.208255  2.193686      25.698370    715.910217  235.603897  11.091914  1.183540  359.066589
188 -12.707501  -5.425638  188.349564  0.118495  1.433188       9.686146    826.337952  246.572739  10.927889  0.983631  317.635223
189 -12.489287  -7.740844  190.995087  0.150251  1.512182      15.839210    412.942169  241.209091  11.353626  0.997651  366.319580
190 -10.937653  -6.017673  191.265228  0.117838  1.582080      24.156584    483.956543  246.445312  12.514279  1.319180  323.539581
191  -2.606325  -1.898656  195.756638  0.107779  1.945522      10.765230    517.713196  201.348541  11.290211  1.226662  329.978943
192  -3.334314  -4.862990  189.547775  0.121624  1.680918      20.577845    423.875275  189.821609  11.117997  0.603152  308.857361
193 -12.500112  -5.445560  193.837189  0.128480  1.201950      17.271038    431.991119  206.894424  11.071330  1.138817  351.784210
194 -16.062639 -17.572199  189.382294  0.176839  3.220874       8.539833    837.652222  225.081039  10.940847  1.061266  343.722870
195 -19.356874 -23.052996  192.459839  0.232108  2.540719      14.245969    850.474121  232.001678  10.555599  1.564330  376.171448
196 -18.597506 -32.406509  193.389221  0.281064  3.194715      16.109283    506.213623  233.876419  10.383143  1.161238  395.000885
197  -8.913109 -31.071367  200.776779  0.254324  3.452749       9.936014    442.939819  210.628067  11.786752  0.654957  365.042114
198  12.912886   6.611829  195.420502  0.136456  1.338512      23.594976    856.357971  217.490494  12.072028  0.849553  286.152557
199   1.439898  -2.113498  197.258362  0.111318  1.732540      29.708057    416.069366  186.847839  11.680314  1.951383  320.429352
200  -0.457567  -0.763086  188.574600  0.120463  2.173553      10.635191    403.971588  244.706375  11.158945  1.004456  354.389526
201 -21.571815  -7.566448  185.423203  0.142985  1.395689      28.713730    657.129700  230.470261  12.770201  1.170949  331.571075
202  -5.151774  -3.060096  187.949417  0.126622  1.971384      19.054304    412.010132  219.352570  11.028818  1.563536  347.406311
203 -12.301222  -7.708634  190.931366  0.145953  1.438962      20.461191    415.305023  162.402588   9.731748  1.188642  349.865967
204 -22.691208 -13.143845  188.485016  0.181073  1.896579      11.809041    555.404724  229.333298  11.970575  1.383122  389.971405
205   2.583745  -0.196480  195.910583  0.122622  1.034479      11.317112    898.865784  246.887741  12.267783  1.545769  322.955780
206 -19.525253 -21.275114  192.840683  0.212008  2.516509      29.397682    553.623962  240.867096  12.105999  1.001880  344.431641
207  -5.218292  -1.831415  186.191528  0.121529  1.094975      16.442900    452.642639  210.511902  11.906106  0.300409  279.951202
208 -21.716753 -28.192547  195.282425  0.260069  2.682811      11.259757    546.186157  191.486374  11.308731  1.616615  429.044525
209 -10.295684  -7.845115  189.543121  0.132128  2.027037      11.750353    461.847504  195.397507  11.280887  1.446082  354.250671
210 -14.755627 -14.396164  193.222031  0.178178  1.964280      19.107634    561.675232  172.121399  12.460894  1.694651  357.569519
211   0.438810  -1.424033  189.008575  0.113146  1.452755      26.182716    411.810089  230.770615  11.410655  0.938176  312.397644
212 -21.379713 -18.619776  191.612625  0.196744  2.384315      12.795338    453.148926  208.952438  10.599870  1.105325  404.497406
213 -19.779305 -15.751955  197.876343  0.192655  1.461796       8.081862    635.174805  185.200760  12.644061  1.888193  399.796173
214   2.464294   0.910709  189.412048  0.109314  1.350112      17.614513    497.296936  224.314682  12.672583  0.344098  264.036499
215   7.234949   3.316723  185.080383  0.122752  2.026021      28.818155    826.553528  228.744736  11.434058  1.424504  291.534088
216 -10.288173  -6.674706  190.533371  0.138165  2.733430       8.693222    475.062195  226.819366  11.362760  1.276429  361.362457
217  -5.661528  -1.822814  188.884140  0.115054  1.726862      17.564020    746.386719  225.696625  11.004875  1.233286  307.420715
218 -19.445715 -34.429142  184.817825  0.307894  3.536152      19.592436    407.458252  236.466080  11.517429  1.627745  415.532166
219 -10.266804 -15.810509  194.799347  0.191775  2.517499      10.175139    445.232269  185.988693  10.693008  1.413187  377.762146
220 -15.860582 -21.759531  192.573242  0.213740  2.769502      15.981024    721.817566  197.183838  11.238063  1.185455  347.713013
221  -6.344602  -3.472934  195.000443  0.127308  1.176830      10.327883    485.225586  213.378143  11.654230  1.232179  343.345154
222   8.906960   3.851055  187.174545  0.138785  1.831036      22.777889    705.122314  231.324677  11.724926  1.395647  316.031067
223   4.090836   2.606958  192.390015  0.127212  1.827580       9.570024    706.798950  221.592026  11.223658  1.277645  329.677887
224 -16.938700 -15.686194  189.496109  0.173003  2.706780      16.494720    437.691010  213.152359  10.863267  1.705755  381.114471
225 -10.532470 -14.750926  195.328445  0.148181  2.924984      23.875505    878.714478  223.051620  11.149529  1.732078  316.927246
226 -20.453426 -18.150696  185.970062  0.220583  2.407512      11.954703    502.843384  208.360840  11.624463  0.571671  374.165192
227 -12.100275 -18.529535  194.086670  0.172707  3.073825      16.471638    902.729370  240.041687  10.293218  1.053656  314.328857
228 -19.918327 -23.938768  191.688812  0.224765  2.773332      26.885258    936.364136  214.070953  10.323918  0.567406  288.194305
229 -11.750045 -17.334616  197.714294  0.166136  2.828559      24.451818    548.892944  223.659698  11.690003  1.245248  330.768250
230 -22.505064 -23.843922  193.074432  0.236710  2.479058      18.853231    570.044617  205.290512  10.829825  1.561833  403.885101
231 -16.340864 -21.710739  194.103516  0.204612  2.739139      13.617860    570.911621  235.496567  11.500638  0.884096  353.859802
232  11.056417   1.170056  190.261124  0.104569  1.448936       9.294422    802.896240  209.519531  10.666758  1.970674  341.277100
233 -12.419310 -18.414127  194.227356  0.191626  2.775259      26.499487    456.611725  187.985519  11.732088  1.127776  339.480316
234 -21.590147 -14.202934  193.267548  0.157703  2.140211      18.078497    689.630615  246.485306  11.047935  0.778660  338.277344
235 -14.364959 -10.864476  197.819077  0.133110  1.896824       8.945649    456.100189  211.349670  12.301181  0.839952  360.979614
236   5.076913   0.682419  184.851074  0.126413  1.544376      12.334204    597.015991  209.818390  11.602401  1.548788  335.164093
237 -17.679710 -21.307590  190.926224  0.212173  2.660240      23.560587    805.231018  211.671417  13.076468  0.804595  314.074219
238  -3.388985  -5.079989  195.091919  0.114685  1.907208       9.113619    823.922607  249.334457  10.826998  1.715552  331.047180
239 -15.093163 -11.684738  189.126129  0.151017  2.715881      14.219411    475.605896  198.935852  11.309913  1.118957  357.616394
240 -11.721284 -14.791088  193.726547  0.180008  2.413039      21.009071    618.866455  230.386673  11.261125  1.916902  348.806335
241  -2.521148  -5.579663  195.736282  0.121737  2.868751      14.421057    768.875122  249.378571  11.538283  0.852526  295.013763
242 -17.115170  -7.745089  190.287231  0.126959  1.450079      19.507355    757.009827  237.101517  11.259841  0.802037  306.306366
243 -20.514631 -18.000938  192.578613  0.182688  2.415943      11.777225    622.996948  229.931198  12.291367  1.348249  376.357666
244  -9.071123  -3.870138  187.064819  0.131671  1.257958      10.094218    853.536194  202.745712  12.486404  1.312861  329.032745
245 -22.718529  -8.706788  187.727386  0.143486  1.507822      13.992220    611.964050  238.674805  12.334918  1.126299  362.655182
246   2.662955   1.824185  194.138611  0.125772  1.849242       8.849832    556.170105  226.172272  10.248283  1.237909  333.784332
247 -19.806797 -15.111504  191.636902  0.182086  2.203044      12.415206    442.172028  221.649582  10.904718  1.913240  412.064026
248   3.098557  -2.465361  197.578903  0.123054  2.426402      17.679253    821.732971  228.571732  11.009607  1.475384  312.269989
249  -7.721715  -4.405360  193.062851  0.128594  1.152051      10.150945    512.101501  133.375137  11.221639  1.948465  356.922821
250 -14.926693 -18.313133  194.185654  0.179483  2.738691      15.249893    472.654480  215.479538  12.483047  1.526519  371.241974
251  -0.911104  -1.301665  184.441391  0.124347  1.147076      21.715555    462.620789  189.608932  11.991335  1.778117  330.786163
252  -8.896428  -7.081977  196.966049  0.138498  1.447849      10.577211    502.938171  174.265381  10.557403  0.730506  329.206024
253 -25.004377  -9.515158  190.566620  0.139666  1.104723       8.110806    624.968384  242.001953  12.606644  1.900859  396.508881
254 -19.196152 -22.284445  188.661743  0.222579  2.840546      25.387712    626.253967  202.159180  11.373755  1.711079  362.135040
255  -8.392105  -5.813723  197.225647  0.115697  1.598794      12.119371    837.407837  197.976990  12.423425  1.762037  330.004333
256 -13.491309 -12.625896  199.249634  0.157571  1.603994      22.771563    449.520386  190.175873  10.587256  0.703066  333.191620
257  -9.854675  -3.567062  183.265228  0.106596  1.492630      21.746063    560.870972  207.210648  11.411448  1.435161  316.901642
258   2.226084   2.270494  191.691910  0.131131  1.951946      14.842774    650.512817  229.843460  10.684659  1.451850  326.159637
259  -5.699634  -3.468431  195.844330  0.109302  1.164911      21.787069    601.273682  243.598877  10.946026  0.835818  288.520844
260  -6.221847  -9.418952  190.275970  0.141515  2.262265      20.373190    650.269470  244.929169  12.420234  0.793218  294.358398
261 -10.322155 -10.486783  193.578232  0.145028  2.110852      20.690853    591.470520  172.495407  10.893412  1.732546  335.119598
262 -15.567130 -23.611946  190.786346  0.218930  3.114555      19.977432    492.837524  226.512054  11.341824  0.251260  290.201447
263  -9.268988 -16.341358  197.472626  0.165728  3.024180      17.037760    406.791656  182.401062  10.481672  1.889727  367.104828
264 -10.533979 -29.242521  192.186356  0.238137  3.788587      17.865532    943.126587  245.912277  11.358463  1.247252  315.380737
265 -14.868118  -7.507713  190.185333  0.135168  1.366411      22.353441    530.750122  171.560974  11.572018  1.842199  344.835297
266 -11.544950 -13.365750  195.830582  0.142102  2.870342      24.797628    481.083649  227.921158  11.256934  0.246421  253.667633
267  -9.223154  -4.527761  198.556168  0.108230  1.580150      11.723563    684.090576  210.064911  12.534645  0.779346  297.615112
268  -3.492742  -5.056781  193.180893  0.122970  2.249214      26.355124    650.580811  225.518021  11.757497  1.113609  294.169769
269  -8.674152  -7.105125  192.477402  0.135503  1.918996      23.893448    436.023560  215.232224  11.923073  1.173750  332.797913
270  -3.566018  -6.423543  193.092529  0.130423  1.822353      12.560598    653.880371  154.795105  11.441241  1.672726  333.918091
271  -1.662108  -2.806832  196.930542  0.111619  1.514287      21.906906    903.352417  236.761734  12.152920  1.570993  302.506012
272  -8.807552  -6.897444  192.949387  0.138558  1.808986       8.456270    604.936401  239.625259  11.479065  1.260172  345.793457
273  -6.395666  -5.995697  190.642532  0.132352  2.131545      14.879637    581.960449  231.258850  11.177900  1.864993  340.689941
274 -18.880632 -11.118101  196.752853  0.135193  1.401354      19.320410    579.097046  221.903641  10.368479  0.923872  334.389099
275 -13.672536 -10.778502  192.076202  0.154718  2.236190      13.033839    734.007141  222.569778  11.345087  1.347774  342.511078
276  11.709218   4.365188  197.571732  0.123389  1.205611       9.602534    422.494965  221.496338  11.192933  1.324620  365.007874
277  -4.710555  -4.328999  193.126831  0.106270  1.669969      27.538752   1000.000000  233.337662  11.125387  1.916679  299.337219
278  -4.781865  -1.925437  190.046783  0.101679  1.815662      16.121469    716.405334  241.674500  11.360962  1.893044  322.900665
279  -7.321669  -4.423574  190.162430  0.120298  2.233343      12.259243    942.639282  236.612961   9.783354  1.903558  332.931335
280  -5.139811  -8.208505  196.186539  0.125314  2.551958      21.142139    569.633606  242.432281  10.965281  1.114558  309.286835
281 -14.719691  -6.561902  189.518799  0.126843  1.444177      19.430639    695.351074  201.311508  12.199534  0.791990  302.697205
282   3.072464  -0.758046  198.242325  0.109900  2.259664      15.157186    454.951202  230.765823  11.466744  0.952558  325.691345
283 -18.150873  -9.533425  188.830688  0.150572  1.607476      19.017843    730.313843  231.719681  10.886428  1.401474  342.152161
284  -9.649264  -3.731473  189.758179  0.126088  1.749371      12.284783    688.174500  223.046555  11.915237  1.611967  338.005066
285  -8.714818 -20.606007  193.215332  0.198162  3.379962      14.614888    576.350830  179.506454  10.452581  1.473127  347.048889
286 -28.113541 -21.179411  191.360336  0.226369  2.109705      19.961727    496.295013  243.348083  11.809888  1.570914  436.742401
287 -12.289083 -28.482697  190.331238  0.244477  3.493552      19.015364    457.188599  225.844376  11.505047  1.398024  352.086395
288 -25.459869 -19.396608  190.115662  0.199844  2.285273      21.667257    735.716980  217.441818  11.170314  1.964149  390.250305
289 -15.416336 -14.456781  190.480316  0.176659  2.377401      19.075020    851.999695  191.813644  12.525715  1.593148  344.425476
290   4.308366   2.224363  191.499466  0.120373  1.690965      27.355745    662.554260  237.065094  12.035089  1.207706  294.709991
291 -14.279885  -7.326176  190.595825  0.139366  1.594959       8.222685    435.567566  223.472672  10.717291  1.255523  380.509705
292  -5.100715  -2.009120  191.537186  0.131452  2.377420      18.392662    499.265717  236.389359  11.220932  1.650359  336.028534
293  13.443526   5.863935  192.648514  0.138329  1.830500      14.493713    787.021912  188.971832  11.266663  1.501420  337.670013
294  -6.955972  -9.787603  196.151108  0.148481  2.465100      10.069354    527.585938  217.935135  11.772402  1.111158  344.995819
295 -21.782883 -16.350731  190.710419  0.206158  1.994790      28.748028    401.249237  222.854919  11.596004  1.722659  424.550598
296  -6.977106 -14.317443  196.945343  0.155096  2.699754      14.337606    745.843506  243.483063  10.691101  0.955033  309.056152
297  12.815304   4.235629  189.803268  0.128353  1.637104      25.975103    419.099731  215.488831  10.597136  1.107276  331.913757
298   6.253099   3.324218  192.875610  0.125169  1.658183      12.824115    508.329712  239.895905  12.192154  0.815194  319.923706
299   4.598349   1.999409  191.497162  0.128105  1.877169      15.443314    447.262024  222.524826  10.952499  1.286453  340.830597
300 -13.403267 -10.546398  197.889893  0.148473  1.534398      13.567201    486.535706  198.430145  12.171952  1.884556  365.195526
301 -22.403599  -8.791229  191.761398  0.134317  1.146193      18.225548    699.620544  233.479218  11.064708  1.183605  348.113953
302  -3.111425  -1.915724  198.922562  0.135757  1.434470       9.084702    412.721588  240.112701  12.646986  1.328383  365.979767
303  -8.026169  -7.066429  192.334366  0.137116  1.696640       8.554232    555.000000  166.757904  11.196426  1.924231  358.375031
304  -1.269277  -4.874959  192.835510  0.122406  2.155457      27.595806    598.061035  171.959183  12.240419  1.505715  307.153992
305   0.504997  -2.828683  186.583176  0.119169  3.091298      21.816906    560.690125  206.065430  10.349862  1.663811  323.144989
306  -2.999995  -2.258542  190.783737  0.107524  1.285390      22.220762    741.837280  243.697052  12.183330  1.871680  310.793884
307  -0.739500  -0.715134  187.363419  0.127178  1.196812       8.593056    507.465210  212.316620  11.792292  1.636281  352.658478
308  12.645474   7.710554  195.725525  0.145775  1.761632      16.065510    715.227417  215.207794  11.213353  1.222648  329.171082
309 -19.729382 -19.257801  189.509430  0.189121  2.845918      26.839396    648.344727  242.946014  11.994223  1.776354  351.414764
310 -12.745599  -3.595356  184.023468  0.134598  1.197185      13.922387    627.594116  237.087906  12.297018  1.457636  342.157532
311   1.866306   2.350030  197.200531  0.118266  2.146090      14.030924    658.990967  223.016769  11.974100  1.370665  321.224884
312 -18.276716 -21.592176  187.856537  0.211706  2.991110      21.492823    669.930298  243.200806  11.763220  0.518843  301.041840
313  -5.248518  -2.998272  193.853226  0.122440  1.465452      18.851410    510.341187  201.581665  11.804429  1.248953  325.516541
314  -8.859697  -4.330651  186.756271  0.123405  1.495424      11.616918    724.338013  223.366776  12.097551  1.160555  323.508514
315 -15.857631 -25.212538  190.639908  0.219448  3.390078      17.262976    758.007690  240.655563  10.895100  1.645381  354.419952
316 -14.518918  -6.348884  189.744217  0.103981  1.466748      28.949457    622.656494  244.257111  11.340236  0.574210  263.307861
317  -6.384248  -3.561747  190.811646  0.124865  1.995829      12.265837    755.865601  236.411270  11.415001  1.893978  338.726654
318  12.016121   4.246915  191.987320  0.132049  1.267261      28.765215    484.517944  204.414871  10.522386  0.628819  294.628693
319 -14.691328 -24.494558  195.538849  0.223461  2.894168      26.538895    416.632446  200.887665  11.458013  0.593471  355.364075
320 -16.793270 -13.701911  195.600204  0.162953  1.915518       8.663113    791.185730  221.477142  12.456994  1.085816  346.517883
321  -4.525146 -13.597554  196.681229  0.155111  3.004766      13.811644    605.674133  209.531555  10.996334  0.751547  307.129486
322  -7.900631  -4.621984  191.597137  0.114965  2.927901      18.727320    517.648438  238.651260  11.538965  0.597024  292.835968
323 -13.725813 -30.080442  202.394302  0.249643  2.933840      18.984337    971.077942  196.300705  11.042906  1.120310  344.331604
324  17.620800   8.760957  196.094803  0.141285  1.542292      29.105640    510.105438  206.713623  12.516332  1.698774  340.950775
325 -14.672757  -6.578780  186.616913  0.131566  1.870195      13.610092    932.443970  242.447357  12.054914  1.210451  323.629242
326  -7.133208  -2.876578  188.458466  0.125992  1.717624       8.673845    939.500061  236.356705  10.282475  1.250127  322.157318
327 -14.906825  -6.946701  196.769318  0.100083  1.378946      23.099882    687.528320  243.168472  10.800175  1.174235  307.335754
328 -13.553535 -17.209238  195.207657  0.178855  2.584105      20.308434    622.726562  160.266098  11.267461  0.774797  316.740448
329  -5.367418  -3.923290  190.617050  0.127198  1.833244      17.861877    489.710083  243.393951  10.839150  1.610726  337.450409
330  -3.429083  -3.538461  192.835983  0.122981  1.567912      25.963711    615.084106  213.710693  11.942589  1.174871  298.918884
331  -3.485243 -31.617136  198.612595  0.255786  3.821822      19.964626    904.092224  225.164352  10.661848  1.193204  295.528778
332 -17.539854 -14.415467  198.539993  0.155765  1.821219      10.749879    581.073486  197.700592  11.498745  1.286711  369.298950
333 -16.195177 -19.487211  190.098022  0.212948  2.550264      23.535738    513.481079  164.123978  11.757616  1.228333  352.157837
334  -6.476572  -5.587574  190.987656  0.122834  2.305491      21.221594    436.522919  246.797806  12.267202  0.230190  267.408417
335   2.576954   1.848357  194.137695  0.117615  1.751752      22.102350    504.852081  169.456284  10.252687  1.110641  308.401031
336 -14.600399 -10.287271  196.400543  0.138081  1.620708      18.727390    400.454803  212.603500  10.508863  1.166362  365.293518
337 -16.275686 -15.481274  191.376144  0.156339  2.767523      23.610567    500.543213  229.860367  11.313950  0.892226  329.123047
338 -13.908368 -13.953236  194.043228  0.151381  2.518674      16.864866    831.994446  187.261230  10.793729  1.792554  340.341370
339 -15.687733  -8.539332  192.115341  0.144026  1.469217      11.159045    585.979797  197.590622  11.255380  1.422465  359.311707
340 -14.096752 -18.623953  194.287247  0.191854  2.640723      17.000980    629.572144  216.816803  11.404028  1.307093  351.015625
341 -19.111288 -28.954292  199.030487  0.240021  2.813692      23.864170    591.351929  218.485748  10.934482  0.601405  345.890259
342 -13.939711 -14.230167  186.698181  0.178045  2.765323      11.469390    553.607849  215.222733  10.698921  1.149785  355.517700
343   8.439158   2.084415  191.109436  0.129662  1.066140      10.094300    559.523315  170.407730  10.647762  0.701140  315.733276
344 -17.810656 -20.639284  195.933472  0.191972  2.638866      22.458017    490.325256  227.773788  10.873289  0.497554  330.102295
345 -15.079802 -11.190351  184.119019  0.174734  2.143987      10.938951    491.352844  190.071472  11.057281  1.660689  378.675385
346   1.073054  -1.201132  197.287857  0.106377  2.267194      26.052315    437.057404  244.139679  10.736943  1.823117  318.205536
347   5.153634  -1.019854  190.091400  0.116999  1.238174      15.894661    488.729675  236.561020  11.652995  1.564897  336.063873
348   8.934358   1.727402  193.690720  0.115261  1.456020      13.335463    733.016357  207.218216  10.844978  1.807212  334.339874
349  -2.124502  -1.623529  193.881271  0.115051  1.675175      13.904838    525.774353  212.354935  11.609079  0.778640  306.620575
350 -10.389719  -9.253695  194.205963  0.137733  1.850296      23.046194    562.133423  209.862900  12.042606  1.643289  328.087524
351   8.564210   4.394303  188.960770  0.136611  2.091515      12.102540    672.202698  205.982437  11.597341  0.510098  281.766296
352  -8.193957  -3.530678  191.876205  0.104407  1.779621      23.385706    474.287964  202.096176  11.088531  0.454394  277.341827
353  20.377501  10.945318  196.412354  0.164762  1.605752      10.182630    523.954407  180.498917  10.822424  1.661422  393.069122
354 -14.286060  -6.742055  191.819504  0.120320  1.639786      14.410978    573.659302  232.711121  12.099485  1.115500  331.432220
355  18.711180   9.839494  187.656616  0.179558  2.056666      15.809601    443.477844  197.466125  12.950272  0.737339  374.097534
356 -16.419643 -13.003242  193.288422  0.146153  2.326706      23.847757    428.087128  242.658173  11.337961  1.469436  356.774841
357 -15.578509  -5.115362  186.815521  0.124801  1.338440      15.720364    567.213074  227.441238  13.046328  0.463278  293.101166
358 -14.198155 -22.385149  193.641434  0.198436  3.163254      21.913393    527.701477  203.978653  11.116900  0.301620  273.986542
359 -15.244324 -10.014998  194.751282  0.142019  1.536168      28.822214    517.411255  202.761780  11.522440  0.552330  293.010437
360  14.365432  10.347003  191.942368  0.168083  2.071372      14.256772    749.910706  237.995346  12.142769  1.271732  342.646027
361 -16.605703 -18.459124  194.225403  0.188273  2.447517      11.483072    963.366760  249.963654  12.229782  1.161467  343.225128
362 -15.221679  -9.670912  188.118744  0.151876  2.106254       9.371729    746.906250  234.417496  10.603746  1.931649  365.294647
363   6.371866   2.107225  189.315018  0.113852  1.328871      19.838367    617.281799  242.866760  11.663695  0.831566  292.815613
364 -18.744558 -12.702526  194.231659  0.158766  1.799768      12.544924    532.057861  230.614899  11.036467  0.308348  310.560364
365   2.092945   0.382144  198.520630  0.106051  1.669033      23.672588    659.469604  231.237442  11.992175  1.610244  304.962402
366 -15.584414  -8.208462  188.693787  0.143302  1.654953      20.333288    417.840576  232.022232  13.724165  1.895168  368.302521
367 -21.998138 -20.878061  185.920807  0.213573  2.853372      12.981906    751.695557  248.058990  11.761306  1.114205  361.808136
368 -17.176521  -8.285432  192.565247  0.132426  1.225849      13.392331    701.898010  221.735367  12.233292  1.129686  337.310730
369   4.037593   1.072373  191.472595  0.118961  1.032675       8.780678    957.422974  131.613388  11.474410  0.898813  298.153046
370   4.118656  -0.332187  196.052078  0.118723  1.864965       8.208195    732.987061  193.662399  10.834147  1.269450  328.699768
371 -11.715034 -17.233665  191.021255  0.157003  3.662448      24.482187    933.837036  241.192688  10.232607  1.363650  308.207092
372 -18.498552 -12.164711  187.724396  0.172337  2.076692      10.482602    917.089050  218.848312  10.830948  0.982784  338.580261
373   0.893213  -3.307129  190.933380  0.121650  1.944441      10.056723    428.518433  243.192703  10.742411  0.633723  334.369781
374 -12.371357  -8.609619  194.525711  0.126963  2.044464      18.284157    419.007385  239.363693  12.559793  0.624683  336.704651
375 -22.212152 -15.316126  185.359894  0.204672  2.049939      20.717951    839.043762  198.743027  11.316228  1.718364  368.693604
376 -12.936226 -14.582833  193.061386  0.167912  2.371710      17.449791    454.847168  180.111908  11.298383  1.631021  362.192474
377 -24.341932 -13.266018  187.647354  0.185062  1.742382      13.138183    814.027710  213.296570  11.748347  1.467949  385.075531
378  -8.142311  -4.374232  193.973877  0.106596  1.007198      20.947275    742.669617  239.251877  12.616403  1.898476  318.843231
379  -5.374268  -5.634688  191.724854  0.119358  1.973905      20.468109    886.137146  230.410385  11.173883  0.981883  285.273956
380  -1.660255  -5.255550  189.393860  0.129901  2.486962      20.917055    731.911560  248.558121  11.133663  1.664075  317.362000
381  11.105661   4.401495  197.271332  0.123627  1.270261      18.758854    892.418335  234.363342  11.563904  1.707747  323.882507
382 -21.176556 -27.781927  185.900650  0.271830  2.971601      11.587142    556.660889  199.281097  11.293608  1.132163  389.831940
383  15.188077   3.809380  189.730713  0.131294  1.274680      11.183412    544.070129  203.500488  11.117630  1.534537  358.073914
384 -24.169231 -21.257046  193.597687  0.211398  2.169621      20.921484    767.043823  248.116577  12.087955  1.187677  373.311768
385 -15.055029 -12.526051  191.075790  0.148734  2.610829      10.470585    703.071716  222.746582  12.207919  0.723213  319.334869
386  -8.296021  -9.605477  192.866943  0.141490  2.273178      13.023592    490.818726  224.159256  11.213284  1.382812  347.409119
387   9.867122   4.860975  193.765808  0.129184  1.509332      29.460588    724.364197  241.738052  12.779128  1.720160  311.115173
388   2.272760   0.378130  189.369247  0.109995  1.454295      14.549925    762.355347  238.128296  11.008657  1.050282  301.761505
389 -11.789947 -23.349546  199.040634  0.234924  2.576027      18.151453    410.338623  185.131638  11.342715  0.352293  384.697540
390 -11.008358 -29.423521  196.709991  0.249692  3.467732      17.202776    532.739685  206.108307  12.102522  1.683824  361.467499
391 -15.819340 -11.308954  189.317245  0.141054  2.265330      19.225508    500.437195  246.350601  10.258876  0.443759  304.116913
392  13.037594   7.035943  188.717255  0.145714  1.968261      26.616068    878.372620  240.296432  10.760412  1.948644  323.771332
393  -4.999921 -10.139470  197.573669  0.140221  2.518875      20.931641    896.185913  240.885315  11.131186  1.877472  316.959686
394  -9.527412 -20.563353  196.054672  0.172751  3.695594      19.452471    594.851562  247.054413  10.539845  1.393775  328.422577
395 -15.195175  -9.641153  188.202560  0.168561  1.549354      12.201782    403.004456  215.147141  12.519480  1.203441  413.995911
396  -9.114673  -5.574684  196.978790  0.111517  1.875611      23.259998    838.885559  207.627014  11.219355  1.760945  309.763092
397 -16.137695 -13.108611  189.440262  0.167114  2.226520      18.994282    860.694946  205.860107  11.793806  1.325664  336.400635
398 -11.698267 -17.961025  196.107941  0.174441  2.828583      14.075268    633.736938  208.737534   9.964801  1.084976  335.618042
399 -23.070942 -11.308781  192.226852  0.154569  1.304947      25.160463    537.029968  202.782578  12.812397  0.620248  333.385437
400 -28.078817 -15.076586  192.240677  0.164277  1.556181      17.996937    712.352112  238.221451  11.292197  0.461701  330.460876
401 -11.277598 -18.554756  188.992050  0.198540  2.952627      12.656339    504.210175  201.268768  11.402529  1.651743  361.288330
402 -21.032194 -22.907749  191.123474  0.233313  2.463992      25.743958    886.066711  204.546524  11.580932  0.755629  320.633789
403 -16.829351  -5.790105  187.351273  0.125128  1.276562      19.294329    671.134094  223.043365  12.006742  1.914784  345.474030
404  -4.924096  -2.252546  190.655289  0.111852  1.380156      13.265578    529.929688  158.133377  11.396526  0.863059  312.208252
405 -11.442165  -3.495633  185.106293  0.118358  1.006663      22.520573    776.094482  223.582886  11.349305  0.989354  296.289490
406 -16.851240  -5.702045  182.932693  0.136983  1.770383       9.241536    440.096313  246.305664  12.504301  1.285876  382.097229
407  14.502591   7.103992  189.343750  0.152749  1.820239       9.462441    727.844238  202.190414  10.815377  1.670137  358.166382
408 -16.864851 -24.453669  193.175598  0.235544  2.803638      14.940950    722.399597  215.776077  11.719522  1.147139  359.567322
409 -11.943910 -12.239477  190.993286  0.148338  2.865125      15.651402    640.037109  231.287109  11.635785  0.795617  312.442047
410 -12.146200  -7.292581  185.549667  0.137431  1.981351      13.084031    507.883148  233.625778  11.750721  1.373629  351.534698
411 -22.938932 -30.332367  190.860794  0.274330  2.967497      21.291975    440.914551  223.071960  10.640267  1.203288  447.104248
412 -20.403606 -11.250470  189.739105  0.148088  1.812612      12.865558    525.962891  208.771194  12.193908  0.505456  334.154327
413  -9.012040  -9.588944  194.010162  0.133862  2.237525      24.586546    541.200745  216.567001  11.510280  0.565356  280.994263
414  -9.501180  -5.258065  195.424271  0.121821  1.445627      26.351603    414.691254  191.511063  11.248528  0.996012  321.182617
415  14.583217   3.833244  187.860626  0.135039  1.069287      11.378480    709.468445  185.689041  11.619142  0.617478  301.865082
416  -6.608852  -3.304517  197.316940  0.117723  1.286482      17.710634    817.887817  238.220383  10.398804  1.394652  312.626953
417   6.804080  10.159411  183.617096  0.169157  2.703011      28.522736    929.635193  195.493027  11.420127  1.751346  308.261749
418  -9.529259  -3.662959  187.388824  0.114737  1.237870      19.124874    496.095245  219.994125  11.941645  0.697333  307.014557
419 -17.264137  -8.513254  194.403336  0.137498  1.168738      15.820652    506.776245  191.241547  12.675146  1.956120  369.260406
420 -14.930590  -6.031102  187.260666  0.138132  1.928097      11.746713    411.576569  184.625000  10.334951  1.557159  386.011627
421 -12.498286  -5.862618  189.481491  0.127235  1.540691      14.933367    528.948486  246.345947  11.694120  0.736516  322.869324
422 -15.257750  -9.976047  192.144119  0.148994  2.038981       9.116325    432.398804  225.089584   9.816157  1.385884  385.492249
423  -4.913135  -7.790029  189.373840  0.144437  2.348644       8.608669    703.171936  184.403152  11.453098  1.572254  341.397614
424 -18.314581  -8.580137  192.201691  0.145678  1.433062      13.823986    524.140991  201.218338  11.381572  1.813652  372.044586
425  -6.676635  -4.537932  191.935959  0.122670  1.374085      19.958078    914.407043  175.775665  11.347000  1.505746  312.064240
426  -0.706168   0.036262  195.399841  0.120469  1.619887      11.643226    557.548096  212.601791  11.451060  1.405647  331.632751
427 -27.555548 -10.611856  188.481125  0.162755  1.417510       8.131301    732.397583  245.444717  11.495937  1.277452  398.813263
428  -8.695831  -2.957108  187.437210  0.110248  1.168914      25.034145    655.703308  239.249908  12.636747  0.732115  277.190765
429  19.947462  16.253286  188.070648  0.220391  2.360406      14.373441    787.636536  200.298035  11.580921  0.870253  345.894714
430  -9.608046  -7.105285  195.491577  0.137637  1.334831      11.188817    451.221771  208.367111  12.159256  0.875347  346.722565
431 -18.353712 -15.963220  199.614517  0.156699  1.890139       9.440942    691.015381  244.338837  12.954781  0.610520  327.997559
432   0.598716  -5.384380  198.130249  0.114960  2.463152      29.066229    540.040039  242.982498  10.992527  1.397848  298.508270
433 -18.086571 -19.387564  190.735458  0.194185  2.898611      21.691154    622.836548  210.673492  12.376829  1.338249  353.270966
434   0.403435  -0.280472  195.293854  0.107570  2.093767      12.815177    759.619690  249.601654  10.406379  0.861602  291.230957
435 -15.411924  -9.295130  184.312576  0.150916  2.269852      21.168472    466.332123  212.257446  11.747095  0.737459  334.983154
436 -12.894219 -17.615856  194.448166  0.183661  2.931671      15.281495    406.136688  242.660095   9.871614  1.282946  384.258667
437  14.152638   5.537560  192.608231  0.122721  1.381449      15.427741    751.212097  233.867523  12.106065  0.658819  290.176849
438  -7.263911  -3.973098  187.063583  0.118025  1.614205      29.883974    613.718994  216.873352  12.393415  1.525534  302.182465
439 -23.847507 -14.582412  190.871826  0.188071  1.599494      28.360987    448.402496  237.258926  12.446610  1.423867  383.733368
440   1.646867  -0.661724  193.186005  0.113912  1.304669      15.910419    448.322388  216.648254  10.802189  1.234075  330.406281
441 -11.957035 -13.479865  186.314972  0.171956  2.698695      14.044793    474.397125  245.187363  11.135941  1.162174  354.014801
442  -1.076521  -1.019164  190.652618  0.113878  1.698335      23.038839    472.836090  214.081009  12.318289  1.938139  327.343079
443  -6.172006  -2.567360  196.551041  0.104503  1.965027      11.595185    919.078186  245.714935  11.240134  1.793360  325.437469
444   4.038053  -1.655094  190.960770  0.120418  1.801117      12.903461    691.771606  227.677322  10.783332  0.774232  296.169312
445   6.056613   4.347566  192.082428  0.140189  1.979107      11.622108    432.596405  215.512039  11.656887  1.034107  352.092682
446 -24.585032 -14.489898  192.679794  0.182570  1.422824       8.391399    626.319702  208.864288  12.398537  0.571021  362.166626
447   2.439544  -0.826348  195.456131  0.099156  1.342166       9.787022    878.033752  240.139160  12.098061  0.807779  283.977539
448  -2.821182  -1.610757  188.326294  0.121924  1.140568      14.487784    946.542786  216.819794  11.380459  1.923523  325.546844
449 -11.845932  -7.200691  192.828308  0.116179  1.577342      22.023756    805.930542  239.360504  11.525940  1.020232  294.413513
450   4.012331  -0.350342  193.405731  0.107129  1.178534      24.540163    550.206238  235.399261  12.404135  1.964709  317.980957
451 -15.165803  -9.156055  190.345901  0.143388  1.958426       8.314641    906.924988  240.773270  11.107554  1.526931  347.973206
452 -10.910029 -29.626455  197.172760  0.231941  3.679881      28.238443    437.676666  247.985107  10.365569  0.973031  332.273468
453 -11.284998  -5.108200  189.861252  0.118147  1.173200      13.437894    757.523376  232.189606  11.461906  1.439137  325.753143
454  -4.902985  -6.383938  192.927307  0.125457  2.895112      11.810330    644.696838  248.734512  11.083806  1.646397  338.511444
455  -6.308032  -4.667174  189.775101  0.121859  1.405292      24.347263    400.679535  222.300552  12.748403  0.660703  315.794312
456   6.804247   2.504118  191.246277  0.131148  1.601006      12.182505    671.221375  200.284195  11.987211  1.787431  342.545349
457 -13.764922 -14.385964  191.280609  0.168411  2.543079       9.821263    631.925903  223.082245  11.186425  1.232284  351.244263
458 -18.066366 -14.114955  184.702835  0.188816  2.341171      12.933013    777.004211  210.203781  12.696077  1.788367  366.608215
459   5.403146   2.015887  189.112061  0.112578  1.890610      17.609051    824.898193  235.613983  10.644876  1.775373  318.085663
460  -3.663031  -2.489142  194.467056  0.107392  1.592431      16.217844    608.168640  238.648026  12.045087  1.361109  318.371094
461 -20.411768 -13.584636  190.338608  0.163735  2.227170      13.095138    964.973022  216.355377  11.147449  1.496742  361.149567
462  -4.859667  -3.867777  192.257141  0.118250  1.538682      15.952318    403.023804  228.136475  12.009963  0.476051  323.579163
463 -13.833731 -21.010366  198.837204  0.215040  2.271992      21.298609    686.731140  144.462448  10.562286  1.289147  346.969543
464 -15.975662  -8.037483  188.522049  0.140951  1.744044      11.695599    711.440247  249.643280  12.501736  1.188606  344.995911
465 -10.413891 -15.582566  187.903427  0.177951  2.928818       9.890453    965.068542  249.743195  10.340679  1.638250  344.275665
466   8.211308   7.886803  193.374603  0.147709  2.584375      15.056155    770.518372  214.322937  11.046292  1.989081  342.365906
467  -0.438842  -0.413249  190.767593  0.111822  1.884947      12.998013    758.911194  241.820663  10.915159  1.267790  315.518097
468 -13.582403  -4.639797  189.300522  0.119227  1.506343      23.321291    403.798676  247.570099  10.365110  0.784258  333.821167
469 -18.063755  -9.654033  196.012390  0.124430  1.405799      12.469748    489.227478  244.371964  12.012007  1.167339  360.184235
470  11.969021   4.732003  193.437973  0.127047  1.519438      11.627242    773.060608  171.955276  11.458664  0.950857  314.862122
471 -11.085282  -6.058848  193.314590  0.125051  1.116793      15.508699    635.771545  229.413666  11.500044  1.100515  322.713409
472   0.240093  -0.085963  186.007202  0.117379  1.547774      15.384094    733.390442  190.729736  10.721799  1.427608  319.717529
473  -2.511254  -1.319739  193.519333  0.112048  1.394415      17.187237    455.226868  239.133163  13.194329  0.863152  317.560577
474  17.038904   8.674648  191.446777  0.157551  1.837288      20.530991    400.107605  237.241791  12.950697  1.554630  385.399017
475 -11.680338  -9.396656  190.525711  0.141356  2.019443      23.267838    934.290344  236.405930  12.575006  1.865954  321.480957
476  -3.797459  -1.171468  193.950378  0.114174  1.271199      15.682063    975.298401  166.021942  11.657123  0.708412  266.630188
477 -12.617213 -29.001402  186.905533  0.266983  3.392435      13.257818    698.700867  188.630905  10.772522  1.419534  347.910553
478 -11.721913  -8.019306  189.539368  0.133786  1.869522      13.175267    989.472961  203.763855  12.035179  1.424914  326.246704
479 -16.138548 -20.859259  187.938538  0.189722  3.276284      17.479280    952.582520  241.001480  10.457248  0.673931  285.401123
480  -5.332785 -16.714365  190.386536  0.180051  3.174850      13.142495    493.019257  196.520126  10.586301  0.651154  322.604279
481   1.447357  -0.324198  186.852417  0.098490  1.816370      27.555153    816.339233  213.383713  11.614194  1.728710  293.808167
482   9.893468   7.361546  188.527466  0.149243  2.158735      17.167549    498.016479  226.266846  12.487064  0.787317  322.894806
483  -7.619668  -5.764520  191.805099  0.118127  2.382661       9.901855    547.319763  243.825150  10.672064  1.703139  346.679779
484 -14.569621 -13.933601  197.929611  0.164186  2.047176      20.736298    408.330017  176.277283  11.698819  1.986042  377.680298
485 -10.131484 -20.267410  194.734406  0.172172  3.780101      18.514957    616.964539  236.371338  10.150974  0.664083  297.425598
486  -7.751503  -4.133267  189.028381  0.100555  1.705984      24.286459    667.890625  246.189697  11.678526  1.715488  309.266754
487  -4.152927  -1.317779  189.785706  0.122725  1.444275      11.687416    501.451721  240.628510  12.271328  1.072696  332.277100
488 -15.013268 -21.950922  183.527145  0.192483  3.876147      24.502802    559.466858  244.057266  11.447230  0.841284  306.762604
489 -20.699902 -14.867262  189.571884  0.174709  2.234487      13.737125    494.661926  245.805573  10.823299  1.534912  385.207520
490 -21.504257 -12.129872  189.292969  0.159944  1.784026      11.696404    531.356873  240.415268  12.148828  0.599413  352.272034
491 -14.309753  -9.563713  193.131500  0.120772  2.083308      23.742031    524.528625  213.217880   9.948034  0.582589  294.835968
492   2.245637   1.545036  187.809311  0.124950  3.077094      13.556839    571.255127  248.950241  11.890672  1.546146  334.987610
493 -16.343416  -7.421656  190.921463  0.143849  1.091247      11.772923    456.610229  230.265579  11.727144  0.265313  318.748749
494   3.561754  -0.321322  187.645355  0.110949  1.141717      14.055642    844.710388  236.630905  11.331112  1.963097  325.401489
495 -19.579657 -15.618537  193.375031  0.177832  1.960528      26.402498    862.729858  237.158737  11.659248  0.769860  305.517639
496 -17.977581  -9.199019  191.959274  0.136503  1.674608      16.553772    500.818573  206.233414  11.080917  1.609841  365.909088
497  -5.952787  -2.190209  193.016693  0.095748  1.366627      28.461021    974.084778  225.363220  11.812103  1.752202  291.088806
498 -21.035177 -12.379180  194.224503  0.147257  1.685372      17.880125    688.630188  247.298019  11.943784  1.699584  360.852295
499 -20.978151  -8.148052  185.213379  0.151391  1.549070      17.968000    659.387329  167.547150  11.050068  1.670708  362.972748
500 -11.131823  -8.938226  190.736710  0.148708  1.891903      12.339102    697.393066  186.468246  10.814562  1.898014  352.991791
501 -18.413759 -20.248283  192.300583  0.198536  2.689075      19.134119    624.385193  188.282944  11.732463  0.811885  340.459839
502   2.378369  -0.518749  192.353302  0.131368  1.149423      11.656698    710.295227  190.806580  10.403797  1.952679  339.667969
503 -28.979631 -17.624182  193.901581  0.203541  1.454512      14.262577    494.395538  209.317581  12.468120  0.275561  411.070801
504 -13.522546  -4.688574  187.804672  0.113486  1.478297      27.751072    477.059418  241.947342  12.587353  1.226985  316.867493
505 -13.293221  -9.323778  194.947174  0.145326  1.892606       8.856906    501.854523  183.958099  11.276273  1.255784  363.892151
506  -6.843077 -10.061748  193.008041  0.142820  2.374260      13.846681    450.870239  188.362747  11.614234  0.234906  281.833649
507 -20.103792  -5.872581  186.703552  0.125558  1.074757      17.545029    582.198608  209.898499  10.465960  1.943834  362.390045
508 -20.246054  -8.961753  188.458786  0.159580  1.621737      12.952667    435.680054  236.000900  12.459229  1.478804  396.171082
509 -12.864824 -11.034733  192.241013  0.159958  2.105045      18.570610    473.223724  207.996155  10.977684  1.151152  350.322662
510 -19.737814 -25.466066  194.732788  0.245294  2.500925      25.518709    774.269775  224.707993  11.477556  1.801097  373.721649
511 -15.431943 -19.074860  192.133682  0.204773  2.731014      14.968782    429.789734  202.167557  11.111437  1.683501  395.762695