            lon        lat         inc      D1AU     delta  launch radius  launch speed    t factor       B1AU     gamma         vsw
0    124.110588   0.562287  137.143356  0.323688  3.659573       8.459441    802.257324 -173.267593   7.432785  3.317351   97.903809
1    126.729248 -11.049503  118.067490  0.340549  3.354481       7.025357   1041.996460 -174.824463   8.270913  2.548124   54.481758
2    129.658401  -2.471489  127.139832  0.335461  1.604999       8.652453    864.012817 -171.724930  13.751154  3.894635   75.542809
3    121.498810   1.558692  119.270401  0.339197  1.748949       6.040327   1501.893677 -223.465729  11.319451  3.708965   84.416832
4    128.127914   9.497248  106.777626  0.303068  1.866834       9.369915    746.120361 -184.995636  10.732652  3.902037   55.216034
5    127.284134  12.681676  116.005638  0.330999  1.612344       7.917165   1477.742554 -144.336777   6.684302  2.977522   53.532810
6    114.464348  29.262533  126.630821  0.299693  1.336856       8.246917   1585.523682 -241.179474  10.066254  3.005657   81.129089
7    129.624771   2.118033  133.481476  0.338583  2.439775       5.585967   1165.462036  -83.355354   8.037837  1.786404   51.703251
8    127.517433  -1.370673  144.303116  0.321223  1.314467       7.365156   1674.086670 -216.921982  10.123000  3.873170   50.777561
9    123.016663  21.623709  110.165993  0.323554  1.655985       7.758273   1300.354736 -141.964783  10.349424  3.172961   68.717110
10   111.217163  -2.037630  139.070343  0.309220  3.482279       6.588287   1941.820312 -121.723808   6.409499  3.966095   93.720306
11   131.574875   0.443741  122.116989  0.340757  1.275351       7.602883   1221.350098 -142.599625  11.345306  3.649687  102.581360
12   128.532654  -3.308378  116.469254  0.343560  1.475125       7.423555   1232.766724 -234.717453  20.369637  3.610590   89.458458
13   103.974602  22.480934  132.240387  0.338747  2.543946       5.059247   1382.759521 -140.339294   5.047426  1.702551  143.759918
14   130.764160   7.062823  117.993546  0.296618  1.646680       8.169063    753.714722 -230.673584  15.456688  3.002821   91.199577
15   129.603973 -11.620381  131.215576  0.329170  1.807832       7.524887    915.641052 -241.400421  11.950629  2.682038   59.004185
16   123.793053 -15.566486  142.908432  0.337164  2.661213       6.022213   1621.394775 -133.026306   8.296775  3.398329   67.801491
17   121.197365  17.863216  125.929634  0.319480  1.036319       8.667240    960.036621 -213.500702  17.406929  2.869843   94.206024
18   126.833237  -5.154549  111.765289  0.338278  1.194448       5.471167   1815.201660 -158.205490  14.092456  3.615562   61.717915
19   123.381638  -5.648039  123.392792  0.333290  1.858443       6.845111   1366.289917 -208.064560  14.308375  3.961431   84.832886
20   120.511108  -2.740535  143.026703  0.322220  1.620700       6.149706   1428.182251 -176.871078  11.834521  2.714203   63.488022
21   115.216919  19.012943  128.184235  0.327547  1.227865       9.037340   1515.829346 -222.924194  11.358332  3.839111   65.779800
22   116.575470  25.457253  131.829926  0.313391  1.089099       7.969352   1946.087280 -188.069534  11.919484  2.933727   75.415138
23   119.645828  15.729179  130.470673  0.341370  1.190157       8.301737   1260.545654 -146.738037   9.746032  2.845641   84.506836
24   121.115074  -8.783876  136.120972  0.342805  1.941797       6.658680   1882.753662 -194.352417  13.188078  3.961016   86.070976
25   131.420181   6.192530   96.435341  0.312711  1.510662       5.958838   1603.624756 -171.441513  11.634970  3.282356   66.021088
26   117.440529   8.888486  147.168518  0.326660  1.023642       7.386709   1539.280518 -238.602722  11.753519  2.936676   94.621529
27   130.638885   0.908271  127.225494  0.327510  1.513699       6.306843   1339.294434 -170.454163  15.353811  3.501829  105.760307
28   123.017807   6.884728  131.248993  0.320433  1.752479       6.180746   1542.383667 -130.108719   7.623852  2.707391   60.374687
29   108.028206  14.482562  137.060364  0.345703  2.760096       8.533900   1163.588745 -221.219543   7.699360  3.725307  161.215759
30   131.305252 -19.901056  143.586456  0.343607  2.643692       8.213784   1526.694702 -244.032150  12.747046  3.783115   76.242264
31   128.004166  -8.787539  127.219124  0.333139  2.215061       8.009487   1357.998291 -172.052200   9.783986  3.663842   68.298630
32   124.382736   1.261031  141.083206  0.319559  1.498420       8.581870    917.404114 -130.230194   7.305656  3.149674   58.798958
33   118.770363  -8.298555  145.659912  0.346049  2.170622       5.070406   1862.439697 -124.808052   8.691511  3.054046   73.820488
34   119.912949  12.784373  131.574722  0.329438  1.128425       6.930768   1354.533081 -101.223526  11.899261  2.858548   75.532722
35   130.073181  -1.721657  120.371101  0.317176  1.714056       6.360157   1610.835815 -136.524597   7.239158  3.601009   66.983124
36   123.372108  14.611333  117.160210  0.318350  2.053784       6.822159   1364.738403 -220.286911  10.591401  3.425373   99.143433
37   127.897560 -14.802602  117.110924  0.340569  1.793324       8.617904   1509.824829 -146.003082  10.817192  3.753673   55.823677
38   131.176636  11.594329  112.495544  0.317087  1.483979       8.831203    986.559204 -230.443192  14.500110  3.824081   88.947342
39   128.229004  -4.319981  144.456696  0.332723  1.317311       7.974877   1262.192871 -172.960632  14.387577  3.171188   68.974274
40   130.606674 -17.410145  117.984924  0.348061  1.990502       6.482715   1656.731934 -116.367851  12.970602  3.826660   98.071915
41   121.504822   3.901044  130.532349  0.331559  2.148780       7.347094   1029.545654 -223.596939   8.126955  3.608974  119.043114
42   123.374725  16.793346  125.105255  0.312719  1.056252       7.336588   1685.457764 -114.858299   8.004802  3.300180   79.659325
43   127.419617  13.479455  122.421127  0.337894  1.249499       7.618734   1226.746826 -135.648346  10.714886  3.174838   91.732346
44   129.367249 -14.913935  132.511383  0.340869  2.240810       8.028988    886.105530 -214.992096  10.540466  3.498447   72.989014
45   123.345863  -9.213322  113.915329  0.321736  1.870249       8.211757   1004.707764 -242.626984  15.688313  3.702244   58.681728
46   132.227692  -7.590139  139.391663  0.349544  1.368921       6.849076   1639.730957 -169.518082  10.547219  3.891547  109.072189
47   149.951981 -29.110123  174.238892  0.336812  2.609829       9.281292   1421.012939 -131.413879   8.160027  3.725058   51.116673
48   116.856209  22.232071  126.448761  0.315989  1.429846      10.307893    954.875854 -228.346176   9.034210  3.664191   52.294674
49   129.651505   5.304825  102.166458  0.346353  2.653976       6.584179   1394.483398 -213.301514  10.134889  2.572845   59.381260
50   133.150879 -22.605532  138.259583  0.334179  2.473293       7.315786   1432.545410 -220.595123   9.791072  3.712634   72.970879
51   126.047104  -4.623908  119.919167  0.319938  1.944501       8.071009    723.023254 -161.208054  10.537486  2.343019   52.543308
52   126.018890  14.561886  104.638573  0.341929  1.676478       9.139964    744.683472 -105.261032   8.372484  3.254975   76.786606
53   126.293381  21.013239  115.038231  0.318683  1.035514       8.970490   1050.546875 -231.859772  12.682704  3.933131   98.744308
54   116.695587   8.599701  141.401398  0.330893  1.108774       8.611127    911.294495 -223.921448  14.445021  3.114446   89.588562
55   125.865280   4.219352  122.313141  0.324988  1.308411       6.916539   1277.842163 -110.672890  11.164373  3.857920   93.253952
56   122.616882   6.407430  137.132843  0.316872  1.002950       8.786732    905.917114 -157.199509  11.998509  3.982174  103.717438
57   131.272369  27.501528  103.460701  0.329987  1.288994      11.338829    904.969910 -193.976028   9.803295  3.560103  102.854698
58   122.016396  19.529179  120.896942  0.343830  2.021567       7.288771   1140.874756 -215.755447   7.749288  2.920819  117.167328
59   131.013000  15.307705  112.322548  0.319339  1.128511       6.827807   1835.871948 -163.637787  13.519102  3.899981  118.023445
60   121.060143   6.971270  130.069183  0.322609  1.531127       8.964862   1033.291016 -226.036469  14.841704  3.541568   89.587715
61   133.134583  -7.745790  123.232513  0.340107  2.160917       8.503777    860.705627 -199.753464  11.320038  2.769185   83.493599
62   121.280151  -1.064994  130.936249  0.328780  2.187227       7.213390   1589.666382 -189.620773  10.216057  3.955987   71.859070
63   122.615906  -3.281273  142.016815  0.329370  1.651163       5.813811   1956.613281 -203.097717  12.626532  3.160588   59.575775
64   121.486473  26.027458  124.717026  0.279976  1.401908       9.408862    916.292542 -160.154037   9.035085  3.160208   84.991394
65   114.525642  15.473709  123.488434  0.321167  1.958718       8.900187   1118.608032 -186.670532   6.813745  3.696697   99.900536
66   113.152756  -2.853009  151.044388  0.320491  1.301881       6.455246   1015.236755 -158.733398   9.815877  2.835430  110.654121
67   117.644646   6.949719  131.898056  0.295864  2.468189       8.376786    701.385620 -185.366592  10.042054  2.598428   81.877747
68   131.633606 -18.574919  117.524200  0.340132  2.443045       7.744863   1293.108154 -231.778091  15.654699  3.868831   62.758469
69   127.112450 -12.988088  134.335770  0.344918  1.845879       7.276279   1378.829712 -179.571045  14.810956  3.438942   68.504776
70   134.987183  -2.661910  124.954292  0.308662  1.136806       8.111503   1221.828003  -78.641090  10.333221  3.411479   57.823849
71   136.798599 -16.455399  134.241501  0.344687  3.784801       5.415013   1687.512573 -223.940506   6.806281  3.340879  135.059174
72   131.661835  12.131661  106.876015  0.341503  1.129131       6.734166   1912.082275 -132.550079  12.043012  3.987568   70.169296
73   118.883362  13.219014  130.622070  0.346722  1.473055       8.510937   1464.817383 -198.116714   8.798488  3.879320   81.961586
74   126.521988  -4.588626  135.573624  0.348817  1.152269       6.954355   1724.941284 -192.766418  13.929009  3.441990   68.747940
75   118.570122  10.991805  133.273468  0.312352  1.417280       8.278379    892.187866 -234.719757  11.985300  2.815845   50.941219
76   128.504318   2.527778  129.971771  0.326016  1.002758       7.031030   1445.106201 -218.257507  16.572624  3.494368   78.058220
77   127.248795   2.785367  116.205521  0.346731  1.426531       7.327036    991.666138 -141.866104  12.649740  3.538794   94.839371
78   135.527313  -9.007909  125.095200  0.331799  1.097180       7.589891   1187.570679 -154.999374  13.882591  3.689565   62.758640
79   118.307709  -7.360817  137.009155  0.348797  2.849852       6.679387   1579.286987 -168.692368   8.235218  3.967841  112.216866
80   119.150337  23.546902  125.940628  0.304803  1.134369       8.832290   1486.109985 -217.122620   9.706017  3.319233   61.060558
81   131.998688 -24.064056  138.428131  0.349084  2.709626       6.834766   1711.574341 -163.531067   9.948693  3.337044   57.508190
82   119.047249   3.819331  126.995338  0.338647  1.977312       8.371260   1314.246094 -238.742126  13.605973  3.405992   53.194996
83   123.260681  20.508909  112.910179  0.312956  1.734986       9.781963    795.937683 -240.389206   9.316049  2.753608   53.236198
84   134.773361 -16.731821  132.956253  0.343141  1.964094       6.041566   1621.451782 -157.818375  10.930342  3.455722  105.373787
85   136.425720   3.137458  135.491058  0.349232  1.316564       9.674046    843.238220 -143.602325  13.099888  3.031637   58.687420
86   124.406090  14.023154  135.779373  0.341807  1.215713       7.542847    857.737610 -133.545502   7.724248  2.670011  141.090973
87   115.036179  12.599067  127.960518  0.334103  2.372323       9.660446    759.076599 -178.601715  11.406564  3.571687   69.674202
88   126.750153  -0.414358  131.970734  0.340381  1.724469       7.433647    886.675659 -168.570999  10.874370  2.877261  112.181259
89   112.891487  17.291546  131.904709  0.334240  1.435161       6.612892   1514.438599 -159.460785   8.368631  2.545320   68.437172
90   127.624619  -0.535152  121.265846  0.336658  1.373867       7.542683   1160.442871 -199.497528  13.386341  3.637320   67.879044
91   128.285065  -5.519233  134.523514  0.346357  1.369468       5.500601   1452.991821  -91.313667   8.466201  2.811393   76.208626
92   121.637138   3.778868  147.681900  0.341510  3.341912       7.552267   1226.228516 -211.613083   6.238217  3.123581  107.556725
93   115.398331  21.324854  126.427147  0.318927  1.396696       9.709261    913.665161 -219.419281  11.530226  3.842027   95.311066
94   121.590523  -8.685880  135.849197  0.332709  2.379860       6.847875   1988.448608 -224.856354  10.328197  3.893744   69.585854
95   119.864235  15.905064  133.530457  0.340368  2.464980       8.431451    949.615967 -160.125107   8.766145  3.553991  148.267120
96   128.416260  -3.791350  122.253746  0.330635  1.243672       9.366174    958.169800 -110.011009  18.217836  3.916828   64.741341
97   127.606483  13.109229  106.227837  0.343256  1.586121       8.274311   1336.397095 -193.261734  12.933898  3.833677   67.022102
98   135.296768 -23.694330  122.975731  0.340553  2.590742       7.563643   1478.594116 -184.207138   9.112843  3.761660   89.512611
99   118.182755   9.136703  138.224854  0.279499  1.397328       7.805492    912.963745 -232.597794   8.523443  3.214204   89.933945
100  130.009598 -17.962812  136.727249  0.327471  1.838538       9.015706    784.113464 -168.846451  12.122423  3.240435   69.531860
101  129.607056  -8.194155  142.434982  0.300375  1.835307       7.993939    955.081055 -111.244362   7.654025  3.785658   79.856071
102  136.667496 -13.023172  118.339455  0.343148  1.057644       7.629316   1259.176880 -172.036575  15.844618  3.356959   93.107651
103  123.995720  -6.075324  130.079041  0.332519  1.508040       8.381247   1073.575195 -211.269302  13.823766  3.920183   68.400139
104  130.052628  -3.503260  125.404465  0.344780  1.047603       8.264312    813.912964  -90.651497  11.035305  3.965635  131.387421
105  117.105148   4.954328  100.006355  0.346352  2.275125       8.634491    867.702820 -220.978912  10.978559  3.941823   63.574860
106  129.546326 -15.851655  144.215530  0.322040  3.428031       7.746072   1108.930542 -158.037277   7.898314  3.415231   64.175400
107  131.866776  -6.099695  127.718842  0.322370  1.181355       7.098152   1435.966187  -93.702377   8.840915  3.901310   60.387173
108  126.378990   0.941623  126.514816  0.347222  2.052124       7.792562   1081.016113 -223.840744  13.387545  3.863755  114.373039
109  128.962173  -3.538968  133.122086  0.331910  2.254884       7.089110   1334.461060 -206.305878  14.364491  3.082532   72.681694
110  126.641838   0.455709  157.026001  0.341368  1.181210       9.382085    808.080444 -179.295547  11.184403  3.217039  110.164864
111  123.192978  12.689512  128.597870  0.323423  1.004691       8.242146    769.922913  -95.244194  13.457241  3.000798  117.959724
112  133.758209  -9.616805  141.721588  0.339173  1.411527       8.790011    969.800293 -112.845657  10.272180  3.160834   53.674576
113  123.586868   0.602412  128.659729  0.325571  1.364810       9.153199    709.857178 -245.143723  12.884118  3.403040   61.633049
114  130.167328  12.741733  107.774818  0.347348  2.293892       9.100010    738.577820 -208.615280   7.487447  2.530108   90.682571
115  129.840210   6.223524  106.642395  0.311739  2.025657       7.666211   1114.989746 -173.511047  10.097393  3.491102   67.481438
116  123.073280 -11.470318  136.142410  0.325882  2.362001       6.475242   1530.989258 -232.689468  14.344349  3.319351   52.892242
117  129.880508  -3.970004  135.540497  0.339872  1.433769       5.875416   1911.324951 -183.790756  14.322587  3.142006   75.599335
118  130.923813 -17.148458  153.517090  0.343706  2.624580       7.689368   1223.930542 -132.643707   8.525723  3.970397   94.277618
119  139.260208 -18.719864  135.974442  0.348521  1.244030      10.596982    700.053223 -186.073685  13.759505  3.234518   66.064667
120  119.017563  25.852583  120.726845  0.301795  1.121532       9.186189   1034.274170 -209.494553  11.658280  3.146279   80.128143
121  125.013657 -19.646433  135.975113  0.337920  2.069816       7.454617   1571.604370 -227.055405  17.985544  3.922118   55.053860
122  115.448792  17.134354  124.456955  0.339723  1.572723       9.080423    917.366699 -207.811539  10.019671  3.256803   60.663193
123  122.345917   8.825068  126.921173  0.342929  1.302374       8.482255    927.688293 -227.724442  14.639815  3.270635   89.969543
124  131.904755   2.847434  110.944138  0.333731  1.008418       7.593412   1488.093262 -131.132248  17.864965  3.729698   64.203751
125  132.333298  -1.307019  123.931007  0.308119  1.671530       5.816659   1832.120972 -216.355789  11.724579  3.641895   78.370483
126  127.589951   3.715960  119.204491  0.337341  1.282301       8.996101    943.170776 -150.868179  13.006188  3.526230   99.821983
127  138.920639 -12.397759  133.895233  0.339861  1.540378       6.424201   1868.570190 -166.007050   9.410891  3.587741   70.764320
128  122.784569  -0.107408  135.345886  0.349688  1.162188       6.733078   1919.151978 -132.852768  11.637776  3.884619   62.248348
129  133.195450 -11.042113  111.815849  0.325937  1.437505       7.397507   1931.707520 -240.923584  20.417469  3.942989   59.847515
130  132.596436  -9.651860  116.409935  0.341285  1.075025       9.434554    702.099243 -148.730225  14.841071  3.436847   79.170776
131  125.864449   0.281746  128.457153  0.305646  1.542798       7.507193    961.643066 -149.556061  12.822249  3.295568   82.989746
132  126.237595  14.787424  125.519073  0.313345  1.621291       7.767095    988.596008 -188.513184  13.375001  2.404907   76.621948
133  117.295639  10.573601  135.392212  0.300911  1.327684       6.904243    975.606995 -200.970367  10.753336  2.282019   52.872509
134  118.533813 -10.115485  139.573746  0.330611  3.909298       8.233672    828.073608 -190.953873   8.179780  3.636465  105.389366
135  113.796341  -1.657509  132.251190  0.334311  2.376934       6.805251   1473.282959 -209.759094   8.589672  3.757536   66.814468
136  123.578026 -13.574151  116.654274  0.318372  2.389676       6.017234   1708.691528 -180.019623  14.583741  3.504743   56.054710
137  123.069466  18.238947  112.632210  0.296245  2.081088       8.823054    901.217224 -216.117065   8.191287  3.537886   72.031471
138  124.730156  12.251407  132.848770  0.289959  1.112204       5.992862   1916.188843 -174.331299   7.465095  3.361650   53.326046
139  125.654793   2.800719  138.718109  0.313985  1.345531       7.955898   1554.740601 -187.653564  11.005813  3.894818   73.705162
140  125.941490 -11.706771  140.356812  0.330245  2.502563       6.524834   1132.706665 -167.024719  10.140651  3.263137  100.988495
141  136.435287 -17.132496  137.816269  0.340100  1.743790       6.384821   1369.132568 -195.509735  11.598146  3.565756  130.993271
142  117.423676  24.029150  128.354584  0.332230  1.354153       8.303571   1606.893555 -198.419662   9.657182  3.091948   83.083298
143  126.558815  -8.413956  129.638199  0.310634  1.859202       7.502511    970.946411 -214.999985   8.381291  3.071136   51.091522
144  140.445755  -3.115129  132.011963  0.327210  3.557487       5.016651   1406.000000 -181.981354  10.921490  2.804536   94.764542
145  133.708099 -13.720527  124.070869  0.338657  2.577275       8.029521    890.339233 -198.804947   7.747818  3.414110   81.200401
146  119.074677  24.876652  127.275337  0.289839  1.078067      10.361333    920.392029 -230.168900   6.141721  3.991644   85.090897
147  120.050781   0.482526  119.547630  0.322457  1.806088       8.161331   1383.610840 -163.850372   7.148517  3.758869   54.209984
148  125.204926  17.076231  116.034142  0.338384  1.208321       9.797565    746.178589 -231.002319  13.089692  2.859285   74.425102
149  121.848579  25.202505  123.972694  0.304551  1.025482      11.777007    779.174438 -245.812012  15.436123  3.739718   83.718674
150  111.406075  19.978182  118.610092  0.332600  2.880425       7.727026   1181.570068 -240.618332   8.135943  3.081057   88.935196
151  127.623100 -10.590233  122.478836  0.330404  1.927275       6.266098   1144.810791 -203.007431  14.493537  2.898118   80.614288
152  128.924957 -16.697411  114.024467  0.341785  2.366029       6.160138   1740.989624 -210.329071  11.981671  3.404552   56.302475
153  126.261467 -10.814283  119.586540  0.345268  1.579392       5.271027   1879.817871 -108.416557  10.377889  3.342927   72.722366
154  121.177544  10.924783  138.352173  0.316019  1.241367       8.241545   1665.188599 -209.036484   9.924103  3.481635   54.961906
155  130.002716  -1.283850  138.206253  0.308521  1.975089       5.516309   1788.790405 -185.160553  12.676598  3.199712   75.848015
156  125.520302 -11.685290  125.554802  0.342880  2.211390       8.427330    852.299744 -211.937958  15.023579  3.617888   56.933819
157  109.988823  20.327938  142.661194  0.246545  1.202760       7.472232   1760.546997 -222.819031  10.734361  3.088948   80.343307
158  127.749840 -17.510738  140.674805  0.337928  2.021928       5.942143   1956.431519 -246.012344  18.931652  3.743116   65.496323
159  123.706627  24.055643  113.247749  0.348730  1.400561       9.570241   1276.314575 -234.342728  12.279043  3.583694   55.214664
160  123.308746  10.478703  140.193375  0.335284  1.400857       8.060395   1623.229004 -231.077026  11.747669  3.637872   81.851028
161  117.928261 -12.097301  113.042503  0.332311  3.072294       7.132167    909.188599 -235.023056  11.156390  2.965925   68.115044
162  128.373062   9.105624  115.042534  0.343954  1.052138       7.394687   1918.735107 -208.711243  15.420164  3.680318   54.193066
163  128.414398   6.427464  122.012024  0.297867  1.729332       7.639357    997.225159 -179.706512   9.783392  3.119135   63.402317
164  135.704819 -11.586338  146.768982  0.315494  2.247604       7.935531   1435.677002 -211.051025  14.868545  3.423359   67.094856
165  140.986191 -11.676349  145.883194  0.338851  2.197326      10.097432    796.386108 -176.555939   8.970831  3.400404   73.238899
166  128.922211  -5.912933  116.558334  0.325615  1.421090       7.986779   1062.066162 -110.682899   8.952305  3.055959   57.269108
167  118.527443 -29.392284  139.579239  0.335506  3.988222       6.709992   1252.085205 -183.778534   6.566617  3.960193   57.075840
168  120.947289  20.588039  122.425011  0.334198  1.344210       7.330163   1516.129395 -219.911911  12.872809  2.950351   90.166565
169  125.698090  12.407184  129.867630  0.323456  1.339672       7.308315   1647.141235 -190.226929  11.116670  3.592360   55.750996
170  130.415375   5.161921  135.622223  0.327030  1.322243       7.888150   1610.930420 -217.523773  14.562101  3.418089   62.184216
171  133.822891   2.366257  127.440765  0.313615  2.463946       9.309957    851.771362 -168.737946  10.000889  3.256644   69.222122
172  110.744270  10.217366  114.087692  0.338540  3.345541       9.145707    781.814270 -192.746445   5.505635  2.960311   55.006077
173  134.941483 -15.707145  119.049805  0.339767  1.710839       8.361039   1262.347534 -169.348984   8.614054  3.889281   55.662994
174  116.673141  -9.760094  142.711151  0.335079  3.360188       7.744343    806.149719 -154.415894   6.506485  2.559727   54.694305
175  123.826691  22.935650  116.226440  0.295878  1.973600       8.648472   1730.202515 -222.801544  10.542809  3.798327   77.421021
176  121.575569  16.153187  123.815056  0.323422  1.252359      10.513272    704.357544 -186.700531   8.007872  3.708075   68.229561
177  110.901779   7.419760  133.038742  0.276660  2.312090       6.092124   1731.366943 -168.800827   7.676677  3.220379   62.877506
178  130.398788  -2.597417  146.327713  0.292937  1.419547       7.139704   1375.923096 -144.224014  12.567616  3.955023   78.759422
179  134.321625 -13.780413  118.835320  0.320762  1.583310       8.745255    914.042114 -209.333298  17.257900  3.888881   61.289478
180  118.093872  12.813677  126.037888  0.322114  1.723206       5.952727   1535.533325 -175.799774   7.949096  2.788334   94.702866
181  133.185211   3.974155  118.900444  0.343278  1.620996       9.407262    750.967529 -115.988052  12.825040  3.806063  119.406403
182  127.314949 -14.094440  108.551239  0.336855  2.178127       7.668417   1316.887939 -184.632919   8.348860  3.496129   67.872612
183  116.303467  27.474083  124.651566  0.309229  1.253231      11.100076    799.488831 -201.400620  10.158039  3.048999   93.936317
184  122.179283  -2.878040  148.494965  0.316401  2.148540       6.626618   1506.848022 -223.558380  11.989845  3.700041  112.428368
185  120.733147 -11.733297  139.350067  0.337281  3.312117       5.586088   1956.154297 -157.181366   9.652183  3.780519   95.505135
186  114.757111  24.699146  128.927505  0.326342  1.277092       8.780942   1226.501709 -215.649353  12.558817  3.092105  103.217842
187  129.466751   8.363536  133.572647  0.292834  1.360670       7.232426   1566.995361 -200.400558   6.821716  3.516459   72.653114
188  130.832016  -7.804687  130.177094  0.333378  3.720810       7.796427   1197.183105 -174.668045   6.480731  3.483010   67.734505
189  123.643776   5.151079  131.822342  0.337925  1.762617       9.410023    827.996338 -238.087418  13.973156  2.830358   60.610474
190  120.742088  -3.305888  125.033638  0.297759  2.492642       6.681213   1353.088501 -222.616211  10.216375  3.551733   50.611713
191  122.304893   4.875993  136.301163  0.343858  1.671310       8.841152   1057.346802 -189.650101  12.371907  3.849275   70.241028
192  126.013847  -3.719473  109.144897  0.337912  1.558101       6.956803   1309.697998 -153.617386   9.767179  3.840290   50.360344
193  122.187401  13.413484  123.979454  0.330708  1.129638       6.758566   1524.542358 -170.146149  14.914381  3.081670  100.870819
194  131.176300  -7.958478  122.386040  0.313268  1.487889       7.009265   1648.850464 -203.324799  14.430884  3.461755   50.915176
195  127.443024   0.431493  131.446930  0.317466  1.156312       8.934213   1015.446960 -209.568176  12.720456  3.629074   51.452675
196  107.544807  26.630768  133.061188  0.303734  1.962427       9.958913   1012.883057 -234.734055   8.445293  3.978862  145.519455
197  131.409561  -0.676209  134.633194  0.336900  1.031281       7.342803   1103.011841 -176.228378  13.518520  2.776015   58.434048
198  144.395599 -21.653822  144.652878  0.347648  2.303156       8.110754   1669.825806 -175.449387   7.196064  3.598802   62.454578
199  132.553284 -18.429012  149.822739  0.326051  2.212619       6.520301   1267.350342 -189.495636   8.247698  3.266861   87.663467
200  123.694145   1.606387   88.003548  0.346437  1.505455       5.498506   1866.775146 -201.384689  17.932543  3.826051   89.716965
201  123.829979  11.382181  115.348465  0.319730  1.897584       8.916670    927.263733 -219.031418  12.268526  3.434983   57.812469
202  126.915154  14.353211  124.001167  0.335844  3.265279       8.487043    789.250977 -239.323380   5.973358  3.640710  147.104401
203  127.010704   8.327528  104.834038  0.344788  1.254302       7.907212   1006.928406 -148.257767  13.872588  3.876110   96.430199
204  114.410622  21.436111  131.103729  0.252491  1.471610       9.744597    954.616760 -227.756256   9.827738  3.787145   76.202171
205  128.130997  -4.885557  120.148346  0.334591  2.197989       5.146120   1461.935791 -161.532715  11.110473  2.984751   86.296867
206  121.697990   4.839463  127.841087  0.312052  1.529464       8.384035    858.475952  -94.514351   8.352675  2.729683   66.746712
207  129.562012  -8.757913  140.989899  0.331400  1.157194       8.894936    999.158630  -99.092598  12.870622  3.667306   57.901516
208  124.987206  10.598624  121.328270  0.269615  2.971999       9.437624    943.090027 -133.059753   6.866150  3.848444   55.917004
209  116.795876   1.098434  138.574142  0.325734  1.861657       8.979671    840.134949 -232.651978  10.890579  3.159476   81.056953
210  126.398209   8.259623  105.365410  0.347310  2.216970       6.603156   1973.069580 -193.083176  12.844584  3.783082   86.578003
211  125.515953  -9.816463  112.560158  0.319066  2.000897       7.518234   1394.092529 -217.986465  17.303553  3.592065   56.479485
212  123.075989  -4.074737   99.483582  0.343795  2.061852       8.020263    941.790039 -235.071136  16.762947  3.618834   92.611130
213  126.043892  -2.744143  114.389091  0.334639  1.915732       6.950656   1249.747925 -194.993820  13.126670  3.942814   96.670036
214  124.226120   7.316314  138.175354  0.346918  1.323501       7.237663   1170.978271 -134.546036  12.569566  3.436514  104.546745
215  114.641357  12.750396  133.214020  0.308372  1.972893       6.933774   1765.057251 -238.483795   9.511358  2.602244   50.956841
216  119.426971  15.549737  134.070236  0.336051  1.496323       6.499729   1836.149536 -219.265305  12.057242  3.994835  167.177078
217  121.935951  -6.761604  121.414497  0.345478  3.812806       6.527667   1398.559448 -192.173645   7.245157  2.775700   59.538540
218  116.342072  14.527561  138.198898  0.298004  1.478380       8.256165    868.590515 -189.958282  10.002838  3.969631  129.145706
219  129.168396 -15.036342  131.050903  0.339984  3.016800       6.327529   1153.118652 -194.772858   9.098314  2.692633   64.054420
220  132.435928   8.789715  115.096313  0.333459  1.281391       5.579645   1990.682983 -131.162308  13.236973  3.011034   51.927429
221  129.426529  -1.066752  134.584259  0.327762  1.413067       6.388456   1571.284668 -196.269348   8.076476  3.214729   59.777538
222  132.023132 -21.467604  143.149704  0.335042  2.494426       5.252832   1344.282104 -137.607254  11.221004  2.350591   60.074482
223  134.669342  -1.833395  121.387505  0.318537  1.013704       6.684773   1351.508911 -214.509079  12.898623  2.854170   53.129414
224  124.429291  -1.519250  122.431412  0.315517  2.120539       5.875112   1638.626831 -235.762512  12.108886  3.187055   51.029613
225  134.629532 -18.110886  136.836823  0.337781  1.349003       8.988529   1062.968384 -139.008347  10.496658  3.932105   83.424095
226  125.587074  10.112411  123.956467  0.338121  1.245362       7.322163   1254.977051 -143.531540  10.444427  3.178844   65.511086
227  125.479446 -17.169584  156.954254  0.335891  2.601590       6.575047   1209.511963 -245.294327  10.380229  3.713645   87.968384
228  131.640869  -6.869665  104.176735  0.347484  1.309812       9.350191    750.856445 -240.239334  12.471743  3.484751   50.821129
229  129.564560  -9.892501  154.385559  0.347341  1.159556       7.637331    981.866455 -215.542389  18.030569  3.431823   76.092133
230  121.519791  15.672029  118.472847  0.310597  1.350507       8.767263   1552.083984 -236.588531   7.765122  3.904011   76.947510
231  123.299789  17.084181  126.439545  0.330856  1.308784       7.337350   1058.574951 -121.120308  10.331498  2.245193   60.696438
232  121.290924   7.530823  138.662949  0.316507  1.013627       6.143372   1722.067871 -121.538544   6.651758  3.428103   78.099098
233  125.977959  -7.828243  123.468254  0.348552  3.222776       7.506856   1128.470459 -230.247971   9.033923  3.704724  102.081856
234  135.995392  -8.351149  140.860245  0.320143  1.135785       5.667280   1546.900391 -184.203796  15.269349  3.081956   77.890572
235  141.496796 -22.288534  153.358917  0.347859  2.348838       6.662620   1407.199707 -240.070496  16.646841  2.730128   67.531830
236  124.068947  -6.735839  135.236267  0.344088  1.910809       6.249501   1595.576172  -93.010483   7.249615  3.378004   79.849899
237  121.061081  29.220503  102.538658  0.336525  2.032782       9.294853   1267.746460 -206.645798   8.344563  3.601189   55.887833
238  132.166626  -5.762021  139.409363  0.335481  1.626935       8.647243    706.043213 -147.476364  13.980783  2.563385   92.534035
239  111.463821  -4.526958  122.583984  0.331368  3.003452       7.576943   1063.707275 -217.245178  10.413278  3.716811   67.493759
240  121.221764  -0.654794  133.419495  0.333104  1.607358       8.039673   1453.979126 -167.074326  14.133673  3.900912   67.371231
241  132.944031  -1.883270  106.476028  0.301174  2.279294       8.428102    772.537659 -249.439941  11.179717  3.974204   76.450706
242  123.644905  -7.304119  111.458817  0.345261  2.118737       7.096053   1100.852051 -172.089844  10.425733  3.560671   81.774551
243  120.540611 -15.511839  116.670425  0.339783  3.003070       8.596659    780.233154 -204.462845  11.563292  3.171943   58.836567
244  131.964493  -0.964264  118.954147  0.324393  2.271371       7.320024   1318.225708 -211.723999  11.653082  3.441552   85.083771
245  124.444489  19.971313  113.875893  0.331485  1.532730       7.175692   1486.818359 -235.819626  11.963544  3.957679  136.136337
246  128.496826   5.805074  103.070938  0.327992  1.731168       5.523415   1770.870239 -208.710464   9.072319  3.156538   50.235558
247  126.993103   3.713766  135.955185  0.308965  1.058423       8.510308    926.077332 -162.642578  10.707945  2.948972   73.815994
248  131.975876  -9.301564  142.614182  0.327529  1.563676       8.787598    747.346436 -109.155579  12.947994  2.753066   84.377228
249  125.205200   9.556610  133.977905  0.337519  1.049315       6.765713   1497.440796 -137.755447   9.414468  3.490616  112.531952
250  112.565590  11.592833  144.379837  0.309307  1.522224       9.271957    928.562805 -194.629639  10.395280  2.800033   78.671463
251  122.030548  13.348945  131.635376  0.308360  1.771898       9.957456    762.432556 -192.872864   7.241904  3.242041  100.942772
252  137.792160 -20.124796  145.022888  0.321056  2.801768       6.921428   1812.094727 -159.197662  12.821074  3.975531   95.807938
253  123.288864  -8.782834  124.955521  0.341721  2.216321       9.351675    707.793091 -180.930725  10.642385  3.987626   75.205986
254  138.892975 -18.539465  156.002823  0.336909  1.857427       8.005879   1142.286011 -127.759766  11.968986  3.516962   97.413033
255  137.691055  -9.057509  159.041275  0.314238  1.003256       8.389821    971.461182 -128.370758  14.672952  3.975162   64.307449
256  129.382278  -6.397533  118.260818  0.334756  1.381230       6.497306   1710.368530 -173.497925   7.035742  3.934621   77.531471
257  120.897804  -2.391621  139.885651  0.295816  3.282251       7.148223   1517.733765 -224.216614  10.352901  3.100899   64.157135
258  125.330688 -10.666436  142.529022  0.333793  1.865136       7.197249   1076.124634 -162.934952   9.135923  3.135501   66.473915
259  120.988762  -1.002234  107.314224  0.326648  2.777510       8.091438   1260.602295 -172.506226   9.798247  3.554851   50.266529
260  119.938057 -12.139091  133.479874  0.327436  2.706288       8.850131    940.521362 -207.639404   8.725635  3.982637   58.968822
261  126.312248 -13.270827  116.344040  0.349860  2.460075       7.391167    909.891907 -210.672638  14.763217  2.593780   58.742382
262  125.158600 -25.115454  147.892044  0.337979  3.426626       5.704077   1448.775513 -225.675293   9.755967  3.464498   74.538879
263  123.445358  -6.046024  122.823822  0.308511  2.166098       7.165132   1157.171021 -102.841194   9.093251  3.429713   53.450428
264  124.728981  -9.589659  137.862640  0.316585  2.666935       8.596216   1089.594727 -154.373962   8.187640  3.147413   54.061306
265  126.015808  -5.289568  129.988159  0.312369  2.752903       7.523577   1070.429077 -226.718628  10.961336  3.826196   83.628654
266  131.543533 -19.028307  136.930420  0.336651  1.650180       7.265260   1290.507812 -198.808685  15.058063  3.368294   83.133087
267  118.994385  23.018368  120.997742  0.349329  1.484238       6.485565   1639.985962 -248.490463  10.223764  3.092129  105.419708
268  116.392303  24.730921  133.473526  0.300079  1.327032      11.098830    823.360352 -180.037964   6.896049  2.281998   51.382679
269  117.861427  -3.103277  137.022919  0.316191  2.000957       6.597640   1330.761841 -222.950089  12.291313  3.300015   55.691509
270  133.575241  -5.412191  122.224709  0.329102  1.958347       7.833432   1096.456055 -192.831955  13.291707  2.815210   78.909042
271  132.044373 -24.203623  131.646133  0.329259  3.130527       9.169960    894.973511 -193.134323  10.007295  3.705048   54.348808
272  118.602066  10.071914  126.099960  0.342226  1.346034       6.616293   1680.637939 -149.221649  12.652789  3.640002   93.841476
273  120.750931   9.641174  121.153656  0.271951  3.240334       9.503454    700.968445 -193.153732   9.157033  3.778376   71.845856
274  115.825439  25.745483  132.965637  0.320358  1.363580       6.761063   1618.812012 -177.020935  10.643105  3.503011  186.985992
275  130.445145  -3.503459  118.494911  0.326921  1.850613       5.749485   1963.283081 -192.677261   8.413562  3.952533   78.402107
276  123.234055  28.502117  111.375870  0.319028  1.190086       9.103390   1357.343262 -158.477325   7.513303  3.690478   68.213730
277  116.778976  16.494093  135.841507  0.338858  1.217640       6.872787   1078.921753 -203.493835   9.874937  2.399729   76.919891
278  115.423004  16.493999  132.830704  0.314457  1.675730       8.565938   1069.568359 -218.693298   7.331786  3.163201   93.683632
279  125.005440  11.183448  123.701393  0.323055  1.860664       6.602876   1475.463013 -103.591583   5.561556  3.143838   67.623795
280  123.415825  -1.585078  141.086060  0.346084  1.078688       6.971568   1939.761841 -239.977066  19.244259  3.739969   77.302773
281  127.009476  -6.903635  140.951691  0.346118  1.112786       6.870615   1522.922485 -142.803986  13.522728  3.867117   79.132088
282  108.120735   8.147097  130.336502  0.342285  1.954994       7.670167   1062.593628 -161.582443  12.034297  3.097231   78.229057
283  131.987411  19.252768   82.735115  0.349630  1.756077       7.503818   1608.184326 -228.802063  14.392369  3.826704   54.623093
284  119.116837  10.501951  139.159164  0.339924  1.282391       6.596408   1520.469116 -217.443527  10.634489  2.733172   85.343620
285  123.860519  -4.458738  114.969856  0.348133  2.464422       7.155395   1550.114990 -185.069427  10.261748  3.969873   88.479614
286  112.409416  13.454544  132.729782  0.340637  1.486716       8.842212    763.333374 -207.694244   9.848824  2.635878   91.752037
287  147.227676 -17.710758  160.666519  0.347446  1.135022       8.042977   1196.192505 -193.897385  12.043356  3.115474   91.349739
288  122.987244 -10.082418  139.870285  0.343112  2.993007       6.566267   1559.564331 -232.682343   9.446271  3.554752   84.309906
289  133.556976   4.805895  108.934753  0.341231  1.225125       7.484441   1136.582153 -168.657959  10.973972  2.987750   56.830338
290  127.043259   4.132249  125.997665  0.313151  2.055607       7.210689   1412.933838 -208.448975   7.969960  3.655728   91.256920
291  133.498093 -15.285686  144.486404  0.326731  1.589229       6.147924   1866.623657 -156.524475  11.331610  3.432383   57.308662
292  124.688080 -24.806717  147.336975  0.344953  3.002652       9.193744    789.501709 -129.183975   7.510983  3.330558   55.107887
293  103.253937  13.681865  133.728729  0.336568  2.633713       8.937822   1359.417603 -232.940735   6.255807  3.667729   86.714050
294  127.740829   4.008138  120.884491  0.289160  3.283329       6.964448   1081.302734 -234.915558   6.021383  2.945832   73.112892
295  132.605804  -8.281231  133.332626  0.309985  1.429532       8.591600    901.426880 -125.326263  12.434515  3.480183   54.449284
296  117.357864  11.303514  130.780975  0.321880  3.145169       7.263858   1567.367798 -218.782669   7.494349  3.061360   84.709915
297  137.503983 -15.933885  120.711388  0.331981  1.566685       9.538792   1051.975830 -198.534439  12.796361  3.799514   54.140984
298  125.309410 -13.409775  137.330109  0.336180  2.188092       6.218521   1624.712158 -185.565796   7.762458  3.661228   73.428772
299  131.971085  -4.438164  108.603516  0.325228  1.538250       8.227121   1084.796265 -193.610443  15.615487  3.367827   54.177265
300  125.984970  11.532219  112.025017  0.344833  1.497901       6.953159   1318.439331 -153.783493   8.347490  3.395471   66.107468
301  129.522308  -2.629907  127.455513  0.310289  1.324127       5.705277   1696.642944 -151.900116  17.324434  3.364830   50.835926
302  122.860733  -0.886873  146.149124  0.303397  2.403631       7.727219   1359.900513 -215.196884  10.902312  3.943544   74.229378
303  125.874039  -3.684948  143.900620  0.328978  1.437850       7.351251   1587.540283 -187.444504  13.701148  3.807509   65.062698
304  117.090569  -1.171365  114.911331  0.334520  2.304496       7.932840   1323.205444 -220.806671  11.083458  3.887237   59.387737
305  122.751900  -8.928774  142.112457  0.322822  2.546356       7.624949   1295.028076 -243.840118   8.928001  3.393515   76.409500
306  124.009064  -2.894299  134.427551  0.336943  2.751158       8.077533   1162.615479 -169.954849  12.498489  3.071618   56.159801
307  115.813774  -0.326611  109.890747  0.349831  3.130702       7.573637    933.945679 -198.641876   9.661199  2.788020   60.944744
308  130.208542   0.800765  114.225105  0.342867  3.029907       6.815498   1563.530273 -231.310623   8.547601  3.549651   58.898903
309  123.302498  -6.663029  135.029114  0.349867  2.647465       7.026178   1290.270386 -216.691208   8.893401  3.400044   73.131554
310  128.704254   5.902516  122.270950  0.335144  1.215415      10.208030    777.498718 -204.668991  13.385056  3.681821   58.162563
311  132.615829   5.110849  104.818863  0.338242  1.689107       7.336451    928.678345 -145.459106   8.782805  3.118989   85.798370
312  126.860123 -20.349665  143.432617  0.345039  2.238439       5.576796   1659.827515 -139.697052  11.069647  3.300845   61.500870
313  123.935173   9.219507  129.174286  0.337723  1.014629       8.877200    877.901978 -139.302185  12.478190  3.994711  112.503601
314  118.779686  15.824675  126.670174  0.338955  1.740641       7.698651   1518.634033 -242.002884  10.627332  3.644375  111.183334
315  121.736694  -7.478266  144.056305  0.314069  3.039209       6.771381   1534.654907 -188.444489   8.136110  3.690095   97.840408
316  118.964279   9.013090  136.826965  0.340758  1.082426       5.719570   1524.635132 -123.853844  10.488260  2.961254   87.720825
317  134.158615  -8.576319  120.563362  0.320852  1.854476       6.298461   1231.048584 -172.610550  12.096050  2.538392   66.297279
318  129.387421  -4.099267  138.924881  0.323935  1.929764       7.756654    990.113403 -147.898544   9.662775  3.315712  111.741951
319  128.598038 -14.144992  136.791931  0.324151  3.352394       8.615122    740.984070 -182.017288   9.138938  3.781055  121.215012
320  109.538498  14.603965  115.217545  0.332963  2.877809       9.160089    872.411194 -229.052689   5.532439  3.458977   63.344158
321  123.928230   3.811717  131.877853  0.349846  1.414859       7.107182    886.800598 -164.407089  13.917441  2.515110   78.280624
322  112.745277  16.789097  146.559906  0.310901  1.180560      10.089772   1353.921631 -189.171799   9.850939  3.982100   84.703110
323  122.958527  28.677874  116.622307  0.303285  1.522786      11.655615    842.036926 -197.052444  11.997863  3.714234   66.000404
324  135.032837  -0.290065  111.907234  0.295708  1.285563       5.826282   1646.644531 -172.456894  11.632093  3.335282   76.851410
325  124.669304  17.873648  117.348480  0.347667  1.061204       9.678649   1003.391052 -162.730865  12.086345  3.856227   67.021263
326  124.933235 -19.871891  122.294548  0.340702  3.080031       6.626717   1899.239868 -236.473312  16.439730  3.752126   81.886612
327  124.748383  -7.928028  110.502655  0.349107  1.584666       7.366343   1545.074707 -149.586639  12.008450  3.967686   53.651737
328  124.752525  18.965149  115.534653  0.336782  1.446260       6.825296   1876.054443 -247.981354  13.739848  3.565310   72.739861
329  125.306725   0.188157  143.104675  0.341800  1.360241       8.005099   1408.782471 -219.778687  13.134619  3.682602   55.383141
330  131.050171  -8.718288  124.921837  0.323566  2.352994       7.689361    781.976746 -249.860840  12.442709  2.946840  101.285233
331  125.281578 -10.220980  132.923264  0.349605  1.749885       6.120645   1640.250977 -158.660660  14.289905  3.500310   84.898842
332  121.264351   2.875381  124.894569  0.327692  2.685178       5.358864   1576.042725 -100.843910   7.425931  3.248038   85.767334
333  121.597382   5.149703  118.063400  0.330493  2.185408       8.510906   1222.507446 -246.165710  12.417133  3.827584   53.941681
334  131.335266  -3.223088   97.957016  0.346592  1.253469       6.121356   1245.868896 -163.466400  19.368683  3.403122  101.218742
335  133.655975  -2.547307  127.010475  0.279702  1.550744       8.537987   1080.101807 -197.032303  13.032419  3.885886   56.318031
336  109.843422   9.821153  142.589981  0.277163  1.432031       5.898842   1838.234375 -113.971107   5.359219  3.323087   61.766697
337  122.973755  19.163771  119.027596  0.329004  1.038531      10.551996    882.051758 -210.151932  16.012030  3.503712   78.573814
338  121.809814  21.824944  120.075577  0.334348  1.416635       9.325457    994.002686 -167.361267  10.141007  2.638354   57.260654
339  128.732712 -10.787771  131.382629  0.335195  1.569310       8.115914    879.513428 -206.932571  14.385171  3.084454   54.650723
340  126.584305 -12.448301  123.141632  0.331900  2.118971       8.260962    781.050049 -110.379265  13.109049  3.129178   92.385582
341  109.115440  17.261217  125.994087  0.332482  2.127446       8.595448   1076.983398 -215.029404  12.200600  3.080623  107.847664
342  117.464996  -1.455425  134.686234  0.342736  2.048436       6.262680   1845.983765 -189.867020  12.630713  3.785274   93.018135
343  134.703247 -18.757357  133.774216  0.348891  1.653379       6.562567   1619.203125 -165.380905  15.260006  3.501143   94.509941
344  139.142792 -13.060025  133.223999  0.333686  1.134457       8.772466    748.164795 -160.122299  12.915019  3.017956   83.366096
345  124.005859  24.111906  118.525467  0.319445  1.215489       8.231793   1249.046143 -169.289581  10.045755  2.837265   80.259430
346  129.693695   0.556709  116.978882  0.329359  1.599675       7.994013    779.092346 -150.533325  14.088295  3.570889   92.921158
347  114.070656  16.219208  141.115585  0.333267  1.245214       8.363793   1473.157593 -239.044952   7.568885  3.370042  119.677567
348  115.886299  -5.849766  150.627548  0.348478  1.525346       6.560936   1913.171997 -132.448090   8.569817  3.876521   87.083984
349  113.955307  29.274099  128.472305  0.343743  1.181414       9.893889   1020.268433 -191.786255   5.919540  3.048759   69.620171
350  138.180481 -11.644774  130.387878  0.344867  1.782471       9.098549   1149.389648 -174.711212  11.890720  3.840878   58.553158
351  124.517166  16.479250  116.563171  0.290208  1.976514       9.382718    897.020264 -207.154007   8.478601  2.909565   65.492157
352  136.348679 -12.591897  112.102859  0.329298  2.088671       9.483928    886.867249 -244.709290  10.435897  3.203047   67.010750
353  121.221031  17.751131  134.735703  0.337877  1.493408      10.684023    740.452454 -204.251114   8.215980  3.224462   77.791199
354  135.694443 -11.079268  131.829468  0.321061  1.633591       8.662942    916.453735 -101.013321   9.687648  3.370068   54.979038
355  126.123932   4.130281  130.740555  0.322351  1.183161       6.648332   1565.761841 -178.991379   9.553810  3.794191  107.496170
356  128.720810 -11.171757  145.793579  0.326778  1.761380       9.444806   1043.610718 -185.183914  13.918825  3.965421   74.502289
357  137.109055 -15.348932  139.214066  0.331182  1.736169       9.489358   1081.355103 -229.471649  13.271884  3.481506   77.195045
358  128.674866  -7.391401   98.793999  0.348261  1.169721       5.402656   1760.607788 -177.775162  18.800812  3.477683   90.592224
359  122.882111  19.206465  120.388939  0.331055  1.964422       5.559623   1599.228271 -168.655258   7.851826  2.647329   53.314526
360  137.347473 -18.514277  147.391006  0.348699  2.873759       8.196124   1589.936401 -220.459732  11.770126  3.455668   71.985283
361  126.220901 -13.888975  135.757904  0.323719  1.903617       9.100213   1005.861023 -169.310928   9.769611  3.244979   53.205490
362  125.555748  -5.273192  113.934372  0.336163  1.404496       9.241689    845.761963 -162.701355  13.912435  3.665114   52.644211
363  128.811539  -7.892148  102.723389  0.336942  1.319737       6.046538   1257.814697 -151.506042  19.456247  2.919411   69.521347
364  115.181252   8.833838  148.122375  0.336446  1.043239       7.509161   1581.882690 -133.611893  11.022784  3.265249  122.460297
365  120.069138   6.923220  122.560249  0.310819  2.312672       5.963395   1445.816528 -176.891693   7.615973  2.782506   68.560295
366  118.088242  15.256677  118.894722  0.298734  2.019456      10.210655    840.539612 -213.381317   7.925240  3.651154   64.531441
367  119.083061 -10.925734  138.583115  0.300798  3.229557       5.946347   1423.224976 -133.775070   5.295416  3.725095   84.181747
368  133.254150  -9.084237  139.846268  0.333521  2.768577       7.606873    938.563477 -215.823196  10.513747  2.373694   69.963173
369  132.268494  -1.041412  110.515411  0.325981  1.276356       7.551331   1355.714600 -196.618561  15.532745  3.586603   52.368622
370  138.367508 -18.433493  143.417786  0.343600  1.536994       7.530732   1152.505249 -176.265503  13.942554  3.287075   73.192673
371  124.019356  15.798664  111.370827  0.308896  1.928872       6.815897   1440.634155 -243.606613   9.870479  3.514894   72.417488
372  130.677826   8.274044  107.081566  0.304861  1.301160       6.437672   1950.665283 -190.850708  12.673939  3.462584   51.245777
373  137.961685 -13.559292  145.492523  0.333780  2.117155       7.217705   1432.415527 -141.840225   9.159536  3.000576   72.235970
374  114.939003  23.554665  133.086136  0.300083  1.414318       7.886882   1753.257324 -209.691605   7.617414  3.754236   65.445618
375  114.225922  15.187845  143.082977  0.293565  1.064128       7.831950   1448.812378 -181.003708   9.748768  2.794991   66.501434
376  126.913269  -7.781678  120.670082  0.345139  1.596970       6.758354   1422.187134 -180.852753  12.621019  3.722494   98.508240
377  128.824310  -3.850341  130.120087  0.324693  1.219953       8.095271   1052.723389 -234.529282  24.104996  3.313514   66.602730
378  139.776443 -19.609179  134.944244  0.347353  2.350113       9.418076   1089.689331 -233.551315  13.460613  3.619775  100.939941
379  129.305573 -12.720186  139.050385  0.301688  2.776986       9.597825    717.566833 -225.661606   7.903813  3.470994   64.463432
380  127.935272  -2.035463  123.719734  0.343293  1.169132       8.869565    718.950378  -72.412361  12.272696  3.575447  113.736900
381  131.626297  -1.904478  134.225189  0.338835  1.560420       8.843518   1032.796875 -230.103806  12.370108  3.550462   53.053585
382   98.415054  22.394958  148.152267  0.319712  1.542385       7.810338   1382.630127 -184.932236   5.714411  2.753576  200.891922
383  121.540504  12.277293  132.338058  0.333126  3.584080       5.052586   1168.713501 -224.772888   8.342157  2.135083   89.675285
384  112.157219  -8.680524  134.935730  0.339689  2.791660       6.972641   1214.963135 -108.402954   6.896880  3.742768   60.853706
385  121.476219  -8.763426  119.953583  0.346428  2.268974       8.264793    740.505310 -143.824524  11.651995  2.920928   63.235592
386  130.344025  -2.707772  102.716103  0.327712  1.090512       6.002272   1872.800537 -170.210403  13.560870  3.740820   58.390408
387  130.866943 -18.367336  117.404854  0.333578  2.313568       6.290483   1862.669556 -248.878372  14.647074  3.915043   72.174667
388  120.359390  -7.956871  147.004745  0.337662  1.937667       5.951549   1908.971313 -186.667114   8.985935  2.737162   52.163010
389  116.081139  11.408201  133.343201  0.346943  1.687497       6.230810   1663.590454 -142.977234   7.034533  3.069116   99.779213
390  125.947388 -12.249389  129.635529  0.332055  2.529355       7.027440   1569.194214 -185.417236   8.178389  3.922765   72.156616
391  128.178680   1.311581  116.502525  0.309349  1.719292       8.491950    733.916504 -225.512177  10.979693  3.127422   51.322548
392  121.792747  11.109580  103.807678  0.333171  1.801899       8.587033    813.480713 -247.793381  12.392791  3.823460   78.172699
393  129.084045  -3.783427  143.233887  0.328913  1.795443       9.054998   1134.203491 -210.452515  11.546451  3.733673   62.349842
394  127.177979   7.285244  116.918869  0.345657  1.683237       5.327471   1880.183228 -230.610428  13.885085  3.650398  121.416870
395  118.541687   3.265138  140.431870  0.329416  1.861884       7.730070   1166.143921 -211.702713   8.150986  3.201755   95.605331
396  110.769508 -15.462001  144.808853  0.329580  3.339139       7.413450   1268.818848 -239.573151   8.396288  3.878056   79.716156
397  128.563370   0.090124  115.128899  0.314141  2.066827       8.141933   1037.028564 -138.948318   9.539647  3.546069   86.115417
398  118.341843  -1.117868  146.629211  0.347728  3.154909       5.556310   1085.453369 -165.598145   7.012356  2.649087  130.261948
399  128.217087  -3.555308  132.864609  0.334966  2.053291       7.836923    867.693970 -238.609680  11.597166  2.826870   89.735565
400  125.040756   2.038561  117.477592  0.325155  1.588558       8.984582    708.488464 -203.013870  11.734473  3.755162   59.003994
401  120.467674 -13.330908  118.999718  0.343372  2.357770       6.833819   1245.593140 -187.462585  11.292021  3.842873   83.768066
402  138.464066 -15.848885  132.126099  0.344887  1.979509       6.380015   1933.883545 -181.582962   8.157983  3.728280  102.486168
403  122.356102   1.623953  138.878174  0.305083  2.052817       6.841307   1994.703857 -249.892853  12.748425  3.601983   64.781090
404  129.503799  -1.296615  137.314148  0.344657  2.463467       8.225311    934.584045 -226.192749  13.614825  3.073596   84.722786
405  125.236900  11.038457  139.917297  0.337666  2.061245       6.766369   1064.263550 -202.923767   9.057026  1.978606   91.766380
406  138.336807  -8.334570  147.219696  0.332607  1.107476       6.334280   1644.990601 -191.408600  14.721728  3.366426   51.929737
407  138.338425 -22.909601  141.354095  0.349810  3.477065       8.736787   1716.365967 -208.727829   9.933922  3.479851   52.530724
408  133.948227  -1.245054  107.031990  0.333189  1.320341       9.026105    750.733093  -95.647537   8.515833  3.126684   64.553085
409  126.369499   3.522439  124.406998  0.335599  1.121926       6.688313   1396.286255 -109.150993  13.164590  2.648232   58.940205
410  106.100410  -3.895469  144.935608  0.287918  3.517960       6.207096   1372.805420 -245.449753   6.974743  2.606545   76.452530
411  128.624542 -21.043863  147.074142  0.349585  2.960038       6.742291   1722.386841 -221.451782  10.295357  3.814406   81.019539
412  120.293594  24.996494  124.172585  0.325720  2.218488       7.997607   1716.211548 -177.514481   8.121400  3.714774  141.996658
413  129.649048  -7.341284  136.762222  0.299013  2.261188       6.053849   1757.302124 -186.124954  11.288975  3.677563   72.928413
414  119.452896   5.945487  135.241806  0.299975  1.174066       6.828144   1856.708618 -173.740173  15.201771  3.684559   64.464668
415  135.274979  -3.929198  140.344696  0.316051  1.006889       8.135058   1216.502319 -215.345901  15.528224  3.902170   69.106194
416  124.678131  -2.263408  137.479645  0.325000  1.931784       8.368796    936.149536 -100.550697   8.970067  3.702310   85.816078
417  133.526077  -5.877453  111.381721  0.344786  3.643482       7.092748   1317.548096 -218.367874  10.541932  3.886129  123.309235
418  125.878532  -1.058801  131.742844  0.346880  1.612675       9.388958   1003.305908 -137.022141  10.052524  3.653761   52.956631
419  129.727173   6.898443  125.223778  0.325101  2.026278       7.385362   1498.406006 -159.915924  10.606483  3.626266   81.426262
420  121.921524  19.508091  126.407471  0.324512  1.554493       5.801368   1207.321655  -78.608063   9.071415  2.034101   73.521561
421  127.824524  -8.056785  128.099960  0.348358  1.841942       5.014575   1727.754883 -219.940094  12.756817  2.264656   50.571026
422  130.234268 -10.402184  130.197418  0.313388  1.392318       8.192934   1069.406616 -207.571198  14.418802  3.617456   54.827522
423  132.355560  -3.257516  125.402725  0.337233  2.020588       6.324639   1301.071045 -119.413086  10.149100  3.200238   93.570587
424  131.998596  -1.638501  112.873985  0.337691  1.656006       7.735002    994.629578 -164.313965  10.849405  3.765323   84.512238
425  118.168640  12.169693  132.615875  0.336335  1.072806       9.247077    734.450989 -126.825958  11.742023  3.264276  111.883400
426  124.503326  17.393484  116.455399  0.342197  1.138454       8.129965   1340.266357 -157.002396  11.469832  3.686090   69.410652
427  118.700790  15.018688  127.615829  0.299133  2.406386       7.498605   1458.368896 -248.578705   7.038401  3.293465   91.879494
428  124.092415 -21.671343  116.055290  0.332370  3.314023       6.433312   1390.378540 -241.857742  13.592818  2.866300   53.932007
429  124.849869   5.244100  104.055550  0.349070  2.034384       7.971485   1055.259766 -213.509735  11.395008  2.844903   61.802189
430  129.614243 -11.790462  121.694557  0.341916  1.275468       6.997234   1258.206055 -189.394226  16.836184  3.349383   54.592918
431  133.512436  -3.956500  133.314087  0.323529  1.315225       7.066447   1725.601562 -176.420654  10.726581  3.980881   50.275780
432  133.042618 -17.598410  126.843475  0.340556  1.677563       6.935555   1605.044189 -164.946182  14.589774  3.735424   87.053238
433  124.690834   4.220726  129.286942  0.297668  3.119432       7.221459   1866.411133 -200.242249   8.170605  3.694154   65.623581
434  128.734268  22.894800  106.949570  0.337198  1.492066       8.288819   1392.416992 -221.943710  12.859018  3.528075   58.991722
435  122.396805  13.320469  125.176697  0.323680  1.866170       5.648275   1804.097168 -152.488647   9.251898  3.035863   90.038742
436  127.594093  -0.750391  128.738007  0.348957  1.260717       6.405192   1732.398315 -217.209045  17.942631  2.899858   85.094383
437  124.832825   5.959558  119.705765  0.307033  3.224933       7.878805    836.857544 -220.332428   7.820706  3.467579   85.759430
438  127.134377   2.879650  131.949036  0.327684  1.355954       8.431215   1171.478027 -207.817413  11.135112  3.849847   63.166813
439  131.978806  -0.432582  116.011238  0.347372  1.578151       6.455689   1650.866211 -221.935577  11.840426  3.244258   56.523651
440  138.196655  -6.279541  131.011826  0.311464  1.197966       5.217836   1624.510132 -168.302750  14.112660  2.838179   63.590023
441  122.237343  -3.623621  125.509995  0.299362  2.491972       8.941281    762.322632 -173.733017   8.458304  3.784845   66.429871
442  126.591316  -8.680214  135.239090  0.342092  3.456591       6.912768   1421.286377 -208.449310   7.218984  3.920757   98.202812
443  107.858124  24.531286  143.747971  0.319835  1.034350       8.472356   1412.451538 -217.240662  11.358352  2.289113   98.659561
444  127.364151   0.235370  132.605316  0.332271  1.390458       7.825564   1051.079590 -200.566299  13.986746  3.768061  108.798569
445  121.296837   9.112838  125.039574  0.341838  1.326789       8.504498   1330.466553 -112.081398   8.546822  3.856972   78.926163
446  124.406830  19.882092  112.286446  0.349629  1.474449       8.618733   1194.738525 -238.002045  14.459825  3.537953   94.817833
447  128.272949   4.573709  135.086746  0.314971  1.361441       8.862277    822.825500 -189.693863  14.646299  2.609593   63.871086
448  107.336311  19.350546  136.056473  0.319798  1.972346       7.821087   1271.715454 -206.807068   8.662744  2.543510  102.037277
449  123.815025   4.376099  107.633926  0.313528  1.769858       7.695993   1691.637695 -248.805283  10.936641  3.858370   53.773808
450  128.785233  -8.665358  118.864830  0.327240  2.364444       6.834398   1425.624390 -219.017410  12.022589  3.672266   52.393280
451  139.609207  -5.755521  124.078659  0.315290  2.253103       7.963399    998.698120 -246.463531  10.927450  3.456899   82.818253
452  133.415314  -8.324344  131.305466  0.321916  2.175630       7.819221    757.805298 -162.502960   9.429377  2.568203   84.990143
453  116.982727  -0.581831  126.352646  0.319283  1.893562       8.851954    829.428955 -221.182983  13.257821  3.695581   53.765064
454  109.990181  16.546324  141.901566  0.313399  1.318565       5.652921   1718.610474 -181.369263   8.882959  2.519773  101.711868
455  122.760185  20.072325  113.412079  0.349280  1.594057       6.779137   1421.157837 -227.795914  13.713161  3.623507  160.823883
456  126.977562  13.774324  108.543480  0.339254  2.910084       6.653712   1563.819702 -180.868088   5.697330  3.458585   87.612137
457  127.138771  -3.748874  139.847260  0.331098  1.309341       7.618939   1172.834106 -162.731003  12.308864  3.538013   70.025124
458  132.632233  -8.457129  113.346275  0.342735  1.381195       5.777210   1659.939697 -226.870483  16.941235  3.232026   52.884136
459  124.087303  15.024076  124.374199  0.289147  1.638110       6.782882   1143.116455 -219.581070  10.901549  2.440247   56.979187
460  126.181625   5.318944  137.551071  0.318609  1.461663       7.207976   1068.123047  -96.578430   9.472348  2.288161   79.113419
461  128.396881 -13.605107  134.580917  0.349627  1.897753       8.130859    887.955017 -178.636017  10.908311  3.103953   72.643242
462  130.784073  20.138292  112.129730  0.348002  1.198702       9.440479   1390.266235  -85.400093   7.677241  3.786337   80.616203
463  119.156425  12.533059  137.608459  0.312146  1.438619       7.620869   1219.499023 -222.537704   9.079686  2.299416   67.177162
464  135.073578   8.070559   93.918884  0.323909  1.371473       7.029945   1801.542969 -172.789032  14.260301  3.916414   60.258324
465  128.412796  -1.705835  124.585167  0.345616  1.379146       7.567393   1005.136169 -182.103699  15.686955  2.671334   71.540794
466  134.517075 -27.868793  152.535248  0.342370  2.983266       9.138467   1215.655029 -218.184937  14.319842  3.657117   51.359749
467  123.177299 -10.019208  143.023926  0.337468  1.840915       8.190873   1233.076660 -193.788849  12.995547  3.828430   79.076225
468  123.876945  -7.841831  134.319046  0.331874  2.023684       5.897405   1677.184326 -183.912857  10.981683  3.595693   53.701572
469  133.467255 -15.525908  139.559647  0.341532  2.899146       8.760986    818.400085 -173.113968  10.867078  2.339475   50.572823
470  119.995323   1.201086  122.501747  0.306335  3.023402       9.123609    765.308655 -247.906128  11.566317  3.919870   92.480339
471  115.878029  22.193401  131.461212  0.320910  1.118546       9.926146   1455.319092 -177.430328  10.856718  3.550602   69.199478
472  120.809212  11.471330  126.429245  0.346368  1.646040       8.003487   1485.922974 -200.245041  10.953773  3.670457   57.938126
473  120.155937  -2.069432  132.704727  0.324656  1.726444       8.481082    875.934509 -237.896179  16.228569  3.453384   50.772556
474  126.522896  -5.889031  155.059311  0.296112  2.716447       8.055529   1480.098267 -188.753983   9.070992  3.670385   66.228989
475  113.214417  -0.283191  156.846878  0.329542  2.118794       8.671544    898.237000 -202.852386   8.543075  2.092977   82.743706
476  112.858406  11.467406  128.852631  0.323849  2.252302       6.930727   1631.105469 -228.820892   8.345542  2.690532   58.270912
477  129.553543  -2.449524  136.783020  0.327889  1.006718       6.463187   1562.328125 -153.054932  17.678864  3.568913   94.430092
478  129.510559  -6.009861  142.332352  0.338321  1.294316       8.317236    980.999878 -140.375336  11.798094  3.822808   79.426399
479  122.096107  11.504107  134.110870  0.316222  1.205241       6.556624   1572.555054 -200.982681   7.757720  2.827097   67.621506
480  122.784065  -0.206462  122.806923  0.324883  2.020178       5.762732   1874.544678 -195.348587  11.066675  3.882586   93.436859
481  125.923225  -4.046198  116.949066  0.344656  2.311708       7.149734   1381.001831 -233.055435  13.781264  3.949498   89.280411
482  128.455994 -14.471823  114.887306  0.340126  2.179919       8.121918   1220.659424 -226.438980  15.189053  3.738425   92.392960
483  136.206757 -11.087296  141.771667  0.340922  1.094888       6.720437   1637.166626 -121.398636  13.030822  3.552237   78.144089
484  130.305405 -16.527138  129.066650  0.347986  3.484300       6.724370   1553.977051 -164.422455   8.886960  3.856981   97.944344
485  130.812195  -6.982661  138.336243  0.328554  1.087655       7.063326   1187.394409 -135.907654  16.520658  3.796709   85.719894
486  127.075073  -9.079023  117.254494  0.349500  1.513826       7.609774    991.421570 -161.342667  14.274920  3.119950   56.971775
487  124.404495  -7.291700  115.278534  0.345241  1.982697       9.875192    811.606384 -212.101532  17.743729  3.654864   50.036930
488  132.414490 -22.131222  126.711037  0.342604  2.416352       7.201233   1340.976685 -228.391830  10.461031  3.109909   67.061180
489  127.956467  11.003318  111.465851  0.313124  1.170020       6.748040   1538.531860 -222.405411  13.712560  3.680494   51.767826
490  117.873596   7.420076  117.499626  0.306239  2.200508       6.979615   1817.030273 -236.244141  10.811425  3.881113   66.972511
491  133.903214  -6.692771  141.967392  0.320132  1.617118       7.906149    965.785278 -218.254028  14.132431  3.119098   63.583130
492  117.262840  19.500233  125.404419  0.319595  1.494799       8.238208   1442.821777 -178.393234  11.719088  3.208621   72.190918
493  127.103447  -6.941083  137.264511  0.327543  1.700887       6.966210    962.097107 -118.584923  12.613067  3.028841  101.854080
494  114.404724  19.136606  131.180328  0.329411  1.732761       7.852082   1195.344604 -179.299652   9.046295  2.481636   89.764145
495  116.397194  22.949337  134.394501  0.345564  1.373931       8.325364   1263.110962 -177.957886   8.766867  3.768429  162.126312
496  127.806450  -3.817124  123.572830  0.309415  1.684818       8.041771    932.901489 -135.106491  11.420355  3.358119   69.337463
497  124.234360  -8.510159  126.860138  0.344466  1.591139       6.115455   1193.322266 -139.504486  11.133310  3.331728  103.686157
498  114.495483  15.652474  117.700211  0.315084  2.159037       7.196415   1184.561646 -193.352417  10.858945  3.120681   73.824966
499  127.544418  -6.059906  138.818741  0.338737  1.458221       6.212121   1594.111206 -135.642258  13.277595  2.727099   55.668663
500  123.373444   6.564280  132.193542  0.342368  1.087011       9.296439    753.240967 -220.522232  15.752483  2.311885   64.280029
501  121.481384   5.612080  112.422661  0.346309  1.997331      10.308624    705.886780 -212.001587  11.223133  3.848349   63.846958
502  139.209976  -7.072276  133.673950  0.311044  2.034747       7.135793   1641.339600 -187.677795   9.851640  3.662275   86.597328
503  129.016479 -10.016444  119.736183  0.342133  1.521920       6.357819   1616.547485 -139.822983  15.308263  3.122547   62.329269
504  121.556747   8.186771  132.024734  0.340428  1.022147       7.098371   1458.738037  -92.339813   7.609611  3.961714  105.021431
505  129.261307  -7.510857  117.253166  0.348182  1.025242       7.284515   1096.329712 -185.927551  15.914005  3.655966   69.979080
506  116.754272  11.081201  128.853104  0.335180  1.506946       6.469540   1996.001831 -114.631256   9.833089  3.760970   56.490768
507  122.723724  19.990820  132.694855  0.334593  2.362910       7.025511   1354.439575 -158.030746   9.383077  2.858081  129.410217
508  138.881912 -21.924553  131.699036  0.337550  2.894109      11.658727    701.941345 -240.391296  14.675755  3.902013   67.660988
509  122.883095   6.347682  130.229095  0.342440  2.864013       7.738354   1303.111084 -171.338226  10.280925  3.832566  151.549622
510  140.267792 -16.509905  133.964508  0.345510  1.038509       8.627728    849.379517 -125.693596   9.852366  3.133943   80.042358
511  116.580170  10.915076  146.210892  0.297156  1.260482       7.509137   1597.171753 -224.199646  11.178346  2.923942   79.235336