            lon        lat         inc      D1AU     delta  launch radius  launch speed    t factor       B1AU     gamma         vsw
0    129.001434 -15.665824  141.072296  0.349546  3.027358       6.311481   1227.688110 -189.622314  10.169114  2.466288   79.202950
1    128.900635  -3.719979  107.319252  0.339217  2.897148       5.122676   1831.651367 -185.640213   7.058045  3.679325   95.422318
2    124.550797  -9.520455  107.686195  0.340487  1.575317       7.382534   1364.701172 -234.611832  13.572235  3.770231   58.251350
3    122.344040   8.849590  122.263908  0.337412  2.056356       7.591877    931.309814 -218.992783   7.460023  2.746867   78.295113
4    116.372940  -3.334878  124.030518  0.339354  2.277213       6.508423   1294.337280 -208.651291  12.927160  3.582457   85.730659
5    123.566330  19.660397  112.426506  0.334726  1.936275       7.284695   1303.801514 -157.462494   7.440051  2.627038   77.661781
6    135.348053 -21.452419  152.309967  0.347574  3.867350       6.905618   1515.890015 -189.663574   7.833885  3.990201  124.772118
7    114.962769   4.312961  139.708984  0.292982  1.796097       8.399322    728.294312 -216.200928  10.003362  2.846387   59.435387
8    124.641029 -23.139597  147.199036  0.347055  3.104189       5.932570   1522.781860 -166.841919   9.597835  3.287136   69.498878
9    128.101273   4.569138  119.190834  0.338873  1.001912       6.307071   1847.359619 -165.770370  17.362972  3.125259   60.025951
10   128.315842 -12.640051  134.601089  0.318677  1.853387       7.670481   1182.036743 -106.156792  11.870010  3.798043   91.742775
11   121.281883  -4.532529  127.179558  0.331765  1.834248       8.117752    706.442627 -205.881516  15.574608  2.870473   85.815552
12   122.206383  10.647078  132.808075  0.336201  1.328242       7.117904   1773.946411 -200.469818  11.618301  3.791520   83.868179
13   133.157303  -0.778386  122.292740  0.306025  1.222458       7.532836    773.186218 -184.485336  12.071598  2.232848   59.487682
14   118.139809   9.659075  124.189461  0.330651  1.337230       6.757731   1279.120117 -170.161118  11.056973  3.297986   95.728630
15   126.975517   9.127539  110.055779  0.330133  1.774655       8.089380   1440.710449 -147.344147  12.256373  3.791418   50.880383
16   124.977417 -17.166168  125.516800  0.340571  1.837455       7.424221   1534.656006 -240.645950  15.322717  3.934421   58.521725
17   112.954147  -1.863344  149.841766  0.307236  2.205125       5.142554   1816.993164 -175.057739   8.431037  3.127164   85.899139
18   120.304184   5.977676  145.642776  0.306712  1.330472       8.662315    940.524963 -172.547470   9.956938  3.868989  120.205017
19   123.575737   2.381364  143.418152  0.320407  1.168616       6.107465   1739.475952 -222.178955  13.252236  3.743814   98.865196
20   131.313553 -11.855974  125.260277  0.319161  2.366555       7.031265   1049.061401 -244.440796  10.776643  2.975407   86.505005
21   114.463730   9.632178  132.358704  0.334314  1.672844       7.587074   1615.043701 -163.529510  10.070792  3.766159  104.351631
22   130.597870  -1.973564  112.716354  0.319777  1.794065       8.348287    931.046936 -108.762627   8.796378  3.708610   59.363911
23   128.375412 -16.401909  128.273697  0.338841  2.897046       7.893762   1075.638306 -199.849442  12.080575  3.452601   95.209175
24   127.191750   6.178065  129.154022  0.347565  1.386370       8.386496   1150.351929 -208.961700  11.454940  3.566233   77.684364
25   123.891541  -8.333421  125.888039  0.330505  1.633073       6.226678   1400.864868 -190.848999  13.389544  3.509468   73.029755
26   115.219475   9.956236  103.165581  0.346860  2.695103       7.853790   1701.836426 -144.758102   7.614903  3.579951   50.632217
27   115.243896   5.323565  139.317902  0.318114  1.760234       8.062259   1427.725586 -172.534088  10.342413  3.929453   69.718224
28   136.327728 -14.706182  115.562225  0.315373  1.443428       7.655045   1414.143433 -216.540497  18.562420  3.787174   56.455769
29   149.981628 -12.515705  159.416702  0.347878  1.192876       8.411788   1470.095581 -189.870850  13.752199  3.160160   69.231163
30   120.284645   8.261843  101.877411  0.340674  1.857145       9.376630    878.467896 -235.747742  15.660713  3.461951   54.355183
31   120.749771   9.013870  124.770920  0.337806  1.235149       8.415261   1166.623169 -239.059631  13.501881  3.652539   82.561928
32   132.764572 -19.891655  126.929695  0.339260  1.580160       6.242602   1908.094849 -239.235672  19.483704  3.441687   70.167931
33   128.263565  -8.128963  111.122490  0.326711  1.558347       5.645482   1746.713745 -187.222000  11.199001  3.242817   77.707573
34   127.873611   1.047038  126.895721  0.334420  1.233411       7.386343   1118.269409 -151.766312  11.591912  2.398670   50.713745
35   115.362785  10.368631  148.806854  0.338843  1.240144       6.061538   1912.783325 -152.755173   7.129691  3.397960  159.745026
36   119.367004  16.606489  136.433945  0.287381  2.051749       7.162686   1142.783325 -194.728287   9.504271  3.300135  106.210381
37   125.373413   6.575706  136.987595  0.321867  1.095183       7.155171   1262.661255 -208.396530  10.151006  3.044049   51.850998
38   125.573517 -11.000060  134.651657  0.348757  1.968024       5.309541   1859.770264 -219.460281  10.098737  3.567968   74.760490
39   129.037369 -12.642519  128.942215  0.310162  1.900015       9.332564    848.265930 -177.351654   8.307283  3.746140   54.575287
40   133.034988  -5.800143  134.384109  0.340831  1.932478       7.844351    819.692627 -137.230560   8.763493  3.560969  117.391525
41   138.570663 -24.202307  155.304794  0.349331  2.734715       6.247787   1993.690186 -143.455582   9.613837  3.396130   94.607872
42   129.117386 -11.800045  124.109909  0.342818  2.283316       8.183566   1167.777222 -244.467346  14.642868  3.024899   69.335876
43   128.722488  -5.303601  125.649246  0.343861  1.567864       7.065602   1792.351685  -93.102783   9.456362  3.731239   77.914909
44   135.751083  -5.931265  127.457062  0.335418  2.025807       9.093303    866.368103 -236.978546  14.645385  3.330689   82.789459
45   126.964943  -1.921432  129.508255  0.306524  1.231910       6.249251   1789.821655 -236.268723  18.404320  3.821880   68.816727
46   133.667877  -2.739032  137.868484  0.342626  1.365827       8.095854   1115.535156 -123.995430   7.743008  3.356432   85.007072
47   122.812408  -8.325955  112.805664  0.336655  2.381071       8.358508    824.261475 -180.082932  12.162729  3.720702   50.270271
48   124.679779  12.212598  127.085297  0.336082  1.378322       8.373381    792.257202 -153.436539   5.325226  3.852159  111.138344
49   128.520386  -4.404384  126.180763  0.329625  1.753192       8.705937   1017.897827 -194.909210  11.487460  3.573096   61.962482
50   119.727715  10.083413  133.014069  0.321075  1.406572       9.694342    994.543945 -239.868713  13.590422  3.752348   74.127167
51   120.552582   6.106429  137.212326  0.327844  1.985578       7.406506   1348.506470 -225.491791   8.731641  3.926090   93.524010
52   124.703789  25.387552  121.302238  0.324142  1.503243      11.259031    812.507690 -157.619827   9.587583  3.851274  123.048332
53   121.838852  14.784901  119.031242  0.324747  1.618099       8.460575   1475.845947 -199.076126   8.254189  3.557926   78.491623
54   137.266220  -8.304996  128.543350  0.343498  1.657032       7.745105    815.007751 -120.830399  10.281882  2.477747   95.423004
55   114.355888  -7.816407  122.608734  0.337155  2.669683       7.160380   1447.065063 -217.853683  10.118657  3.828598   54.484478
56   122.874847  16.201759  119.393410  0.320101  1.376708       8.768588   1049.381226 -158.403519   8.072069  3.446276   64.609657
57   129.491333 -13.559061  127.443611  0.348702  1.397420       9.111823    984.767090 -216.506378  19.526653  3.465115   50.812878
58   129.475754  -5.923396  134.643417  0.319698  2.601676       9.514800    802.084900 -215.560699   9.457099  3.315080   55.941223
59   124.666840   1.205806  129.199951  0.339158  1.781622       6.299365   1284.412109 -168.812012  10.737350  2.994618   96.294571
60   134.452347 -13.903434  138.082596  0.343425  1.544737       8.269363    826.089050 -175.406662  16.522671  3.897861  103.301094
61   131.249329  -4.288970  126.673203  0.335009  1.038061       7.145741   1213.962891  -94.431419   8.548396  3.196427   79.544083
62   128.690842  -0.957591  124.179237  0.340967  1.639241       7.338720   1783.914551 -227.979935  12.173209  3.606784   51.217663
63   129.011948  -7.224497  118.553932  0.334281  1.849892       9.288326   1119.427734 -223.891388  13.644013  3.963007   58.260483
64   127.612434   2.588191  113.460175  0.325601  1.458961       7.353934   1424.866821 -206.645065  16.257030  3.061482   52.117035
65   137.777161  -4.563593  128.720810  0.334773  1.400862       8.644089   1031.410278 -158.330933  16.688400  3.218273   58.886059
66   131.266800  -5.580555  113.580788  0.344927  1.374058       6.163463   1704.722534 -192.894119  15.530852  3.800683   64.341232
67   133.517288 -14.609525  124.635056  0.343070  1.862249       5.798388   1588.517212 -164.419373  10.953393  3.331522   73.910210
68   126.454094 -18.573360  135.273117  0.333343  2.553486       6.323665   1390.385132 -186.927094  13.789248  3.187247   62.724426
69   133.937759 -14.615194  133.876022  0.333204  1.727163       5.585705   1493.789795 -227.674942  18.564550  2.854997   61.427742
70   125.957893  19.917807  118.130013  0.328649  1.081037       6.729566   1523.751343 -125.647850   9.146993  3.011706  103.086296
71   130.589355  -4.479762  133.859009  0.318352  1.761925       7.496935    934.779358 -214.229767  11.470415  3.079892   76.340965
72   121.604034  -7.976116  126.187126  0.340481  2.371942       8.479341    936.021851 -150.767807   8.630958  3.467509   68.172073
73   131.342682   3.739331  105.728951  0.345978  1.120199       6.555223   1908.586792 -235.517517  14.315178  3.723750   53.798695
74   121.345711  -3.512564  132.489761  0.335382  2.061195       5.319260   1889.869019 -244.792343  13.053501  3.400497   71.431229
75   131.634995  -0.854884  136.419434  0.330647  1.385907       7.431629   1635.592041 -226.212036  10.699214  3.427062   64.600388
76   133.263580 -16.768276  127.940926  0.341480  1.980445       8.265100   1426.616089 -115.673431   9.198042  3.961884   80.156601
77   121.446480   6.552781  120.530670  0.306925  1.975395       8.049105   1239.319092 -171.318817   9.717438  3.470335   57.798016
78   124.736786  -4.354398  146.316299  0.316160  2.773258       6.192921   1431.939697 -208.824722   8.667285  2.663822   65.744286
79   134.847229  -8.951529  113.860947  0.332907  1.231950       5.514082   1896.884644 -164.193985  16.038887  3.604078   91.582809
80   125.763580   6.772736  141.829285  0.305981  1.075448       9.155382   1251.830322 -189.312149  15.897781  3.725913   63.061329
81   108.229065   8.573823  137.824570  0.262917  2.581417       8.067125    827.219543 -182.666107   6.090847  2.540390   60.688705
82   126.133018   2.992641  122.441505  0.330728  1.250052       6.939671   1497.422241 -167.708069  14.852774  3.912833   75.006882
83   129.204803   4.174972  125.903465  0.311672  2.126297       6.207913   1444.884399 -175.484070  11.915737  3.627889  110.885139
84   130.493042  11.756308  109.988091  0.342905  1.308692       6.245937   1759.651978 -186.968155  12.344734  3.134857   64.295311
85   131.541733  -4.696161  102.513229  0.331675  1.088560       6.058274   1705.771606 -229.918289  17.364964  3.904031   77.343185
86   127.234566  -0.632474  137.238708  0.332368  1.211278       7.748190   1476.741699 -216.999207  20.585760  3.427770   79.470779
87   123.697861   9.741670  128.423645  0.332879  3.421540       8.393115    955.786865 -183.826385  10.917380  3.633430  126.390419
88   131.742889 -17.719580  137.690384  0.328710  2.328133       6.301398   1414.317139 -210.965866  13.509505  2.855995   57.618568
89   124.537125   4.503719  101.899124  0.347794  1.397272       8.535805    739.567017 -176.547531   9.779001  3.428693   64.413605
90   130.123672   5.423126  136.404388  0.281747  1.006921       5.732347   1748.335693 -168.937836   9.271617  3.271941   64.223358
91   120.676903   2.460701  132.087128  0.324862  1.953262       7.236876   1108.290039 -166.843765   7.760807  3.626591  112.706886
92   122.906418 -22.616104  131.079269  0.330632  3.589594       7.114018   1449.457764 -249.735718   8.922502  3.655230   66.012131
93   127.619865  -5.681430  104.521194  0.341609  1.392239       8.786276    872.639832 -211.092972  19.746096  3.877779   77.079224
94   107.124199  15.935445  152.778992  0.310442  1.016129       6.842432   1323.187256 -121.686768   7.580053  3.001081  203.623978
95   131.200241  -2.836556  136.634094  0.304119  1.634905       9.071293    768.676575 -247.763077  17.358662  2.850248   66.306190
96   125.251022   6.308141  118.880974  0.340931  2.340820       7.598726   1217.458862 -216.863007  10.120043  2.879821   53.454082
97   122.294357   1.264149  125.515785  0.347972  3.146030       6.167687   1736.432495 -246.966080  10.052809  2.841702   55.902569
98   131.139542   4.757010  111.283356  0.316391  2.055912       9.042923    726.010376 -216.336105  12.564966  3.069541   76.692764
99   131.605972   2.515182  133.231918  0.322556  2.606525       6.422656   1665.308960 -218.598816   9.861321  2.604615   53.820889
100  134.069855 -11.780981  114.414078  0.314819  1.456441       8.531929   1143.123047 -206.009262  15.264051  3.778366   58.512306
101  126.411911   7.311178  114.550667  0.328388  1.029660       6.151567   1835.837158 -128.837555  12.396945  3.658935   69.069511
102  128.110229   6.334251  103.049568  0.319571  1.535210       5.144243   1739.073364 -237.093582  17.415600  3.039825   57.514282
103  124.555481  -3.507160  140.254745  0.317012  1.623481       8.469666    817.541138 -201.842407  16.418543  3.714706   82.621727
104  115.949631  29.484238  120.891312  0.341404  1.406883       8.092508   1579.390015 -235.159973  10.070859  3.416746  121.677254
105  136.464279  -6.799598  125.482269  0.329430  2.235059       9.128967    936.436584 -237.397171  11.603828  3.298155   65.986473
106  126.589958  -7.849422  138.217911  0.303077  2.737633       8.154081    800.594116 -246.022171   9.285893  3.571993   72.637955
107  121.656174 -16.715101  140.070251  0.329301  3.908192       8.386890    712.296448 -224.556305   8.633858  3.904358   94.518806
108  132.730103 -21.094284  135.791916  0.340321  1.796583       7.352928   1502.531860  -95.971123  12.406866  3.784949   71.854485
109  122.389999  21.920364  121.887077  0.346924  1.175689      10.116379    840.300964 -201.066345  10.493673  3.172211   92.636566
110  106.597221   2.769729  126.129372  0.322029  3.653660       7.550011   1334.286865 -202.956390   6.005668  3.588515   57.923111
111  117.706978   2.072814  109.245529  0.336609  2.302200       6.910388   1186.963623 -162.603195  10.225283  3.156641   55.707588
112  127.756546  -0.646534  136.896133  0.316285  1.582151       8.596410   1239.047119 -190.879639  11.446458  3.880964   93.529900
113  121.667793  -2.672572  130.496277  0.340731  3.672660       5.708003   1529.618896 -227.495880  10.083893  3.499000   93.314133
114  121.793083  12.265285  134.292404  0.304856  1.219704       8.043999   1535.878540 -156.063232   9.270034  3.708161   71.525963
115  125.158241 -18.640757  131.521606  0.345674  3.814742       7.534431   1101.245728 -192.821411  10.195890  3.787975  101.997581
116  118.758469  -2.332983  132.571320  0.327404  2.509810       7.277401   1041.781128 -241.641266   9.070344  3.171298  100.241631
117  125.102333  18.081188  121.268387  0.297813  1.490819       7.446062   1301.784302 -115.447792   6.043253  3.063616   83.135956
118  119.716385  22.172905  131.494064  0.301386  1.062855       9.841523   1316.290649 -219.609222  12.918651  3.569512   56.576817
119  140.416275 -19.669273  123.866226  0.342365  1.037913       9.125407    977.864990 -147.234879  14.086604  3.447956   83.983078
120  122.718788   7.091218  124.566177  0.349793  1.296121       5.945183   1968.927979 -241.586548  15.655759  3.613984   90.628349
121  126.937332  -7.785882  116.746010  0.333335  1.557417       9.165686    706.869141 -183.138199  16.355759  3.161500   53.824692
122  119.301872 -17.923239  148.101624  0.334235  2.595604       5.364913   1676.523315 -199.874359   9.715852  3.333281   72.787041
123  128.896362 -13.606911  145.275223  0.348254  1.732122       5.231654   1678.810547 -123.838470  12.530660  3.676369  122.975395
124  138.013763 -18.635056  126.050873  0.346222  1.681158       9.684637    880.757751 -180.449600  14.882927  3.591213   61.776154
125  118.760315  -1.686363  133.288010  0.330291  2.822573       8.707912    891.679199 -186.854843   9.589237  3.713989   81.304001
126  127.887627  -7.864874  124.091644  0.316625  2.407502       8.836102    994.307678 -161.166199  10.079454  3.675096   74.312607
127  125.542068   6.841606  125.938805  0.338869  1.760856       8.068925   1327.813965 -199.636795  11.894193  3.747822   78.719078
128  128.183868  -5.857573  150.924347  0.342464  2.260896       9.361867    799.393555 -217.046371  12.358848  3.995912   93.316910
129  115.753929  16.269735  131.757233  0.344191  1.169447       6.203112   1648.040527 -192.069092  13.468495  2.411870   86.676193
130  136.415344 -26.179155  136.145157  0.339707  3.019518       6.547068   1435.116699 -244.224197   7.667133  2.815784   63.238461
131  120.431557  16.293867  126.786324  0.323491  1.480071       7.903712   1221.033936 -200.976486  10.492625  3.214924   87.415199
132  129.874069 -12.393423  116.772926  0.347936  3.132684       8.750204   1126.047974 -189.337784  10.545880  3.748143   59.597073
133  124.970764   6.705127  124.524796  0.334392  2.366263       5.887191   1332.649658 -161.196091   8.467812  3.089554   78.569946
134  122.859596  -7.654197  130.174026  0.343212  2.581416       6.466086   1961.471191 -225.625198   8.716369  3.931945  115.495453
135  121.891174 -19.760296  129.288269  0.347245  2.667344       7.338372   1058.232666 -227.648193  11.679013  3.734363   72.606155
136  131.939728  -9.676697  120.248192  0.332652  1.431699       7.061493   1161.649658 -170.392212  11.488355  3.345212   78.325447
137  119.337570  -2.098578  120.787071  0.340522  2.048318       9.075903    825.131653 -231.369614  15.730888  3.520240   53.759251
138  126.207886  -3.243869  122.637383  0.296025  1.648743       8.755192    804.022339 -128.762817   5.842751  3.710554   54.761620
139  122.122803  -5.319145  128.692383  0.346931  2.654673       6.624328   1152.293335 -159.881607  12.624804  3.903216  133.394333
140  134.784286  -9.822938  144.158234  0.338061  1.617782       6.430179   1583.539673 -181.564056  14.104779  3.407518   90.419777
141  116.207352 -15.030084  131.890839  0.347423  3.020950       6.343869   1270.940918 -224.307526  11.898616  3.721206   78.326874
142  136.262161  -7.657057  133.017822  0.319530  1.777639       6.872485   1409.331787 -146.217270  11.528437  3.113142   74.300011
143  132.154678  -0.170729  113.428459  0.346879  1.074568       7.241678   1449.208252 -142.676102  17.304123  2.905002   67.446907
144  109.654449  10.934333  127.922661  0.324200  2.734184       8.137070   1320.727417 -232.429062   7.748539  3.834225   93.781853
145  109.730988  10.866962  125.138588  0.345539  2.631683       8.512478   1141.787231 -154.876999   6.130486  3.827834   84.509872
146  116.624886  21.396757  132.205475  0.345348  1.035825       8.411297   1517.272095 -215.855118  11.756198  2.784398   86.354500
147  126.312363   7.024852  124.570435  0.344347  1.356065       6.764914   1618.299194  -59.157848   7.058138  3.627139   93.415955
148  118.601616   6.148443  152.458603  0.345629  1.673153       8.704497   1120.232178 -105.222565   8.116529  3.974229  139.499313
149  125.956772   9.945186  128.234146  0.332486  1.174414       8.937134   1368.903931 -209.111984  17.855026  3.670799   63.117142
150  127.852875  -7.232116  123.472893  0.339124  1.531753       7.245667   1063.237061 -216.561707  18.181219  3.070948   58.816975
151  129.122971  -6.996411  153.218765  0.323801  1.802014       5.465984   1657.217285 -204.362900  12.233811  2.393686   52.844990
152  105.450623  23.283428  124.326164  0.320514  2.307331      10.450203    751.259521 -196.030548   7.003700  2.479880   82.249634
153  122.436684 -10.866230  150.207718  0.328096  2.849989       6.819318   1921.835327 -226.670395   8.994514  3.467563   71.699867
154  124.140823  -7.481192  126.547310  0.343558  3.677364       6.192578   1658.220459 -244.699692  10.063334  3.980947   89.025505
155  118.149086  13.160190  120.546478  0.313869  2.074144       9.621288   1068.401733 -222.388977   8.154823  3.957223   60.691273
156  133.103394  -3.551900  127.486351  0.348073  1.655233       8.358967   1107.841919 -248.093124  12.897796  3.117872   81.253471
157  125.208885  -2.679388  131.661514  0.313422  2.886454       8.587842    804.841492 -170.817093  10.446973  3.173872   58.963631
158  130.782104  -3.825087  131.611801  0.318639  1.991938       7.304061   1169.436035 -169.697586  10.620180  3.387030   73.601219
159  126.867226  17.660328  110.491417  0.335511  1.223610       7.237740   1443.909912 -210.183517  12.199368  3.005383   56.670330
160  125.863968   3.288702  137.234558  0.342010  1.133772       7.891346   1250.359619 -161.692795  11.098648  3.282959   68.328842
161  127.026024   7.097979  124.813545  0.305030  1.264658       7.979217   1368.626709 -201.386978  11.274843  3.684568   56.019577
162  133.571335  -7.486635  133.749100  0.343795  1.294422       5.615191   1539.426025 -118.088997  11.427078  3.092670  107.865112
163  127.989647  -8.516683  118.309502  0.343046  1.963105       8.999823    767.019897 -175.412170   9.983544  3.334243   83.585197
164  130.722382 -28.277946  138.444351  0.345269  2.341348       8.400051    846.405701 -190.695221  11.487491  3.092715   70.225632
165  132.983200  -4.534993  125.339630  0.330630  1.093562       8.269243   1345.254883 -160.982254  16.065304  3.907266   56.111439
166  128.563904   8.932614  121.105194  0.345265  1.091262       8.473846    960.074951 -130.541916  10.524844  3.689255   76.102913
167   97.216782  27.947374  134.574509  0.287784  3.078735      11.135259    876.708862 -211.789032   5.191943  3.904009  175.991913
168  124.536652   0.981058  134.538452  0.334225  1.072818       7.519171   1407.398071  -94.973358   9.179365  3.981079   69.610367
169  114.673187  -4.095912  111.817490  0.343490  3.095588       7.319148   1024.478760 -165.721298  10.508470  3.530870   70.219460
170  128.852005  -1.383034  127.829674  0.299755  3.164984       5.762777   1457.532349 -205.546188   8.434096  3.609364   93.581390
171  119.019302  19.616402  128.190414  0.329776  1.575482      10.935369    738.263428 -191.075073   8.706971  3.369854   56.793400
172  121.587517   4.397648  125.691742  0.318543  1.943709       5.957267   1229.339355 -223.083755  11.866599  2.557052   63.028408
173  119.625679   2.126451  132.873459  0.334971  2.352309       7.222030    923.169739 -208.834106  12.061755  3.140597  106.769112
174  134.111237 -10.441076  114.170219  0.327562  1.077471       8.954543    801.358276 -242.429611  23.044365  3.977848   94.634071
175  127.212105   3.278896  125.627831  0.349090  1.490674       7.404287    895.949097 -145.871429  12.915179  3.201401   86.769478
176  114.865875   8.000056  135.442383  0.344110  1.526419       7.983734    954.845825 -136.262299  11.235879  3.776533  133.089493
177  123.605614   5.897267  125.064217  0.336480  1.385758       5.205592   1787.512329 -134.925201  10.034977  2.723688   62.048008
178  131.944336 -11.575532  128.985565  0.339761  1.290111       6.139849   1878.247070 -113.216805  13.716710  3.443654   61.636368
179  127.204750  -9.872245  145.434982  0.344456  1.605756       6.354588   1849.857422 -177.356110  14.897326  3.168633   61.590862
180  126.270287   2.826214  107.669479  0.349130  1.259720       8.138925    719.068481 -164.271851  17.608212  3.038226   92.383858
181  121.186707   8.239958  130.551651  0.343793  1.302327       7.612418   1357.788818 -198.505508  10.810699  2.672103   63.330776
182  126.551765  10.234782  125.615013  0.326510  1.200694       7.370495   1527.250854 -197.699692  11.390214  3.945036   96.586792
183  128.715347  -0.822349  111.513680  0.338599  1.492208       7.270561   1529.684937 -215.623459  16.367928  3.705428   57.259930
184  123.929558  10.868958  131.191727  0.285615  1.291446       7.685933   1127.593384 -212.733246  17.186632  3.928333   74.505569
185  127.480019   1.128965  141.637558  0.313203  1.088514       7.470414   1587.076904 -188.818665  15.035493  3.296287   54.225132
186  117.260666  17.910656  133.885574  0.339552  1.048859       6.918090   1147.624023 -180.069656  11.494895  2.314189   78.376328
187  134.521912 -11.481930  116.626976  0.344206  1.234785       6.710828   1691.401001 -216.518585  18.348562  3.398204   69.580627
188  133.042313  -3.988357  127.096291  0.342357  1.341266       9.554541    709.391785 -182.760925   8.548642  2.511811   54.757504
189  114.232712 -13.089887  149.409882  0.343184  2.841620       7.219165   1392.157227 -209.099533   9.174785  3.409618   91.592072
190  125.642517  11.340793  121.545036  0.307141  1.114451       7.155905   1737.095703 -196.362198  13.947130  3.304444   51.843121
191  131.844864  -0.302904  110.289139  0.333911  1.286552       8.713756    840.594421 -190.196960  16.316689  3.608519  104.080040
192  128.890442  -4.480333  122.320709  0.319184  1.206054       6.906461   1308.159790 -236.534180  16.096056  3.773203   80.817062
193  132.182312  -3.401975  139.256760  0.343016  1.306595       8.651701    869.840027 -147.287338  10.435011  3.438538   92.665352
194  135.481506 -18.302244  130.299667  0.349322  1.546176       5.133461   1798.312622 -208.431595  15.787198  3.568273  135.086472
195  131.169022   5.976924  127.245544  0.321456  1.395225       6.619398   1964.894897 -175.524399  10.084346  3.594247   52.257107
196  123.801872 -21.854830  138.074570  0.330495  3.537699       6.605010   1680.611816 -231.842834   9.733714  3.955448   74.725006
197  123.197952   8.469049  122.685341  0.316753  1.383693       6.506492   1535.364380 -218.145340  13.057170  3.322057   61.442158
198  118.398514  16.918253  113.799637  0.339093  1.816412       8.211740   1192.640503 -211.255386  11.406948  3.879126   84.260498
199  131.388763  -7.352139  143.276505  0.331575  1.135347       9.434166    872.278198 -184.687759  16.436857  2.831964   63.623909
200  126.923172 -17.564783  144.297440  0.327706  3.753425       6.381759   1036.527588 -229.901794   9.867730  2.692600   69.513046
201  122.468567   8.557842  144.559158  0.322750  1.384798       5.736810   1830.567505 -230.859970  15.142172  3.076113  118.293854
202  125.032257  14.424267  119.967613  0.329417  2.123556       9.136825    991.147400 -183.453918   8.996949  3.701885   74.662849
203  120.793709 -16.883369  135.831543  0.349623  1.682547       7.406453   1513.363159 -202.719696  17.029411  3.775754   56.333332
204  120.198586  21.613897  121.404541  0.331664  1.392647       9.536958   1160.685913 -246.044128  13.785456  3.721826   73.854546
205  126.051109  -4.952958  125.374069  0.346395  1.688475       7.615638    955.053345 -164.905334   9.022194  3.310604   81.769287
206  133.994873 -18.114145  122.008781  0.333655  1.702380       7.499820   1107.888916 -238.023529  18.989964  3.124050   58.496063
207  127.137581 -11.893105  130.999405  0.336421  2.122560       7.019247   1290.739502 -186.510345   8.845563  3.124158   69.986855
208  129.501770 -14.149358  113.531021  0.348485  1.500950       8.013600    863.951965 -202.651245  13.270875  3.512356   80.751244
209  141.397263 -24.027073  165.659500  0.349718  3.922221      10.418917   1005.349121 -208.308105   7.535010  3.800567   56.116459
210  131.576538  -4.833160  136.452591  0.347315  1.146541       6.262568   1253.015625 -218.139740  17.830231  2.797781   83.309113
211  124.382446   2.363706  128.770721  0.330183  1.584007       6.932577   1691.925903 -152.668884   9.666118  3.766377   73.297173
212  128.080292   6.723479  126.770584  0.326364  1.006423       7.677173   1379.144043 -128.499817  12.210705  3.418756   55.772232
213  122.808006  -5.268286  119.064476  0.337709  1.700180       8.311660    996.496704 -229.701447  10.638875  3.789697   73.790741
214  125.315414  19.543314  124.717735  0.336361  1.805227       8.050601   1414.924805 -140.268082  10.382150  3.477793  133.636856
215  125.615952 -16.624996  147.940521  0.345486  3.984000       5.224980   1925.980591 -189.832581   6.912299  3.234279   55.834942
216  123.844650  23.472441  113.417709  0.326794  1.294146       9.730723   1446.754883 -228.942337  11.580010  3.932343   66.208481
217  121.857368  12.320911  121.613144  0.326915  1.413637       9.293704    962.664246 -177.690811  14.299096  3.141824   65.465996
218  129.055359  -9.989726  132.844193  0.335457  2.080664       8.670536    797.089600 -240.462708  12.612528  3.570147   74.192917
219  130.635376 -10.235083  132.366302  0.334547  1.899183       9.836534    862.026978 -230.698624  17.481380  3.860061   95.238037
220  132.735260  -1.799796  110.668556  0.300730  2.111001       6.982143   1484.236328 -215.597595  15.399826  3.631137   54.443226
221  125.228310   2.483419  107.974983  0.330617  1.897556       5.337085   1740.736328 -169.070114   7.188726  3.378125   70.340714
222  132.806427  -9.397316  109.756012  0.329816  1.896474       6.312164   1806.955933 -203.158890  10.501471  3.623254   77.410034
223  130.097809 -14.207477  132.737427  0.349489  1.868453       7.944491   1230.739990 -153.676666  11.950683  3.771687  103.097633
224  135.179245  -0.474817  128.064331  0.338204  1.058028       7.541730   1611.423096 -189.029709  13.774439  3.710445   62.900364
225  126.032646  -7.297090  134.960983  0.328753  1.572763       7.225572   1040.423828 -129.958694  14.016958  2.943455   77.722893
226  127.477623  -5.216737  127.930374  0.341818  1.325612       8.934591   1055.488159 -236.357529  20.073036  3.444079   53.331944
227  130.707382  -9.612339  125.188148  0.342828  1.980939       9.826427    777.944397 -188.345734   9.114716  3.278761   70.844299
228  130.904663  -6.145804  114.219383  0.340712  1.349375       6.453907   1169.714111 -233.262543  19.958134  3.115521   73.451012
229  134.082001  -6.530506  104.285919  0.337956  1.138206       7.106480    892.858826 -190.725967  18.536600  2.439022   62.297005
230  127.976799 -16.823986  113.493523  0.340301  1.746494       9.945888    705.638245 -185.522888  15.626508  3.330404   56.225353
231  125.264351   0.175698  132.113541  0.345852  1.216788       6.685496   1747.975830 -185.833099  12.575322  3.247495   61.421848
232  128.270416  -5.261106  109.531784  0.336084  1.385821       8.313026   1255.044678 -199.109848  15.085925  3.686439   80.909584
233  122.184647  10.803937  129.211868  0.332363  1.172185       6.091313   1838.787354 -230.872650  11.679547  3.340715   90.243073
234  113.728470   0.461202  152.132812  0.339588  1.834745       9.092827    708.216064  -94.421745   7.353087  2.802830  110.184593
235  123.842575  -5.988115  133.547134  0.321274  1.973309       6.415069   1557.471313 -198.127380  12.321486  3.251025   54.526257
236  133.632126 -13.008088  127.257309  0.340859  1.337555       9.054117   1027.320679 -216.418610  19.239780  3.917989   55.780312
237  111.413483  28.815704  135.003799  0.305393  1.391513       9.905946   1454.981567 -193.512405   7.730178  3.664771  144.577362
238  128.344788  -3.420778  140.635437  0.346724  2.106663       6.332731   1656.826172 -194.337631   9.404668  3.960015   81.583496
239  124.884232 -10.319747  134.469513  0.345280  2.021633       5.225354   1985.993774 -148.588821  12.113350  3.359768   72.653984
240  126.997101 -12.981217   99.284660  0.337899  1.671903       5.932282   1617.626709 -186.731750  17.533587  3.466806   63.276981
241  128.887451 -15.610658  131.011673  0.338094  2.235697       7.460121   1516.860229 -183.635071  12.374537  3.822536   80.229477
242  127.213760   0.061726  126.437447  0.331638  2.132854       5.690637   1574.767212 -158.882385  15.017508  3.475486   74.460190
243  111.432137  29.711819  124.793762  0.334075  1.822821       8.827673   1489.826538 -213.073822   6.349199  3.019507  131.620514
244  135.379730  -6.308513  135.170975  0.345043  1.339357       7.503864   1460.179810 -180.562790  11.124446  3.226739   68.910477
245  124.512398  -1.390780  119.120300  0.349036  1.714745       7.268130   1426.405029 -206.595139  10.200828  3.801440   71.414558
246  131.579849 -10.711072  139.555298  0.344346  1.507595       8.626763    856.103516 -124.272133  12.480365  3.421677   97.414291
247  123.213272   4.419912  136.540283  0.313422  1.342093       6.452465   1561.706787 -193.330887  10.018662  3.113345   56.995949
248  131.985336  -8.872389  113.813042  0.349737  1.271813       9.977216    890.945251 -160.024948  10.924459  3.485244   50.748447
249  134.445023 -10.549885  124.244766  0.327190  1.364638       6.268414   1475.026489 -142.209671  13.104225  3.296993   53.468941
250  126.166908  12.788073  115.471184  0.323349  1.091325       7.147455   1732.518799 -196.906784  10.756077  3.929659   78.505302
251  116.924171  13.032446  132.857910  0.332820  1.046444       8.150130   1567.739990 -139.499649   8.046905  3.827721   82.291428
252  132.932327  -3.234417  144.887344  0.328045  2.432351       8.208055   1439.552002 -182.397659   8.879910  3.608394   78.845245
253  113.494209  12.623031  139.467804  0.327811  1.151731       7.761796   1077.999756 -218.915314  10.620526  2.271700   90.885475
254  121.911819   9.297078  119.018303  0.341436  1.388468       7.306829   1294.217529 -213.518066  11.446426  3.964821   92.318214
255  128.286057   3.931148  124.514359  0.305030  1.073057       6.929718   1646.961548 -168.074188  13.272602  3.633983   67.682945
256  119.321304   9.676789  115.078934  0.345371  1.769413       7.525839   1094.180786 -248.499832  12.645764  3.178124   64.330437
257  118.679474  18.503073  136.505081  0.329852  1.401477       8.990932   1224.258545 -217.114502   9.837672  3.408714  135.686890
258  125.619827   0.761746  130.459442  0.306466  1.918437       8.031194   1377.294067 -176.614609   8.790719  3.787014   68.006683
259  118.604591  25.128819  129.936264  0.249988  1.706967       9.457772   1269.918823 -196.157639   7.820488  3.209220   56.460014
260  117.685356 -10.346134  142.906830  0.343816  2.590664       6.340210   1461.349731  -93.576729   5.198476  3.120868   79.592384
261  127.666161  -0.337698  135.645401  0.333818  1.099753       6.062171   1011.864380 -160.265182  11.776924  2.619977  112.964973
262  123.158409  -2.702360  130.803192  0.327610  2.159485       8.040311   1152.439575 -205.834869  12.701742  3.340783   66.141312
263  121.952660 -11.645185  116.573807  0.332465  3.373570       7.588107    736.383179 -194.271149  10.528879  2.332289   58.850845
264  121.943237  15.993542  115.870369  0.339326  1.777378       6.777428   1659.488892 -168.805725   9.842649  3.242499   70.065979
265  133.056335   3.778130  111.495735  0.349880  1.057956       6.617996   1934.213867 -204.164932  19.524834  3.807682   73.767586
266  128.862457  15.388706  103.095695  0.345480  1.745252       9.489497    958.544983 -243.037582  14.061870  3.667523   52.284111
267  128.013824   0.065047  140.449814  0.334817  1.012522       9.320273   1126.570312 -190.210846  13.589930  3.824149   59.448448
268  134.119415 -18.194735  144.573380  0.327187  2.225139       7.786530   1173.773315 -120.755440   6.375397  3.714200   96.701126
269  136.205338  -8.203438  124.866058  0.333470  2.137768       6.707639   1023.307068 -136.146469   9.488032  2.553486   78.317749
270  116.204750  16.443777  137.312134  0.342327  1.396832       6.923745   1482.520264 -170.849197   5.507175  2.948741   96.177849
271  134.541489 -14.050030  114.764839  0.346914  1.528473       6.993629   1806.241211 -239.064941  13.968874  3.641148   82.382584
272  127.932228  -3.186961  107.136673  0.326432  2.181949       7.235253   1063.064575 -170.522797  10.942583  3.275694   80.603706
273  126.620895   4.808429  134.525375  0.298218  1.139136      10.590540    732.674377 -190.306381   9.025918  3.772856   50.901672
274  122.832588   2.849188  137.964310  0.337318  1.055981       6.558077   1200.478027 -134.605743  14.730336  2.720300   67.820045
275  129.717133  -8.268163  130.187302  0.325093  1.784825       7.945240    811.867798 -208.730209  11.077371  2.740059   64.885933
276  125.421837 -14.873502  125.475060  0.343780  1.965817      10.235161    705.033020 -235.385361  14.043817  3.872819   59.377712
277  120.226738  15.832159  133.308014  0.282907  1.147406       8.639127    887.291565 -249.099045  13.102648  3.168980  106.290169
278  129.698807 -16.837156  114.430946  0.349969  1.445022       7.391119   1283.344727 -189.110580  21.254730  3.434499   72.404655
279  125.103668  11.696583  115.000244  0.333966  1.543844       6.710662   1259.356934 -139.949615  10.676932  3.139301   97.391258
280  134.877518 -18.007708  124.582817  0.318146  1.725116       9.558331    889.281677 -220.155945  17.557110  3.969293   50.288448
281  133.568802  -6.920764  136.135910  0.332919  1.131940       6.873105   1157.818848  -55.770988   8.156995  3.379063  112.777473
282  128.945374   0.710185  120.957115  0.333001  1.790391       5.520961   1890.031372 -139.632263   8.053225  2.894387   78.090202
283  133.333618 -13.045787  133.054291  0.342307  1.197536       9.965518    810.758362 -132.238617  11.868407  3.490747   91.156425
284  133.696289 -14.971060  128.149567  0.341911  1.609239       6.779436   1157.708496 -176.938599  14.162260  3.212509   92.266884
285  131.753403   7.319753  112.870117  0.336250  1.100868       8.811716   1200.521851 -177.368362  13.488420  3.168928   69.865158
286  119.346672  22.754210  123.925377  0.288042  1.400086       9.343195   1411.451416 -161.089935   9.318733  3.388476   61.330757
287  131.190750   1.405713  108.806717  0.346765  1.404972       6.434241   1194.544678 -218.578125  13.034947  2.492920   60.128506
288  136.898804 -11.014663  137.186234  0.327175  1.337317       8.526661    894.077332 -198.189011  17.621712  2.974884   72.657425
289  132.791107 -10.382400  111.471596  0.343573  1.187657       7.895203   1602.380005 -140.632050  10.903149  3.777426   73.991226
290  139.143433 -18.452526  138.823807  0.333727  2.186455       7.706658   1338.159180 -159.794815   7.632491  2.820031   69.683273
291  134.675568  -7.291619  129.332779  0.344687  3.283497       8.481425   1166.264526 -210.481583   9.176500  3.371082  101.992188
292  130.812790   1.756909  121.962006  0.341879  1.131785       9.110203   1014.977295 -144.864792   7.390310  3.767775   81.290413
293  137.350128  -9.108024  122.311729  0.315052  1.951830       7.959086   1262.980469 -154.269424  12.818400  3.698792   66.264519
294  125.719833   4.313207  131.825180  0.310068  1.026906       8.958291   1071.222778 -198.752182  14.153676  3.719812   60.907799
295  125.107285   5.401946  125.206863  0.330571  1.323219       5.621806   1987.713501 -233.638504  15.057972  3.415663   71.503754
296  124.557945 -15.714309  135.964401  0.345117  2.794567       9.699392    830.856812 -178.909775   8.930996  3.943578   83.599541
297  131.506302  -5.293769  135.638626  0.348839  1.337314      10.306213    706.228210 -173.577332  11.431927  3.533078   85.643112
298  126.539719 -14.169193  128.863373  0.328620  2.794751       8.472924    796.997742 -199.222504  10.648517  3.074095   87.237755
299  126.034927  11.255816  114.961571  0.329930  1.930417       7.510581   1600.497803 -227.389923   9.552444  3.811240   57.967373
300  117.028458  22.217733  129.863770  0.348134  1.064946      10.440982   1346.759888 -185.344864  11.168195  3.947066   99.887054
301  131.333160  -4.372843  129.539490  0.333318  1.384054       8.595547    955.361267 -204.034866  10.244274  3.783784   91.899544
302  132.349075 -11.316889  132.613205  0.347310  1.736932       5.596303   1789.081421 -247.587616  16.630701  3.548172   91.101791
303  124.772598   7.295444  121.239616  0.339231  1.352627       5.748136   1423.542480  -72.474915   8.029766  2.691074   67.162155
304  128.965668  -1.377377  105.389626  0.344361  1.677683       9.959942    731.522400 -191.959488  10.162271  3.700517   54.672474
305  129.233017 -11.987947  121.110558  0.328001  2.290841       8.162943    711.010864 -172.215286  12.780772  3.766452  126.898064
306  133.512207 -17.941452  113.036964  0.344256  1.967274       8.440440   1582.436279 -151.685226  11.510071  3.921987   53.519684
307  122.974922   7.724787  124.209038  0.334822  2.124062       7.315760   1097.865601  -93.270805   7.963288  3.715022  140.718430
308  134.194992  -2.887499  113.158287  0.333842  1.109403       8.671155    738.335938 -164.041046  14.053449  3.684321   86.970001
309  136.077744  -9.386127  136.341461  0.324538  1.149133       5.975209   1548.215210 -194.701462  14.382636  3.122088   73.049149
310  119.751045   5.332222  141.974731  0.321081  1.086859       8.000279    939.666870 -194.312195  13.126591  2.469999   79.380463
311  125.769196  -5.889396  121.324516  0.324089  1.609592       8.158909    877.500671 -202.171646  13.276662  3.419614   63.425766
312  128.419464 -13.867249  113.985252  0.348166  2.175533       6.122251   1411.123901 -231.724106  12.843173  3.499530   96.775024
313  124.048729   7.873069  134.544418  0.308807  1.192467       7.928628   1507.572144 -147.752701  12.758562  3.492306   85.127594
314  133.704758  -3.845786  131.749878  0.343694  1.729720       5.301608   1648.083984 -152.564590  12.670786  2.392749   61.558849
315  134.040833 -23.471628  133.900589  0.318675  3.971013       9.098315   1072.799072 -234.050201  10.750218  3.681965   68.815170
316  133.301926  -2.797169  116.370598  0.306822  1.799248       9.124045    945.963867 -248.059509  16.338490  3.583266   63.431164
317  129.153473  -8.741458  127.614059  0.347843  2.096348       9.312160   1016.640198 -150.147263   8.773193  3.757360   52.738079
318  133.747162 -14.491669  123.825066  0.326537  1.286888       6.501292   1462.947510 -230.380402  16.827782  3.381084   68.835434
319  128.102142  12.171947  117.164581  0.317552  1.525085      10.175569    920.170532 -225.418655  11.181193  3.828031   50.894566
320  120.359756  18.061102  127.076836  0.310283  1.254320       6.840217   1900.760498 -181.486877   9.896091  3.742429   90.148224
321  129.462997  -0.136094  130.869995  0.339945  1.763767       7.605931   1458.258667 -193.025543  11.489358  3.632598   64.977730
322  134.057129 -14.820278  125.373672  0.344219  1.747264       9.615182    952.761597 -221.391785  15.496146  3.727516   62.680515
323  133.577560 -13.794663  122.768669  0.349500  1.715307       6.969756   1484.667603 -227.701920  11.420605  3.652562   88.310463
324  133.298050 -16.220814  131.875000  0.346777  1.763204       8.173192   1231.595581 -114.804962  11.164281  2.986202   70.760567
325  136.217484 -10.126261  120.170135  0.326638  1.127956      10.283656    746.063965 -170.908783  14.537807  3.968455   56.172836
326  122.525131   8.575521  112.356880  0.325196  1.844650       7.022534   1237.887817 -195.992844  10.290420  3.187626   62.966045
327  123.143600   3.255710  133.884872  0.330147  2.203176       5.671513   1491.211548 -136.722565   9.135576  2.965501   86.903297
328  124.391640   3.166933  129.649948  0.318983  1.215210       6.970287   1305.294678 -167.739426  11.869598  3.495692   68.013359
329  130.923157  -0.785069  101.758629  0.344307  1.469846       5.516653   1560.139038 -117.933861   8.602228  3.330711   82.170052
330  119.737244   3.176192  132.079239  0.343188  1.676418       7.688227   1436.465332 -233.578430  10.025560  3.436392   55.743484
331  127.595833   8.293194  108.880951  0.329958  1.255057       5.767260   1681.916138 -101.506264   7.897577  3.482135   79.247841
332  129.099869 -22.511251  119.086617  0.349604  2.286679       5.865121   1608.228271 -220.265091  15.727965  2.832074   56.343533
333  141.111099  -6.618117  126.751106  0.328482  2.066991       8.023545   1015.476196 -163.039551   9.118215  3.502469  105.403305
334  113.951271   5.638958  127.645958  0.323430  2.054299       7.857609   1466.876343 -129.042496   5.148960  3.664417   62.454914
335  122.033508  29.732664  119.292961  0.316868  1.417212       9.483323   1275.655273 -229.671173   9.862402  3.513742   64.303757
336  139.668015 -20.040136  129.385284  0.331781  2.124027       6.545099   1783.546509 -175.535492   7.702844  3.829065   97.541351
337  126.122375  12.399529  104.732254  0.346149  1.165999       5.764977   1918.539429 -121.144897  16.842882  3.517229   53.237236
338  139.966217 -19.146755  136.183243  0.335239  1.393402       8.278196   1309.597168 -242.974930  24.013243  2.888655   52.225288
339  107.246048  22.612120  142.258820  0.338049  1.106465       6.431198   1804.197876 -148.481354   9.447396  2.845631  108.540726
340  133.857193 -17.513945  134.808640  0.348118  1.837855       8.567315   1532.613892 -249.050079  15.003777  3.599817   54.428925
341  109.296822  14.101000  137.244431  0.321560  1.495141       5.648176   1398.734497 -177.201691  10.215501  2.649221  127.811485
342  119.150909  10.498949  128.503998  0.331046  1.836638       7.161901    966.256409 -185.717941  12.338676  2.614442   73.918549
343  128.176559 -20.510786  111.837730  0.345045  2.206898       6.652771   1994.058960 -178.296158  10.150689  3.776724   69.998703
344  129.170181  -1.969692  110.125053  0.343781  1.373192       6.486789   1274.183960 -202.141235  18.549324  3.279453  105.655113
345  130.221176  -6.665163  121.752014  0.337851  1.988306       6.582817   1736.351440 -164.585419  12.698339  2.653237   53.106930
346  132.989380  -0.477264  122.068321  0.339206  2.116191       6.435027   1296.345215 -233.496246  10.551405  3.164105  104.604904
347  135.368042 -10.167848  138.617981  0.349676  1.069253       7.352721   1268.096558 -221.941483  16.908928  3.450289   67.935188
348  117.627548  14.217753  133.664490  0.316580  1.313877       7.710777   1471.943481 -189.313385  12.521398  3.140471   59.757671
349  137.851929  -0.708100  145.143356  0.346508  1.525867       9.217119    806.960022 -208.187271  13.673340  2.638114  103.466728
350  123.456970   7.010483  126.552490  0.330082  1.218138       6.136835   1762.693604 -143.359650   9.912758  3.875211  113.662460
351  131.173065 -12.306755  128.877045  0.336027  2.240834       9.691568    701.445190 -249.866486  16.453903  3.695417   65.652336
352  136.728149 -11.495634  129.923737  0.318848  2.371739       5.222307   1929.573975 -192.481903  12.431600  2.657622   59.460991
353  125.450821 -21.600990  128.053604  0.349463  2.666154       7.775245   1426.531128 -174.375671  10.377450  3.535284   52.427662
354  120.546181  -8.241465  114.955444  0.343362  2.353526       7.759763   1088.106201 -211.356491   7.684649  3.673161   59.820015
355  127.851707   3.450854  132.840836  0.333095  1.261683       7.305965   1433.114746 -135.379547   7.691010  3.864579   71.391647
356  135.644653  -8.654394  127.112450  0.338810  1.998904       5.331682   1673.149902 -223.007538  15.338573  2.884358   97.687805
357  109.895020  18.491650  140.564331  0.330995  1.104389       7.739668   1740.658936 -189.495422   8.208695  2.911083   71.485786
358  118.042725  -4.705629  132.852081  0.343080  2.021811       7.408795   1461.279907 -184.855011  13.255684  3.936562   77.931709
359  119.952965  18.771589  128.841507  0.316478  1.061802      10.240314    840.894348 -188.869629   9.242343  3.711608   65.629723
360  133.240280 -10.375261  110.809631  0.343073  1.585160       5.822612   1418.348999 -237.021317  13.057778  2.658021   61.534042
361  123.752846  -8.878469  128.788483  0.309793  2.309278       8.769709    705.577759 -213.012131  13.786476  3.664638   87.155853
362  116.463638  28.766718  121.923737  0.320649  1.805322      10.440569    881.965271 -245.141251   7.421241  3.172137  108.769608
363  124.298065  17.905518  117.750404  0.346210  1.056199       9.977056    815.522217 -152.861267  14.203424  3.582096  111.029091
364  120.323387   7.250878  124.580460  0.310891  1.727293       7.970701   1454.677246 -202.563065  11.602671  3.786660   69.005890
365  125.810501  16.551283  123.565659  0.290575  1.906762       7.711564   1303.805054 -189.975327  12.049389  3.836308   95.882759
366  135.271332  -4.244020  129.889023  0.316704  1.764885       6.238171   1939.209839 -170.630447  13.836840  3.898988   98.587944
367  125.711861   3.993867  137.467270  0.324213  1.494855       8.934695   1028.569824 -212.641632  10.417535  3.805504   67.837616
368  133.337296 -24.221682  127.492889  0.332746  3.506663       9.583103    797.120972 -216.254120  12.423339  3.580441   73.934799
369  123.654030   3.697164  108.652580  0.340000  3.568821       7.984511   1048.520020 -165.875427   6.226512  3.364794   65.434547
370  128.354919  -2.649268  119.787064  0.328921  1.753976       5.743497   1437.304810 -187.690872  14.210400  3.214990  102.367012
371  122.980453   6.240788  119.880661  0.334454  1.321023       8.168801   1113.571899 -204.854996   9.763142  3.998716   78.266464
372  126.122849   0.764035  120.251503  0.320840  1.449639       6.523145   1869.449341 -235.135773  14.726237  3.627803   58.914780
373  133.571915  -5.036924  130.118820  0.336866  1.033493       6.440321   1410.922607 -135.931503  15.115483  3.097766   61.945210
374  130.500839  -8.248136  137.415298  0.341314  1.757551       8.670685    799.860107 -131.391388  11.806736  2.641995   72.752953
375  121.458519  -4.130236  144.968246  0.328298  1.760226       7.280903   1131.839111 -153.730545   8.871825  3.909832  119.963356
376  115.487503  18.434563  132.150681  0.323726  1.030218       7.676279   1631.720825 -163.149963  11.198700  3.357749   64.066971
377  132.981628 -16.792362  126.671494  0.348471  2.109679       7.102521   1092.729736 -201.549286  12.882305  3.477126  102.426285
378  126.267189   0.102935  137.565399  0.328217  1.021797       7.814587   1034.601440 -154.847778   8.521239  3.269237   67.939598
379  129.942657   7.023418  123.501526  0.343628  1.477482       7.753692   1237.505859 -198.858688  11.302857  3.539900   74.856850
380  129.289124   0.616145  103.570114  0.333420  1.201361       7.161928   1074.516846 -148.282623  17.699369  3.641791   97.820503
381  122.067749  -7.388299  133.133713  0.308037  2.025052       6.730517   1118.136230 -110.128616   8.280958  3.227170   60.224812
382  124.332840  -5.526202  131.161499  0.349767  2.935085       7.306476   1748.622314 -161.578674   5.788875  3.591505   75.569046
383  125.028740   5.011089  142.434494  0.325872  1.613755       5.877254   1961.361694 -220.583817  13.176127  3.010872   74.061409
384  130.547028 -11.264487  126.674240  0.326970  2.336760       6.875880   1219.390015 -214.123596  14.797942  3.528401   80.375938
385  108.858360  26.111105  138.075882  0.328810  1.001996       9.135824   1666.449219 -201.117096   8.677161  3.736321  115.938301
386  126.736038 -11.830392  126.386742  0.325492  2.201198       7.666342    879.692017 -146.646454   9.264461  2.627373   51.193127
387  120.083115  13.438160  131.185272  0.346128  1.072661       9.174464    717.810852 -108.991737  12.383939  3.435342  110.966637
388  122.903252  14.732079  111.391777  0.336516  1.355371       7.085033   1899.125366 -155.202484  10.028946  3.376556   53.766544
389  124.693329 -10.406336  125.312843  0.341989  2.679411       6.824098   1616.364746 -121.254173   8.633758  3.720671   69.044487
390  118.378311  29.021601  122.620964  0.301346  1.363681       9.529816   1112.588135 -205.825348   9.369315  2.700984   77.571335
391  132.738159 -16.751690  127.339554  0.311240  1.780315       7.063151   1037.051880 -204.773422   8.869533  2.689677   51.423779
392  127.892105  -4.559795  139.232147  0.344429  2.555130       6.728154   1253.864258 -195.492279  13.044299  2.178783   55.088326
393  120.315430  15.821960  133.170822  0.286327  1.287914      10.498991    901.975830 -201.952133  10.396295  3.886106   64.641190
394  118.959007  -5.469380  136.176224  0.335771  1.612448       7.043217   1082.623901 -173.015747  12.663443  3.215201   83.441429
395  121.388031   8.895716  132.402222  0.333472  1.403027       7.630926   1443.394287 -218.884094  11.206944  3.969216   53.434937
396  120.436775 -22.065388  148.660065  0.343240  2.476202       7.098972   1287.683838 -193.511871  12.001553  3.988771   91.862267
397  139.248337 -17.196793  123.069099  0.335620  2.509415       9.651963    868.434753 -196.046890  10.351568  2.508165   51.494495
398  122.457504  -5.038110  121.687416  0.338247  2.848587       6.918770   1501.385254 -172.020996   7.802046  3.759803   74.995209
399  130.461945  -2.717324  133.759094  0.322503  1.028618       8.645114   1012.410400 -186.605713  14.938075  3.266946   69.918045
400  114.381912  19.088551  132.537582  0.337666  1.227381       8.995250    814.105896 -159.160019   7.805171  2.564079   91.442749
401  135.207336 -12.799507  123.314552  0.349757  1.077068       8.403832   1316.997070 -226.835938  16.501440  3.885564   67.643326
402  122.131577  -5.187129  128.935028  0.309034  1.824790       6.234549   1675.204346 -135.703384  10.220348  3.842353   57.876556
403  128.036514  -9.926612  103.584816  0.334540  2.262507       6.911130   1620.120239 -245.434753  16.422203  3.920594   72.224365
404  122.051437  15.678044  127.527435  0.327680  1.147375       8.034677   1696.491333 -201.642105  15.036226  3.586671   84.405006
405  131.702484   3.503575  122.572884  0.342091  1.035095       8.728099    909.377319 -202.189819  18.489138  3.410164   70.508865
406  126.780815   5.460810  136.470322  0.348668  1.104617       7.190876   1907.254517 -222.214157  15.415733  3.713018   85.437881
407  107.792038   6.551764  124.101768  0.307266  3.786895       8.017557   1147.388794 -214.995880   5.932338  3.947284   71.423233
408  118.994576  17.930874  124.384529  0.303708  2.239708       8.120951   1418.056641 -241.413300   5.217621  3.422542   86.911301
409  111.327827  23.410427  137.987930  0.309384  1.164166       6.656379   1736.720215 -167.949692   9.395069  2.180950   51.088131
410  128.036758   3.494433  131.395599  0.347388  1.081763       9.871703    705.697449 -196.096375  12.371296  2.923437   91.670975
411  125.063499  13.197398  119.785408  0.338468  1.130242       7.619927   1373.628418 -130.873993   9.443212  3.307319   68.612579
412  119.211235   3.242605  125.965385  0.323667  1.657292       8.382072    843.784851 -173.051743   8.510492  3.932174   93.081490
413  129.421387   5.370278  108.733452  0.335587  1.144810       9.110706    710.065125 -151.174850  15.409938  3.130671   95.837013
414  128.101990 -15.908087  107.011360  0.349506  2.198744       7.579445   1610.393921 -180.968582  16.060322  3.896936   53.647758
415  129.366135   9.717857  118.531914  0.297950  1.026755       7.117576   1339.638916 -184.079941  14.194894  3.267393   56.084389
416  117.611885   5.661445  131.361053  0.346546  2.234117       5.820576   1481.431885 -196.713943   6.257547  3.459925  103.593330
417  130.856750   1.037035  136.652664  0.344064  1.007070       8.566049    783.731873 -137.359558  12.017647  3.182012   77.805840
418  125.618805  -3.439423  143.264679  0.331221  1.756786       6.404040   1727.215454 -218.709198   8.815765  3.788629   88.856697
419  130.247391   9.857726  109.288414  0.301487  2.299131       6.705348   1475.080566 -238.180740  11.942017  3.833967   97.040901
420  122.972336 -11.280504  152.337433  0.345457  3.089650       8.682510   1148.111206 -209.335617   8.896571  3.449122   64.177177
421  131.259094  -5.964528  120.643356  0.312511  1.711030       6.634949   1573.697754 -190.105469  12.363745  3.752860   58.583305
422  132.797531  -9.302599  147.250961  0.349417  1.013961       9.339133   1163.087769 -121.766808  15.291672  3.986984   53.205418
423  121.145660   3.328137  129.342026  0.318275  1.661425       8.030283    779.587463 -185.468277  16.226688  2.491456   76.367897
424  138.498566 -11.150434  132.201965  0.307152  1.507572       6.896487   1466.400513 -124.726784   9.541080  3.091779   51.979996
425  137.639786 -17.071062  126.145706  0.337335  1.183836       8.161953   1207.079590 -173.156418  14.121952  3.962401   63.450294
426  126.500710  14.169669  113.817169  0.322732  1.609300       6.906922   1585.836548 -197.925751   9.750439  3.504448   78.904427
427  121.893814 -16.701094  134.368637  0.346263  1.994740       8.124621   1232.189941 -231.903244   9.966885  3.680862   54.015305
428  132.477676  -4.218267  141.380692  0.307091  1.157803       8.775374   1041.335327 -151.824982  14.187699  3.487583   55.618137
429  124.535500   0.765409  106.600525  0.336092  1.659754       7.241998   1201.808105 -215.976822  13.467825  2.925719   52.393692
430  135.104370  -7.826246  135.249634  0.337997  1.369091       7.073580   1421.591919 -135.487137  12.994868  3.478013   92.247673
431  124.597542  -6.815824  101.732689  0.347274  2.037992       7.906979   1171.118164 -171.894226  12.083896  3.454449   90.690392
432  123.818085  14.806144  129.533508  0.303418  1.314333       7.495912   1675.013306 -158.781738   8.695952  3.981560   64.324455
433  122.690170  19.024328  116.504784  0.345309  1.532900       8.764747   1416.144531 -198.035690   9.546749  3.846234  101.263145
434  131.780167   7.197288   96.920486  0.334155  2.385671       8.063275    750.531494 -242.128036  10.518203  3.487769   97.994415
435  126.533028 -22.965696  137.694458  0.327996  2.781300       6.858793   1999.988403 -203.212738  15.254230  3.737973   51.855904
436  125.024162  -0.674227   97.781761  0.338246  1.783297       6.195129   1755.925659 -207.685654  14.443232  3.602454   59.349625
437  124.983147 -21.970947  144.936111  0.332161  2.987630       8.033081   1037.381836 -175.289978   8.775185  3.896811   64.918076
438  118.344872  29.587637  123.960205  0.322097  1.407194      10.315825   1427.782715 -126.691643   6.785204  3.653490   75.906158
439  124.765633   1.117252  136.504517  0.349525  1.086192       7.648176   1174.088745 -116.832672  10.877800  2.774764   70.577110
440  113.972885   2.214365  127.691566  0.331645  2.324798       7.444304   1220.406250 -198.555573  11.170527  3.285272   60.970360
441  123.725311   7.411963  113.537476  0.344093  1.523852       6.765061   1908.074829 -229.593964  14.420545  3.556924   55.751999
442  135.364029 -17.175817  121.739883  0.336686  1.413035       6.062156   1878.058960 -137.994202  13.725441  3.435576   80.745766
443  121.464188  23.846292  118.663109  0.308312  1.495119       8.748883   1485.224121 -242.257492  12.867630  3.757981   95.368210
444  116.551979  11.711196  133.302475  0.341862  1.333459       6.831725   1331.380615 -167.312851   7.489068  3.180225   83.005684
445  133.753159 -13.564631  129.104645  0.344924  1.902653       8.907219    809.051086 -177.226959  13.345694  3.210247   57.044388
446  134.864990  -9.951915  113.224770  0.339933  1.088832       5.468050   1609.736938 -157.848892  17.059420  2.943266   67.847099
447  126.911240   0.859528  115.157768  0.332578  1.318398       6.962555   1547.052002 -125.769066  10.782354  3.860443   64.209984
448  117.307266  -0.021036  137.399200  0.315324  2.196361       8.450888   1145.686646 -124.980782   7.751646  3.025696   63.337025
449  130.557266  -8.810893  127.825951  0.336111  1.795952       7.094361   1442.958130 -149.507248   8.536969  3.960017   76.873360
450  137.865860 -15.357318  126.220650  0.338274  1.501647       8.197261   1414.038452 -153.915771   9.120879  3.509873   66.528038
451  131.117676 -12.925555  112.284554  0.338589  1.666800       7.969983    847.520813 -160.923233  12.612490  3.976312  112.420891
452  122.042625  13.398662  124.465950  0.321506  1.486068      10.221622    790.274902 -186.540451  12.076661  3.903760   65.850273
453  116.448364   7.230955  109.894196  0.337313  3.387985       8.846060   1021.326843 -242.879959  10.614830  3.380587   57.103439
454  125.064072  -2.538079  137.573471  0.331576  1.316977       8.506651   1025.144409 -190.190933  11.002951  3.573956  102.161575
455  128.834793  11.803822  111.819717  0.349984  2.236107       7.044120   1398.353394 -200.505844   8.087005  3.668864   65.221909
456  135.564346  -9.235780  130.934448  0.314231  1.560161       6.973019   1105.991089  -90.733772  10.090653  3.135957   66.894051
457  131.075180 -10.228825  138.633835  0.326122  1.791046       8.802237    810.006714 -198.541046   9.416338  3.545825   82.725143
458  122.649773 -15.813774  121.297775  0.329753  3.752866       8.007058   1173.706665 -214.152084   8.221319  3.747051   59.943127
459  136.555496  -8.644494  130.115555  0.307626  2.095729       9.223160    819.746216 -144.513977   7.398284  2.900521   64.083107
460  122.231010  23.138645  118.246239  0.325116  2.014376       8.965106   1472.830566 -245.636810  10.690998  3.758719   65.553123
461  133.079483 -18.052418  141.694672  0.344815  2.361320       5.745025   1761.311401 -190.327820  12.318814  3.643802  102.097008
462  128.608185 -14.749784  148.861511  0.348789  3.033380       7.854311   1475.332642 -172.517822  12.610000  3.297739   55.190826
463  130.122879  -3.825061  112.011734  0.341438  1.949658       8.082734    955.576904 -208.487671  14.199553  3.256418   83.148407
464  117.199997  -4.520780  123.445213  0.341174  3.302744       6.131169   1518.821777 -215.387726   9.243232  3.593458   82.950485
465  128.164963 -14.282798  127.206139  0.349676  2.036379       7.671423   1415.652588 -247.403000  15.000841  3.667156   71.314888
466  127.749413 -11.585488  123.205040  0.328482  3.973418       9.264956    944.825439 -243.871719   9.127514  3.014041   57.167011
467  134.726746  -5.715221  120.477249  0.316013  1.558137       7.731015   1155.380127 -187.904800  13.668095  3.187740   78.686783
468  130.193573   2.089631  120.250626  0.343364  1.289012       8.825883    932.272522 -182.036102  12.995175  3.828560  124.989555
469  131.235458 -14.345327  120.920387  0.347592  1.492198       8.446091   1222.280396 -219.640991  21.586786  3.877556   51.348843
470  129.660141   8.692950  120.148430  0.327010  1.049591       9.218766   1051.323730 -102.590263   9.148111  3.921400   57.047752
471  131.141998  -8.641370  126.179749  0.337592  1.612415       7.490220   1164.619507 -198.994125  14.785006  3.122199   53.712643
472  124.434921  13.103745  125.328537  0.334979  1.250083       9.665674    962.025452 -221.115204  12.228395  3.719491   84.570946
473  115.739914  11.919606  137.356949  0.325448  1.409272       8.913718   1004.585022 -219.692810  10.111540  3.217725   92.419113
474  130.758194  -3.857774  115.579506  0.348411  1.129596       7.187532   1330.779175 -204.847702  16.198938  3.150984   62.576748
475  120.659187   3.996658  102.292343  0.348115  1.871913       8.338825    841.859558 -108.842781  11.095024  3.430144   61.845093
476  140.517227  -9.038783  163.936966  0.349689  1.533239      10.566695    754.821289 -234.407440  11.716679  3.579679   63.467358
477  129.728683  -5.950771  120.588768  0.346715  1.289392       8.475403   1071.899536 -176.965942  15.784992  3.599918   86.582901
478  131.391068  10.910763  106.772766  0.338338  1.910041       5.161195   1890.908569 -196.063461  11.318416  3.559204  113.705048
479  126.140656 -12.982742  146.160980  0.329683  1.783853       7.854174    741.202087 -149.014038  14.485817  2.753910   76.614990
480  125.808662 -11.963933  118.752502  0.347956  2.015540       6.795388   1968.968750 -167.852966  11.642162  3.809025   68.018303
481  137.790131 -15.545292  123.153931  0.325571  1.105127       8.525900   1133.036987 -218.625534  19.368727  3.200949   57.414356
482  127.627747 -22.749447  138.165283  0.335015  3.408730       6.236903   1949.321289 -248.299545  13.298798  3.813273   53.558887
483  130.780396   4.473746  123.561188  0.332440  1.136384       9.444689    774.388123 -108.679810   9.160706  3.074341   66.168266
484  120.149185  -8.744637  138.121933  0.317089  2.660897       8.448609   1065.226318 -161.395477   8.731457  3.668866   56.639236
485  123.257057  21.227083  120.981689  0.349391  2.382358       7.817681   1881.156860 -151.498337   5.997646  3.974228   76.340340
486  127.929039   5.924340   80.789970  0.347099  1.312914       7.176614   1519.962891 -219.124908  18.181864  3.998886   55.444489
487  134.239151   0.850520  126.231438  0.329488  1.582864       8.848792    795.216614 -205.662598  12.778627  3.720087   94.573006
488  128.059647   6.019710  116.207474  0.322059  1.039426       5.950411   1975.925659 -198.934601  18.664373  3.906034   84.828468
489  123.072250   7.735105  128.367935  0.314796  1.241135       8.352368   1278.205078 -245.315582  14.017914  3.565864   53.045002
490  124.885468  17.600412  112.465454  0.341354  1.866840       9.683573   1013.842102 -214.492874   9.195014  3.388408   61.587662
491  130.904129  -9.249677  115.063362  0.322379  2.021742       9.845005    793.926758 -170.197433   9.846807  3.666326   52.099125
492  121.890137   7.816713  142.017609  0.331146  1.092040       9.073820    820.046326 -186.098618  10.902114  3.414392   72.061119
493  138.688797 -14.802587  141.712357  0.321874  1.527688       7.696486   1258.733032 -144.175629  10.102524  2.957586   63.804131
494  127.289665   8.677909  123.000282  0.333372  1.112120       7.595424    973.164429 -132.895386  10.668820  3.076178   84.854225
495  142.833893 -25.502300  163.280334  0.340239  2.592950       9.409134   1405.138794 -217.958267  11.265371  3.714223   58.620045
496  132.742905  -0.625812  121.052834  0.349819  1.040770       5.969253   1681.626709 -118.240181  13.780695  3.394390   97.024223
497  132.096359 -14.526106  110.212807  0.344215  2.338156       7.482239   1362.574341 -183.560455   7.906176  3.197797   62.212101
498  130.679169   0.833600  120.409790  0.312131  1.058152       9.756886    833.519775 -238.835144  17.372332  3.683391   65.364868
499  133.097870 -14.566504  125.578819  0.345679  3.403480       7.355592   1427.876587 -228.404663  11.756996  3.210481   79.610672
500  121.706375 -12.527671  117.601921  0.298697  3.488318       6.323102   1934.713745 -198.817657   7.944895  3.864431   53.868420
501  124.502365 -11.867885  121.642632  0.332214  1.574292       6.422482   1466.199097 -213.316757  21.586594  3.335284   51.979382
502  126.565704 -23.990513  150.284622  0.344384  2.544037       8.259232    893.542358 -182.094101  10.084381  3.335803   50.163166
503  120.972839   1.414879  131.080276  0.328249  1.881639       6.038530   1828.020752 -218.573135  11.309340  3.559618   89.820145
504  120.864357  -0.054401  141.894806  0.333532  1.768322       8.567810    842.611328 -113.155136  11.733828  3.577913   97.112190
505  112.568428  16.620821  135.792374  0.303610  1.171565       9.032169   1670.596680 -209.992111   9.164726  3.982180   69.670189
506  130.185730  -5.501940  134.758270  0.309436  2.061727       6.088060   1334.413818 -172.786423  10.012904  3.537630   92.987320
507  128.401901  -7.806599  106.116310  0.347346  1.545230       9.137398    797.279419 -144.009796  10.801804  3.334528   55.016689
508  129.591324  20.743591  100.626282  0.334321  1.540347       9.287160    849.223022 -212.393982  10.490721  3.630148   82.969437
509  135.405258 -14.201636  112.750916  0.315171  1.226152      10.031957   1013.834473 -175.744370  13.068646  3.925821   56.350639
510  119.467010   4.513044  134.431625  0.347769  1.949236       7.950065   1235.053467 -214.135757   5.300748  3.790098  118.711525
511  136.708893  -7.193431  142.423004  0.338809  1.564097       5.341579   1371.551025 -186.020264  12.854205  2.500180   91.152260