            lon        lat         inc      D1AU     delta  launch radius  launch speed    t factor       B1AU     gamma         vsw
0    134.753448  -3.723349  112.688934  0.330668  1.022044       9.062568    802.772217 -173.868057  21.436857  3.816686   84.725288
1    132.149628 -10.417964  115.378716  0.345436  1.918563       6.420656   1815.952026 -233.872223  13.414442  3.673094   86.294052
2    132.676971 -12.334974  114.074547  0.327123  1.559850       8.217443   1165.014160 -200.418884  19.430325  3.387900   52.339046
3    137.316040 -17.021418  130.746475  0.340931  1.667014       7.963814   1635.964966 -226.654846  11.986173  3.899975   52.803185
4    128.173523 -13.951334  132.243790  0.349181  1.643159       6.172242   1436.019409 -151.541916   9.279974  3.073082   70.759384
5    140.493942  -6.367918  139.876801  0.336177  1.054597       9.763824    882.974060  -60.425060   6.462471  3.629722   91.363625
6    134.568085  -8.245409  122.527237  0.334724  1.108003       6.555798   1495.044067 -130.483444  16.024342  2.889088   59.145218
7    135.717941 -10.364045  128.026291  0.324790  1.453600       6.932356   1300.727295 -115.267242  11.329338  2.884844   61.849285
8    137.159744 -10.415149  126.531555  0.321300  2.151098      10.186046    749.579956 -231.692215  14.319398  3.351095   51.578400
9    148.258652 -10.714207  132.210052  0.332190  2.079526       9.867484    979.992126 -233.937592  11.013473  3.125073   67.690254
10   138.327103 -16.901560  139.156021  0.342326  2.239106       8.366212    821.736023  -84.980003   5.198040  2.506918   55.924564
11   138.861465 -12.001539  137.776550  0.345160  1.579366       9.393648    810.284729 -142.663284  13.678963  2.940645   93.753136
12   139.357910 -18.876575  115.226929  0.326918  1.593376       6.869830   1800.823486 -214.359772  18.001390  3.734529   61.423782
13   125.134102   1.706588  134.232040  0.333759  1.083926       8.057693   1463.486206  -88.084908  13.301959  3.517571   65.083176
14   134.036621  -3.066200  131.222000  0.312623  2.306453       9.700301    767.002502 -161.120316  11.160743  3.133127   76.531372
15   136.883865 -18.235531  137.711441  0.331723  1.729339       9.633569    822.554382 -173.149292  11.102872  3.291998   58.847614
16   139.648834 -11.579791  111.011879  0.336302  1.089612       8.497488   1331.265747 -190.524612  17.372379  3.377229   79.282112
17   137.316071 -23.060467  128.679276  0.341193  1.402743       6.932077   1778.704834 -234.376633  27.525118  3.702552   69.439285
18   110.170265  -3.890497  130.069168  0.335210  3.494630       6.134473   1303.511353 -241.070877   9.242482  3.288899   70.586670
19   130.322510  -4.795125  117.835754  0.335869  1.194222       8.255805    880.963013 -197.700058  26.109846  3.965793  122.879349
20   131.823486  -1.014290  106.032822  0.347201  1.543312       6.014052   1425.785767 -244.226288  20.388063  2.974340  104.500755
21   142.394730 -10.478692  154.682327  0.329871  2.015033       7.599426   1925.079590 -215.031357  14.895830  3.262997   50.879135
22   127.087479  -2.445389  111.536606  0.305159  2.560862       5.084863   1889.427368 -230.385559   9.042066  3.199969   59.850674
23   131.905701 -16.991852  123.218010  0.341573  2.010162       6.598323   1628.352539 -166.480606  11.216478  3.478405   57.054577
24   137.915009 -13.074984  129.404510  0.341552  1.145174       5.935436   1674.001831 -105.651001   7.740496  2.643406   53.665245
25   141.770065 -10.819850  125.197426  0.329163  2.645159       8.496222    849.095642 -239.034851  14.172542  2.348425   78.470436
26   131.617844   5.073207  109.839157  0.331775  1.135205       8.019388   1076.531494 -126.211807  15.456449  3.442008   78.966721
27   126.251350  -6.467508  130.112961  0.327204  1.787553       9.104992    791.461121 -154.029190   7.889434  3.277665   71.616096
28   135.491119   5.225163  124.653091  0.302279  1.345665       8.245440   1216.255859  -89.919052   7.672632  3.378621   77.633179
29   124.402008   9.122036  121.765564  0.339663  1.581598       5.814762   1980.852051 -166.873627   8.695003  3.923431   70.006271
30   140.481812 -14.520040  133.720337  0.340899  1.509770       6.117768   1703.736084 -120.350250  12.725101  3.037695   58.716228
31   135.125580 -18.460646  117.794586  0.349642  1.760909       7.912036   1580.644287 -189.160477  18.259451  3.686666   76.329483
32   127.262550   6.975572  142.239471  0.327126  1.003674       7.465465   1613.060547 -150.926437   9.744578  3.040193   68.142662
33   132.161362  -3.882883  102.124680  0.338875  1.321184       7.415016   1433.053833 -231.869751  12.287596  3.481747   59.563065
34   136.775940  -4.326700  106.305527  0.341917  1.628261       6.785270   1552.709351 -237.742126  15.053363  3.165946   99.779526
35   130.049561 -14.032288  126.907852  0.344950  2.340483       6.782629   1702.628296 -208.502136  16.910788  3.492334   85.386818
36   120.536469   8.037951  123.549355  0.326150  1.839275       6.655228   1429.350098 -226.465652   9.507363  3.094383   50.401104
37   136.426239 -18.112749  133.159271  0.324654  2.287713       8.243416   1523.968872 -193.364899  10.472658  3.530803   53.015762
38   130.391235 -11.858994  124.606522  0.290719  1.890659       9.660189    769.126221 -203.242249  13.821256  3.802439   50.401089
39   133.616776   3.719968  115.771027  0.342445  1.298473       7.755356   1462.330322 -240.424072  12.592786  3.154018   87.515228
40   130.575821 -12.073538  114.080765  0.332549  3.086970       5.611709   1740.446899 -226.331207  10.241889  3.622566   79.209038
41   137.517670  -7.320084  105.207451  0.342928  1.151429       7.755650   1226.819092 -207.786636  13.498890  2.998939   85.938957
42   135.353149 -11.808666  144.569473  0.345483  1.215654       7.973626    925.494019 -188.732162   9.062735  3.275260   66.876770
43   137.434555 -11.368450  155.776627  0.309750  2.466752       8.405642   1064.875610 -159.353653   8.497211  3.358774   82.437752
44   123.732346  16.343618  122.411438  0.323523  1.321308       8.756579   1083.973145 -171.216812  11.410380  2.962682   50.031864
45   125.303009   0.438643  115.562737  0.323018  1.482561       8.429477    814.280884 -187.327133  17.232105  3.285700   57.107224
46   136.451965  -5.744202  105.932060  0.349371  1.161889       7.052012   1962.741089 -150.812759  18.347263  3.205993   76.807350
47   136.501190 -13.089792  137.246002  0.327279  1.755929       7.431139   1235.672485 -178.997589  19.768806  3.337626   78.287292
48   143.610077  -8.328262  137.948364  0.325826  1.629603       9.399200   1003.883179 -158.294342  15.655933  3.529194   70.104858
49   139.192657  -9.386581  127.805206  0.335533  1.391809       9.904210    881.410095 -132.984573  10.110106  2.956052   54.543415
50   124.975433  -7.285070  126.355408  0.343680  2.188997       7.346187   1601.111206 -235.821426  11.410788  3.938667   79.514694
51   119.784340 -11.546471  110.900719  0.345382  3.749122       5.332170   1976.429932 -182.681122   9.233646  3.905555   82.884247
52   134.489487  -8.235402  128.513336  0.349363  1.044567       5.652997   1782.427979 -224.508209  25.405687  3.603360  117.889435
53   130.583481  -0.303918  116.333366  0.340246  1.182778       7.543779   1346.394043 -230.071518  13.799219  3.631178   79.105972
54   128.641434   2.900032  128.808212  0.338278  1.006343       7.899343   1076.639038 -118.881187  13.831484  3.147271   80.437988
55   134.830780 -14.325747  123.055481  0.309491  1.860353       6.547121   1518.805786 -160.969757   8.733610  3.593641   73.458336
56   134.483429 -10.081442  125.172462  0.344501  1.229140       5.633298   1701.559692 -142.635757  11.063693  3.392055   89.440758
57   127.689049   9.472851  111.685745  0.348109  1.171828       6.703742   1833.186035 -201.661163  15.286186  3.411361   73.967323
58   125.425217 -18.411840  128.424530  0.328312  3.652350       6.754377   1438.039185 -189.627640   8.399974  3.521152   63.463558
59   127.074684   9.058215  118.314583  0.327184  1.285718       7.743929   1708.573486 -168.491394  10.363482  3.944827   50.094391
60   132.976913   3.348125  127.554054  0.327867  1.224553       8.337165   1120.317993 -172.132080  13.549406  3.882505   83.741058
61   135.597351  -4.495197  117.734047  0.348238  1.083108       7.524368   1260.158691 -112.764259  12.380013  3.382093   82.242439
62   138.203339 -11.311468  140.909653  0.325404  1.327333       7.901918   1586.521973 -169.399246  13.318716  3.686685   60.266403
63   127.066048  12.552612  125.474205  0.330491  1.318058       6.679343   1678.976074 -189.902603  11.006636  3.038618   53.405735
64   129.708679  -3.386250  136.154724  0.338354  1.994503       6.889339   1689.325684 -157.784485  11.382729  3.307894   61.919594
65   129.955154   2.277473  124.913513  0.338703  1.273550       7.540922   1199.980713 -177.397461  16.633919  2.827441   78.847511
66   141.943085 -26.827415  117.468094  0.331175  1.719496       9.361397   1253.517578 -244.027725  19.099894  3.603711   54.681034
67   138.722946 -24.861294  127.789810  0.349033  2.101627       7.979866   1724.861084 -148.892151  11.637540  3.815130   66.262657
68   134.189178  -6.200014  110.658455  0.323185  1.216515       6.414775   1938.084961 -215.640686  15.856416  3.916192   87.838783
69   131.578903   0.131188  121.802635  0.348129  1.186507       9.675162   1086.286011 -152.920395  15.626574  3.975928   51.596081
70   131.202850   5.312679  127.469460  0.330666  1.007193       8.709103    913.778442 -231.804367  19.500546  3.409482   61.818077
71   132.676804  -4.052202  108.650742  0.338889  1.133704       7.860823    929.779724 -215.296143  20.648020  2.817079   57.649593
72   130.948441 -10.185736  140.884598  0.328725  1.974482       5.743711   1571.502197 -102.590782   7.034315  3.231369   60.622932
73   140.925964 -16.553253  140.456802  0.342845  3.010792       9.765593    791.666138 -205.680542   9.563809  3.353585   94.719963
74   135.649445   9.861476  103.638878  0.324244  1.012388       8.205735   1030.174927 -233.995285  20.405138  2.950727   53.761200
75   138.958328 -12.124554  141.046051  0.348557  2.173217       7.567632   1488.309692 -133.163101  11.601537  3.668409   67.207153
76   135.892059  -6.655160  122.179848  0.345790  1.108390       9.722391    911.371399 -182.230652  22.551178  3.219851   55.378315
77   133.680603 -12.427304  150.226288  0.347356  1.353880       7.899234   1662.561768 -131.067688  10.090178  3.485595   50.037251
78   128.166428 -19.797066  133.039566  0.329379  3.091460       7.579488   1986.333130 -205.976608   9.502905  3.786151   58.354946
79   126.846619   8.212320  125.942726  0.330251  1.135307       8.201019   1084.206421 -209.869644  11.687699  3.718580  125.110321
80   137.543381 -20.724094  139.793640  0.332768  2.820777       7.850791    939.680115 -172.774170  10.588852  2.776095   81.838234
81   137.157257 -10.873693  129.134460  0.338149  3.669857       5.190222   1455.504639 -173.575775   9.173923  2.571627   94.500351
82   128.828629  -0.191467  134.705017  0.343488  1.106237       7.190566   1797.818848 -205.371628  15.822113  3.924245   78.926361
83   129.060364   3.652848  113.640640  0.333093  2.637320       5.901694   1883.446167 -199.769196   6.985916  3.687632   85.354149
84   139.414322 -14.335872  115.090614  0.341530  1.343956       6.465924   1691.842773 -136.967545  16.125277  3.421670   64.328285
85   135.749054  -8.255020  129.484421  0.305630  1.330488       6.838350   1432.644775 -190.721817  10.426930  3.365144   57.700768
86   135.169220  -0.476045  119.280540  0.343364  1.078024       9.006592   1194.843506 -194.846146  17.829538  3.569517   54.054058
87   135.163391 -11.814818  122.572060  0.325313  1.313372       7.998177   1463.304321 -163.398911  16.897699  3.620874   64.277969
88   132.245544  -3.975220  103.401886  0.342720  1.072358       5.788069   1633.751343 -194.643860  22.912254  3.248005   64.665283
89   125.904488  -9.768212  131.625977  0.340144  1.676441       8.629180    787.429138 -236.415787  14.628722  2.702698   62.890316
90   140.133636 -16.441174  159.670044  0.349244  1.269181      10.250676    888.386719 -117.372185   8.958046  3.212775   80.084785
91   132.340500 -15.980287  135.898849  0.340850  1.612109       7.034128   1257.822754 -218.738144  21.225479  3.283273   62.088863
92   131.699905   0.901189  125.259033  0.309998  1.312275       6.190357   1613.123047 -174.099030  17.682655  3.047003   53.768997
93   143.483856  -1.248585  164.965118  0.320440  1.608341       6.342679   1776.036255 -127.532990   9.297455  2.968695   63.843803
94   147.604446 -14.265821  140.582474  0.343649  1.659580       8.849773   1306.319214 -176.060715  13.900532  3.781276   84.199654
95   136.788300  -1.089728  110.990005  0.316746  1.192532       7.138762   1289.700684 -193.428131  16.867054  3.151814   62.204185
96   140.274857 -10.489735  127.825432  0.337010  1.967714       7.091436   1226.367065 -246.936478  15.297008  3.052400   88.809944
97   130.544937  -7.621056  115.826675  0.348250  1.252919      10.091592    717.551392 -206.634567  14.839384  3.184667   90.232445
98   139.570435  -9.768908  111.006386  0.332013  1.238137       8.990479    937.778259 -201.908554  16.919847  3.006020   71.388062
99   133.657791   4.725968  127.049416  0.339736  1.167612       7.008054   1305.885864  -86.617889   8.519382  2.973941   72.855865
100  139.762360 -18.811504  145.279114  0.312816  1.826854       9.517659    770.983887 -194.724960  18.754498  3.282233   61.921158
101  128.635895   2.763268  118.333626  0.341731  2.055238       6.443996   1541.403564 -156.024902  10.094890  3.548085  117.967651
102  136.722794  -3.578562  101.473724  0.328905  1.448931       7.333001   1018.328491 -192.812180  18.793318  3.387924   84.046432
103  140.696594 -12.519281  121.955795  0.312382  1.842271       7.504980   1216.407471 -182.132065  12.884122  3.571364  101.552437
104  133.353714  -1.351023  146.743591  0.326937  1.395348       7.405593   1062.929932 -145.677795  12.682364  2.661853   77.921722
105  142.534576  -9.562481  130.135361  0.340339  2.107499       8.348630   1220.415649 -204.055420  14.897152  3.290171   97.277512
106  135.587982  -5.797578  101.880524  0.346142  1.009807       7.666024    993.660767 -125.687447  14.968881  3.868177  112.242294
107  140.889175  -9.213848  103.801804  0.316410  1.295770       7.875615   1296.674316 -150.732361  12.372684  3.302965   62.184383
108  131.179626   3.606637  101.155182  0.343453  1.186119       9.539430    761.028870 -227.252914  25.174438  3.828464  107.689919
109  125.076149 -17.151094  132.013519  0.325477  2.513487       8.306819    928.941833 -214.836655  11.264642  3.358870   56.031048
110  138.697235  -5.029993  116.124435  0.346918  1.400522       5.070097   1926.232422 -191.734177  16.705208  2.322013   51.728306
111  129.136902   6.236740  121.936455  0.307321  1.077042       8.472885   1095.889160 -246.364777  14.399670  3.520813   53.262554
112  144.424286 -14.868073  116.783363  0.344095  2.178866       7.296071   1068.052979 -186.634674   9.621568  3.057744   93.597290
113  140.022339  -9.726649  126.385292  0.338155  1.686185       9.817838   1021.803528 -228.777328  14.360164  3.915221   89.232498
114  136.521881 -10.814075  118.756721  0.327173  2.155311       7.024535   1670.026855 -238.213364  15.410609  3.209994   60.514706
115  139.070068 -13.092657  130.242096  0.343555  1.149184       9.001789   1522.798340 -206.918503  16.703981  3.926816   53.659382
116  130.485825 -10.045067  140.976089  0.335588  3.986247       8.734678    765.638367 -247.516800   9.786659  3.798225   89.424377
117  123.688004   7.340541  119.988739  0.339229  1.171069       6.715299   1630.577148 -177.748001  14.911240  3.329938   72.100700
118  134.749054 -13.705487  138.777634  0.348715  2.587751       6.724022   1546.767456 -195.139374   5.947680  3.482545   79.858299
119  133.505127  -3.910004  128.523712  0.329519  1.197234       6.510177   1490.308350 -162.768524  13.959134  3.938595   91.035744
120  130.318771  -1.719184  137.981476  0.324475  1.767732       5.351756   1736.586792 -145.462479  11.352957  3.168317   50.058479
121  124.664131 -10.571508  122.930603  0.326838  2.279574       7.935627   1302.374878 -149.718796  10.679812  3.317567   56.629520
122  126.706512 -14.092377  121.785881  0.348285  2.237418       8.277415   1195.758179 -115.318626   8.681532  2.988212   76.565582
123  130.357941  -3.444051  146.075073  0.328525  1.194787       7.021597   1862.996460 -186.852325  16.546171  3.456030   58.651863
124  136.039474  -5.423687  123.614449  0.334959  2.674719       7.719342   1587.735596 -178.914551  10.800305  3.969213   82.602707
125  133.487381  -5.344339  117.847923  0.345419  1.411851       6.816080   1568.443115 -119.244019  13.330114  3.979901   75.297501
126  136.955688 -17.750969  129.662521  0.322252  2.321603       9.213758    974.515991 -246.795929  14.061472  3.535535   60.768650
127  142.175522 -10.476588  129.650681  0.331607  1.317176       8.196051   1575.972412 -182.341400  16.567287  3.524874   53.906712
128  126.932060  11.804204  123.283813  0.322173  1.267782       6.656836   1802.028320 -206.861542  15.894355  3.037792   50.406090
129  144.173538  -2.054789  114.976074  0.297621  1.987242       6.784543   1505.875244 -154.019012  11.214714  3.820570   79.198509
130  135.684189  -2.476226  141.191177  0.320918  1.582935       7.324221   1590.183105 -139.751099   9.183249  3.805963   78.357880
131  134.336258 -14.255893  110.471245  0.333921  1.966807       7.380222   1356.524658 -195.674515  14.525548  3.872712   82.863007
132  128.796951  18.251896  116.159698  0.336923  1.106456      11.246876    764.919678 -248.890701  13.944930  3.709670   84.998077
133  119.483376 -13.071733  124.611183  0.342159  2.671201       5.887690   1657.323486 -119.456726   9.130455  3.635026   65.435074
134  122.897690   3.285136  124.988602  0.331376  1.583068       8.941636    783.697510 -216.053970  13.968652  3.799399   95.779030
135  135.428268  -3.479243  114.319489  0.346339  1.067373       7.491988   1159.550537 -134.691284  18.117958  3.844157  103.276917
136  143.613922 -14.977973  160.824417  0.305456  3.245254       8.285626   1255.291992 -212.098114  10.022766  2.943911   55.588326
137  139.905121  -5.056899  129.832214  0.301918  2.492534       8.285728   1463.814697 -238.525909  10.049576  3.708025   63.638260
138  134.432602 -24.682039  139.666016  0.332086  2.855368       9.347043    899.087463 -185.034866   8.666385  3.953697   82.055962
139  132.485779 -17.362803  138.586624  0.335929  1.858299       9.628734    827.498291 -236.632614  16.801254  3.904957   52.415512
140  136.970352  -8.696910  144.825928  0.335725  1.375853       8.880965    901.642761 -174.518005  12.569980  3.063703   80.783333
141  134.570831  -5.918843  135.282852  0.332625  1.847382       5.682855   1484.190430 -205.993713  19.371481  2.323384   51.597652
142  133.042786  -0.954484  113.856651  0.331926  1.258419       8.769571    745.027710 -126.843224  12.815387  3.638499   88.183174
143  129.752853   3.956998  127.844200  0.332829  1.185615       8.190992   1230.425293 -242.969681  15.321937  2.921068   58.380249
144  135.910065  -6.025733  110.722443  0.335940  1.254118       5.354726   1827.621216 -176.098633  16.296608  2.847829   73.613815
145  129.251633  -3.901474  121.824249  0.319489  1.520118       7.128289    992.548340 -206.405991  12.779449  3.130600   80.421715
146  131.186615  -8.481745  129.326660  0.349730  1.335668       5.200854   1883.454956 -174.918335  18.376953  3.578681   82.263100
147  127.755035  -3.122088  138.875977  0.327613  3.239899       6.967125    932.634583 -235.720490   7.759941  2.786812   81.731995
148  129.822830  -5.909379  118.003090  0.345108  1.921916       7.798724    910.043640 -213.533920  16.966118  3.294848   98.742325
149  142.448227  -2.255289  126.999901  0.300681  2.256316       6.383765   1260.459351 -223.947388  12.785167  3.147781   96.146149
150  129.269577  15.773974  105.731209  0.318257  1.207134       9.403893    827.783630 -202.817108  16.439077  3.690900   50.719826
151  132.993195  -2.248254  117.664345  0.347936  1.312206       7.547958   1354.309082 -147.986420  12.383879  3.258921   61.894203
152  120.188576  16.719551  121.887367  0.329796  1.144307       9.391593    799.500793 -187.449799  18.824207  3.191695   73.604935
153  136.719162  -4.324539  138.559113  0.305281  1.144129       8.818615   1029.457520 -220.463699   8.026792  3.942004   90.379845
154  137.247681  -9.500496  108.050568  0.343100  1.056901       8.019670   1141.973022 -190.225311  22.794762  3.357983   68.214417
155  118.866547   3.225863  125.313248  0.342756  1.567821       5.635935   1912.186768 -187.299286  17.234524  3.644439   79.419998
156  135.839111 -19.941223  123.599594  0.324616  1.955589       9.269434    925.006104 -200.316864  15.473704  3.639364   58.795940
157  116.595795  -3.318527  124.804649  0.333099  1.619276       8.382371    720.202148 -184.061417  12.271277  2.940459   50.017994
158  132.249069  -6.293465  114.121819  0.343869  1.333974       6.053357   1819.595215 -155.892212  15.551201  3.578174   52.491825
159  127.512627  -2.657205  126.392395  0.325803  2.437016       6.264005   1319.315186 -143.009552  10.876491  3.000284   79.327934
160  132.938736  11.961145  118.234467  0.294166  1.414808       8.935828    758.545044 -219.063080  17.785704  3.425268   67.255226
161  134.537323   4.349964  115.339211  0.320033  1.536260       6.744129   1658.675537 -232.820526  14.458027  3.631623   72.012901
162  120.601349   3.409577  135.255173  0.314758  2.132887       6.343242   1555.180054 -205.970062  12.353399  3.985007   88.504990
163  127.015701  -2.686576  122.331299  0.308177  1.609924       6.674706   1432.940430 -221.255508  16.688854  3.645226   65.276787
164  135.984863 -23.633627  142.542313  0.321137  3.617128       8.930379    946.392334 -232.287476  12.958278  3.432310   54.955761
165  130.354111  -2.432890  120.304741  0.328545  1.626177       7.306067   1705.247192 -235.071701  17.997042  3.968287   55.500317
166  141.998734 -20.941742  132.295319  0.334126  1.727072       9.390917    849.287048 -156.197739   8.285274  3.467112   95.140434
167  142.384216  -7.690807  118.313583  0.329073  2.239107       6.138582   1623.909058 -205.439529  15.132674  3.162344  111.565941
168  133.705978  -4.374962  134.444397  0.301404  1.901950       9.615564    823.148743 -232.322510  14.857776  3.825564   69.268120
169  138.955399 -14.795467  127.084282  0.339712  1.038299       7.894981   1586.224365 -147.150879  14.040230  3.526247   56.506546
170  142.485687 -10.757139  117.377731  0.331645  1.817032       6.547341   1975.038452 -208.816467  16.764149  3.249881   69.886391
171  133.787048 -10.545182  121.811844  0.338007  1.207968       6.174628   1510.396118 -125.107338  11.850590  3.616977  108.236938
172  122.087044  -6.784145  117.124825  0.343406  2.307914       6.374752   1637.687256 -231.671417  16.776377  3.602167   51.229935
173  140.239716  -6.799319  129.838959  0.337433  1.699440       9.032575   1228.745605 -249.834320  13.181459  3.410137   76.282150
174  135.278168 -13.815989  134.403854  0.337917  2.008513       7.807220   1023.947632 -232.314255  13.789334  3.303618   63.547108
175  125.373421  -7.665593  126.414490  0.345755  2.266479       6.099756   1531.228638 -166.185379  11.773074  3.794267  117.403816
176  142.587265  -8.480931  119.214851  0.321337  1.258039       8.733192   1280.294556 -148.776306  13.316008  3.585502   56.111496
177  135.409592 -15.888858  141.738953  0.345452  2.198777       8.045267   1334.619873 -211.830170  12.732759  3.866326   96.442924
178  137.012726   3.314899  120.816246  0.300189  1.788263       7.812003    925.677185 -168.640320  15.429025  3.235947   62.491684
179  131.120743 -25.555174  151.544846  0.329415  2.570907       9.165500    721.230652  -64.127457   7.358019  3.767374   62.014389
180  140.349548 -10.636105  133.494827  0.349192  1.137011       9.104838    889.603455 -203.167801  16.890209  3.723566  128.127762
181  122.246033 -10.669308  135.590561  0.348456  2.113737       6.943314   1481.156006 -191.837097  12.195073  3.765881   77.230293
182  135.382538  -3.279606  134.967072  0.332257  1.129586       5.977348   1964.806152 -200.989609  20.572916  3.287917   74.011467
183  142.092834  -6.429006  128.537598  0.339503  1.331455       7.997984   1237.192505 -156.627411  15.343571  3.003981   75.149498
184  130.557007  10.009621  111.674202  0.349653  1.052159       7.884494   1391.826904 -146.477859  16.867424  3.844438   52.844955
185  123.865044   9.316130  116.863136  0.302073  1.763236       6.627105   1362.127930 -195.407227  11.801387  3.439350   82.824043
186  144.410080  -6.170395  126.493126  0.302368  2.067436       8.146136   1336.030762 -241.110046  11.789326  3.880982   64.124855
187  151.016556 -10.323235  151.560684  0.349049  2.579013       9.306352    954.342896 -144.812607   7.776661  2.320587   85.166565
188  136.744568 -10.635949  114.332802  0.329678  1.885339       8.933907    986.500061 -216.367340  12.754992  3.664607   76.262871
189  154.511261 -13.912128  172.869461  0.342112  3.106163      10.981821    821.339417 -143.294037   6.670032  3.605574  118.124474
190  130.641388   6.869927  131.198074  0.345048  1.223812       6.156338   1386.040771 -117.760880  16.192518  2.429843   75.816971
191  130.911240  -8.714728  138.198608  0.344103  1.545025       7.247295   1486.477173 -209.400818  14.200314  3.612181   65.129501
192  130.323196  -3.410523  136.935562  0.329319  1.589773       7.083077   1281.044067 -189.545502  12.819183  3.632248   74.649521
193  134.286209  -2.305598  124.850960  0.314902  1.887876       6.852153   1911.910278 -200.572327  10.060800  3.782717   66.011925
194  129.390350   1.609642  108.259361  0.347163  1.251216       6.795490   1815.967407 -161.433609  15.423779  3.518030   53.037537
195  130.471634  -6.447243  111.195404  0.347977  1.708960       8.339787   1158.879517 -128.644958  11.508263  3.754728   69.900902
196  132.185593 -10.300301  137.488770  0.322597  3.259176       7.282177    994.385864 -220.543793  10.634240  3.550684   96.063362
197  133.479492  -4.658990  128.366455  0.337456  1.315776       8.887710    790.784119 -188.444305  13.532990  2.513260   65.285622
198  137.587997  -5.779901  123.568802  0.304063  1.126816       8.200506   1618.501587 -219.804214  16.922380  3.984105   66.176353
199  137.647400 -14.687595  119.529434  0.333031  1.110112       9.757187    974.394226 -134.570847  12.481860  3.969825   60.388729
200  136.570389  -7.472136  122.064240  0.333329  1.024953       7.676107   1301.013794 -211.339874  20.957457  3.967127   89.539650
201  129.186234 -11.872930  118.690018  0.328113  1.622498       8.054566   1061.576904 -132.101303  11.788865  3.466212   54.620186
202  139.591080  -3.411824  114.503357  0.330214  1.470228       9.098226   1253.464355 -228.708649  12.005796  3.906305   81.283417
203  132.695587  -7.775951  158.604904  0.339081  2.467364       6.906952   1804.417725 -247.861877  13.122777  3.850678  103.010162
204  125.068398   9.946855  127.683823  0.346581  1.424397       7.943765   1217.800415  -90.933960   7.466383  2.784611   57.733002
205  143.160172 -15.962250  122.009102  0.306774  2.150563       7.261860   1630.625244 -225.948578  13.820695  3.489248   55.130363
206  118.673897  16.502203  124.759590  0.329417  1.582112       8.971702    943.170166 -177.859756  12.023641  3.666466   81.095512
207  145.335220  -7.598368  100.068069  0.341383  1.798881       5.976547   1908.862061 -194.581161  11.032416  3.661184   98.870461
208  131.945404   4.336123  140.118256  0.333877  1.147718       7.822901   1570.614258 -189.643158  19.032955  3.572218   93.184868
209  135.218262  -3.113948  125.446587  0.326157  1.621929       8.054547   1448.834229 -208.413757  19.112783  3.267180   51.564846
210  137.757614  -1.191293  118.714577  0.341719  1.069283       6.037483   1577.696289 -154.802933  12.350342  2.757094   66.418030
211  130.002090 -24.479950  141.840790  0.322581  3.960096       7.686100   1030.589966 -212.663528   5.217135  3.275908   55.661900
212  140.502609 -21.494637  116.141289  0.346625  1.383529       9.255110   1221.052856 -109.835953   9.950843  3.675741   57.255341
213  138.910065  -6.350482  116.353531  0.319934  1.323949       8.455590   1114.819458 -194.464508  14.598735  2.832614   63.850746
214  131.666595   8.130741  118.383133  0.346629  1.032902       5.729379   1944.835693 -124.391335  18.569761  3.132086   55.038895
215  128.841690  -8.967242  105.052849  0.319834  1.976896       7.789536   1175.621948 -235.580170  10.745455  3.470838   74.421005
216  138.823715  -8.358140  134.251099  0.322295  1.208241       7.419467   1763.661011 -205.871979  19.812757  3.273951   67.264999
217  140.432465  -2.527223  117.310158  0.315470  1.214196       8.792129    798.084900 -221.987396  18.644409  3.252676   86.083122
218  132.741165   1.210463  114.907867  0.332642  1.393012       7.629280   1114.969604 -199.686981  14.113381  2.955590   83.567345
219  129.701706 -14.436673  116.077492  0.343899  2.373883       8.223287    825.434692 -218.210968  15.603875  2.629482   70.749794
220  136.198959 -13.574173  123.280106  0.316694  1.336003       9.567259   1019.671509 -187.750168  16.974480  3.991229   51.792973
221  120.748840  -7.232843  110.882545  0.339256  2.388218       9.517012    706.872986 -232.008301  11.188674  3.644458   54.983189
222  131.921478 -21.900887  136.970078  0.348181  2.986789       7.467785   1450.132690 -169.667664   8.643461  3.441879   54.620426
223  127.407318   7.819568  134.775543  0.293897  1.821342       7.126433   1411.612061 -170.750076   9.456842  3.417594   52.244461
224  133.496475  -9.491473  122.411095  0.319147  2.711149       9.579678    723.383362 -245.561188  12.129706  2.852947   51.944870
225  124.283859  10.085314  123.897232  0.346633  1.093730       9.573141    920.750061 -164.254761  15.243503  3.909273   81.149757
226  142.915070 -11.838080  137.612686  0.327222  1.056563       7.697765   1454.312988 -102.446739  17.947533  3.523440   68.345917
227  132.350830   1.928768  137.865723  0.346619  1.048900       9.443431   1116.579468 -191.858765  13.930745  3.966251   81.264618
228  132.521835  -3.382410  102.281883  0.342577  1.230214       7.264001    992.334351 -206.463669  21.216749  2.433506   77.556931
229  130.635010   7.331356  117.080711  0.335740  1.077418       8.036334   1954.403442 -168.941284  13.587433  3.943993   67.710510
230  133.695648 -14.820839  120.262733  0.325680  1.284059      10.112640    712.621887 -237.657776  23.846815  3.342246   60.574692
231  131.644897   3.715759  111.322662  0.347375  1.286142       6.713865   1499.396484 -196.425858  11.029517  3.490864   90.680916
232  118.926834   5.065424  134.754242  0.340456  1.330646       5.938117   1349.182983 -238.504883  15.341527  2.558645   64.990204
233  133.856552  -9.803457  127.321869  0.318635  3.179163       7.655690   1107.167603 -131.538284   8.304502  3.656472   54.297112
234  129.954453 -10.817369  115.317444  0.336486  2.070108       7.996401    831.011292 -221.286819  15.394233  3.670910   93.757080
235  134.026047  -1.282270  149.608887  0.349510  2.066625       5.170506   1852.833984 -102.257736   6.963860  3.152980   75.482040
236  134.868866 -14.404235  134.006134  0.340149  1.614771       6.730812   1766.471436 -203.603607  16.289009  3.061087   68.176788
237  138.192383 -12.779655  115.113541  0.343652  1.235198       9.430725    895.159119 -125.343163  12.939566  3.196879   71.427284
238  144.148315 -16.377920  135.031342  0.294829  1.502486       9.790702    724.999634 -208.421692  13.904361  3.564382   64.675987
239  131.480682  -7.349055  141.045181  0.326611  1.466473       7.827690   1595.244751 -174.450760  15.058275  3.899555   50.898285
240  141.347900 -10.497662  121.979630  0.327441  1.890949       7.717658   1576.420166 -226.520844   9.631295  3.777014  105.999802
241  132.378464 -11.756530  129.685608  0.311885  2.298707       5.135318   1858.399170 -249.289993  17.463007  3.115119   58.285629
242  129.519897   6.996468  114.349686  0.337673  1.330720       5.938190   1939.616333 -204.099121  12.304975  3.652817   64.866585
243  131.842239   8.162154  117.338387  0.323944  1.328027       9.861436    732.163879 -249.532578  16.610970  3.461838   53.846649
244  133.619064 -14.604737  122.187798  0.336844  1.586269       9.174713   1159.511353 -141.548340  15.695696  3.885980   69.042343
245  139.744446 -12.014326  140.733887  0.349155  3.237665       9.359252   1127.190430 -246.516495  12.698011  3.686846   94.445023
246  136.509521 -12.106113  127.486191  0.336093  1.104872       9.868074    758.342773 -151.495773  13.550803  3.152090   62.446922
247  146.094589 -11.604575  124.007576  0.315362  2.156620       6.921859   1509.085449 -209.524475  10.817871  2.920716   55.730553
248  126.628853  -7.832302  119.696228  0.344293  1.705883       6.763979   1957.869263 -219.798874  11.706011  3.971673   83.090225
249  133.148697  -0.056141  126.526802  0.342911  1.368838       7.505279   1302.905029 -156.661301  12.736590  3.343139   78.011345
250  135.395309  -4.383580  126.219330  0.347502  1.129659       6.530927   1585.237915 -128.303421  11.155514  3.513194   92.112549
251  131.340424   1.794497  116.101784  0.344217  1.093775       6.261575   1894.510742 -152.913086  14.600191  3.925298  102.565704
252  135.461502 -19.547291  137.952133  0.336765  1.602860       7.360146   1825.503052 -183.902878  14.170846  3.860774   59.644260
253  150.245224 -14.618514  131.565796  0.321726  1.356705       7.531861   1811.784424 -130.368835   9.813753  3.735306   76.449890
254  118.611694   8.645249  129.946320  0.316977  1.316096       8.291141   1192.166992 -139.054321   6.296651  3.107785   59.916138
255  139.012070  -8.249230  133.752014  0.310413  2.792969       8.468748   1231.853027 -233.069626   9.041306  3.815367   90.425690
256  151.517776  -0.943541  133.818893  0.305444  2.036279       9.677251    854.327087 -200.706329  10.584557  2.971378   60.353912
257  123.379158  -4.116039  120.511620  0.333164  2.918995       6.749137   1293.447144 -111.426796   6.682976  3.964515   75.737694
258  134.151978 -18.682590  134.087204  0.348157  1.356688       8.301606   1055.921997 -226.587204  21.014521  2.961584   50.309525
259  140.029968 -15.629050  144.382492  0.334895  1.194425       8.176779    719.426147 -129.469925  12.045248  1.968816   57.735374
260  125.699821   4.625881  126.163895  0.331670  1.581492       8.140730   1272.901489 -249.981125  19.806032  3.938239   80.021011
261  130.102005 -22.819386  108.439346  0.347965  2.059822       7.437490   1326.011597 -211.728699  14.216395  3.526917   64.724411
262  137.244659  -8.201580  132.330063  0.340839  1.157011       8.894791    921.907471 -169.617981  14.686877  3.439403  127.614159
263  137.033417  -5.672013  128.036636  0.310307  1.256931       9.055523    914.836975 -232.884888  18.156866  3.605169   65.340317
264  128.448425   3.627541  136.592148  0.347940  1.113036       8.106448   1133.550659 -140.176193  13.137535  2.951480   81.050247
265  132.248672  -8.861145  123.768158  0.320060  1.458900       7.156806    924.926941 -207.923584  14.793396  2.901429   73.996666
266  133.337097   2.046648  127.041695  0.342054  1.279574       9.504045   1000.953491 -203.394409  15.979496  3.354619   73.518471
267  135.091431 -12.037242  127.749550  0.318291  1.138831       8.962369    941.606873 -215.201462  18.310873  3.877926   51.245514
268  135.983688 -27.301861  146.101364  0.345983  2.853698       6.859105   1369.595337 -203.508804   9.602695  2.974799   78.964813
269  132.227386  -6.761569  135.310303  0.325258  1.140675       8.361201    923.720642 -178.757874  20.626324  3.011186   56.572529
270  137.771729  -5.354784  115.253151  0.345943  1.147638       9.494599   1014.548340 -120.755730  10.786053  3.383408   59.060135
271  134.007034 -13.477369  119.633636  0.336287  2.329789       8.584423    937.377869 -150.949448  11.943769  3.919110   71.692368
272  132.663757   5.030674  122.489777  0.341511  1.475057       8.744933    946.023499 -130.972534  10.168790  3.877570  102.138542
273  135.736511 -19.334991  140.760910  0.343071  2.247659       6.631463   1091.148926 -228.983963  12.309546  2.356694   67.953560
274  131.670624  -4.913162  128.387390  0.325253  1.225552       9.208002    725.222412 -188.978897  19.787895  3.853494   93.886765
275  134.779266  -3.814973  117.058830  0.339762  1.396181       6.858734   1161.467773 -177.969025  14.018919  3.382545  103.667496
276  137.194260   4.878229  110.998955  0.317805  1.410714       8.064457   1341.922729 -159.651764  17.903881  3.367356   57.752110
277  128.781906  -4.554044  128.846298  0.327384  1.039471       6.010438   1687.162354 -137.370667  16.178476  3.801322   73.690567
278  128.455551  -4.893638  109.822594  0.347023  1.917782       7.364021   1116.447144 -164.783325  13.090054  3.475214   54.424091
279  139.459625  -9.266927  125.146469  0.336413  1.017749       7.495628   1410.755737 -202.293991  21.191828  3.871831  110.724815
280  129.740875 -11.016583  107.409615  0.347980  1.373716       7.672923   1741.320557 -193.969971  15.354246  3.699059   57.579735
281  131.573105  -2.347397  123.631248  0.331350  1.216942       6.099855   1827.796387 -246.383118  14.013790  3.786261   72.563637
282  139.445190  -6.365805  127.890129  0.335442  1.550042       7.278854   1839.099243 -175.698257  10.579158  3.146732   52.863846
283  138.722778 -19.198463  122.773384  0.349231  1.378195       7.557053   1495.630249 -203.085739  19.034288  3.140792   59.909893
284  131.923782 -10.633126  124.499382  0.321925  1.493068       6.532851   1567.984009  -92.293701  11.564862  3.771122   82.330215
285  131.204193 -11.635743  112.598267  0.329035  1.678515       9.726157    758.938843 -225.487122  14.589742  3.682269   69.190689
286  126.637680  -0.854002  123.148827  0.330257  1.663645       7.454139   1077.525879 -223.436295  16.947378  3.868266  117.971809
287  139.770065  -9.956135  122.956581  0.330727  1.224049       7.731758   1452.813477 -195.503159  18.419407  3.030841   59.110435
288  147.924332 -17.169661  142.108200  0.338486  1.987827       8.798854   1548.523926 -144.345825  12.407311  3.852286   85.816704
289  126.953552  10.372622  127.074036  0.322102  1.198507       8.796655    831.107605 -200.519958  17.590565  3.338559   86.795319
290  128.918274 -13.745015  119.359451  0.337646  2.314770      10.163156    711.960327 -214.607224  13.396911  3.759528   64.171814
291  138.951462   1.930020  122.913971  0.305237  2.136058       9.038527    767.401245 -166.245453  10.293108  3.276526   65.757011
292  134.821442 -10.911858  105.039467  0.345533  1.391950       8.028657   1512.260010 -243.386765  23.010950  3.863885   63.122883
293  140.693024  -5.367412  106.906502  0.285755  1.291216       9.093204    864.379150 -191.522858  15.147108  3.397139   55.679070
294  132.220718  -5.420036  107.223022  0.348485  1.128510       8.750186   1141.542358 -202.272995  20.892775  3.299082   62.787239
295  122.504822  -3.960130  126.902954  0.334065  2.521281       5.638987   1423.272949 -182.569992  13.043945  3.264807   82.542137
296  123.234512   2.084896  127.847343  0.302034  2.034729       7.277318   1234.101196 -235.291351  13.901713  3.953745   71.826134
297  129.876358 -13.022825  132.890808  0.334854  1.909485       6.407410   1367.095459 -161.415512  13.634412  3.297069   60.133526
298  137.076309 -15.664539  136.148636  0.314126  2.456254       7.966541   1318.023804 -208.382812  15.470909  3.831838   61.129082
299  130.947784 -19.031609  112.977348  0.347602  1.383887       8.822581    937.614014 -201.200363  19.294992  3.044820   54.607784
300  127.654701   0.193253  136.717041  0.345026  1.020637       6.648392   1693.331177 -227.476059  18.785633  3.427369   74.650291
301  133.462082  -0.286386  135.419205  0.318967  1.324209       6.754726   1301.626709 -153.459717  13.783002  3.063551   73.599098
302  129.510696 -16.206667  135.288254  0.349793  2.740088       7.945594    960.431763 -195.264755  11.123793  3.457909  113.406708
303  131.970139  -1.247034  135.789886  0.329403  1.146989       6.751161   1780.162476 -236.571747  17.745262  3.279438   70.031830
304  139.912003  -3.550103  130.642502  0.280127  1.730250       7.269886   1265.461670 -243.980850  14.153044  3.549044   57.772598
305  133.614609   3.146022  101.687531  0.318937  1.111388       7.289150   1214.789062 -232.499954  28.464006  3.817505   74.973434
306  125.065186  10.142240  131.083649  0.313938  1.150759       7.944763   1540.262085 -126.881111  12.759092  3.699100   73.409843
307  133.494690  -8.737185  129.408813  0.304724  2.467720       8.674152    835.745972 -240.446198  14.438638  3.382485   70.274399
308  129.407928 -11.423096  114.265099  0.325344  1.432182       9.758656    785.788086 -153.920593  20.068182  3.791306   51.357525
309  142.159424  -5.466588  114.112648  0.328238  1.733285      10.181918    858.498047 -218.152176  15.155904  3.818345   62.194031
310  138.076782 -16.651426  138.871246  0.347307  1.465955       7.777071   1464.731079 -236.666336  18.760639  3.975051   94.149033
311  127.528305   2.834369  146.724030  0.313074  1.269283       6.177063   1492.951294 -178.562500  10.531460  2.899993   71.462952
312  129.460175   3.607708  125.889656  0.298948  1.343610       6.681323   1620.991089 -211.187149  11.230113  3.739251   83.122681
313  141.847122 -11.192996  153.479874  0.334334  1.262225       7.866570   1431.099976 -196.330338  19.949270  3.609256   75.467476
314  136.635025   2.293634  132.489944  0.321293  1.364651       5.943714   1750.279053  -80.171188  10.686306  3.612140   94.249306
315  137.875122 -19.312910  109.346527  0.346533  1.953842       8.806253    869.455688 -180.072449  12.378707  2.639055   67.196609
316  130.338852  -4.911311  120.042946  0.336601  1.327919       8.814635    765.031555 -197.709412  22.460978  2.784980   61.357071
317  146.279877  -7.000751  125.372963  0.332979  2.275833       9.237814    871.647827 -245.377411  11.228238  2.841152   76.986565
318  136.201767  -1.765004  129.879517  0.292140  1.312120       7.700809   1453.747192 -217.609467  14.331182  3.718567   55.080223
319  141.382141  -6.561740  140.964813  0.324169  2.698223       7.821191   1294.245972 -218.216553  12.375497  3.028034   61.244469
320  137.146744  -6.046844  134.731247  0.317924  1.119096       8.767893   1032.025757 -248.065674  22.276297  3.207093   71.936249
321  129.291473 -10.686099  125.240005  0.337369  2.197936       7.556767   1166.772827 -183.036774  14.460588  2.876031   58.525063
322  126.126312   2.267890  136.584000  0.340119  1.305585       9.248444    856.795288 -115.889740   9.279386  3.514347  109.825653
323  131.881683 -13.238208  117.489235  0.344286  1.977084       7.901279   1281.733276 -175.146835  14.301822  3.588370   68.935997
324  112.836647  17.659143  126.626244  0.342783  1.514180       8.083140   1483.703369 -226.754211  12.446779  3.563628   55.390419
325  141.405212 -21.029903  138.720306  0.329388  1.462924      10.078117    736.195312 -223.068924  21.989815  3.401093   69.441010
326  135.496613  -9.657026  131.403564  0.308292  1.965178       7.119094   1852.474976 -233.664398  14.285548  3.836095   64.950882
327  134.199265  -5.081890  101.365868  0.346795  1.066352       7.416677   1170.257568 -174.959061  21.757151  3.749569   95.629562
328  128.039917 -16.523567  126.618813  0.337035  2.339772       6.742793   1466.259888 -170.944336   8.166075  3.373691   69.092003
329  132.823883  -1.992735  116.145866  0.339727  2.288925       6.645559   1033.232788 -181.891022   7.679708  3.105471  110.905716
330  128.123825   3.962775  111.168175  0.331745  1.098573       8.177370    959.820923 -150.414642  16.404072  3.343136   51.278870
331  131.899963  -4.270167  101.015564  0.323430  1.945197       6.226053   1537.773560 -180.992523  15.699011  3.940856  119.654388
332  146.410233 -12.260371  138.518433  0.313487  1.424800       7.641028   1488.591431 -135.776596  12.023794  3.750152   71.958206
333  138.435318  -9.157611  159.402527  0.343018  1.212652       8.566566   1567.779663  -90.940804   9.852294  3.625850   69.408455
334  134.784103   5.236771  114.515251  0.347712  1.206588       8.404260   1146.860352 -215.558548  15.901208  3.569319  103.788902
335  132.096649  -5.137894  114.182106  0.333198  1.167861       9.810907    723.125671 -141.267761  17.588324  3.705660   84.629677
336  144.460785 -16.913748  155.740356  0.316706  1.898859       9.286800   1108.427490 -128.116394  10.519813  3.727925   52.685524
337  125.941841   2.927124  128.155014  0.332639  1.015419       9.125143   1169.877197 -218.762756  17.007183  3.892762   59.240364
338  153.945786 -21.164274  143.894135  0.339341  1.403587       9.055931   1404.165405 -162.143738  13.072918  3.236587   62.726715
339  137.603821  -8.729780  125.062546  0.348720  1.485413       7.340987   1301.058716 -226.228745  16.780077  3.019513  100.429413
340  141.083481  -9.962151  129.864914  0.334898  1.168500       9.172174    856.456787 -199.313141  11.138396  3.365554   57.441170
341  133.987625   0.040361  131.926971  0.326256  1.492035      10.181396    750.485291 -140.170837  10.433273  3.717441   59.973881
342  132.714890  -1.592766  113.064751  0.326321  1.611202       8.705994    759.838562 -230.463791  20.141378  2.955765   53.643414
343  135.319504 -17.529215  116.367294  0.348201  1.831198       7.103847   1643.105957 -195.430435  18.071503  3.250704   57.364925
344  128.740723  -6.321985  149.999893  0.309200  3.052272       9.072122    789.358948 -204.494827   9.793521  2.921622   62.680347
345  127.063797   6.918843  123.311516  0.342519  1.016259       8.069584   1431.885620 -184.319168  16.780270  3.374404   59.471397
346  137.525314  -5.028217  121.542023  0.307935  3.590975       7.401474   1047.934937 -225.000076   8.236319  2.930089   59.537529
347  146.747955 -17.221825  120.023140  0.336107  1.762575       8.625711    968.469788 -245.031754  16.484694  3.149790   80.622826
348  134.917099 -11.387395  113.660896  0.330281  1.269019       8.215134   1273.822876 -249.517151  13.508113  3.058070   61.119740
349  135.584213 -15.244043  100.459663  0.324576  1.384101       6.448272   1885.942749 -179.697937  13.621159  3.996735   58.256001
350  135.596527 -10.221185  149.365173  0.325022  3.176933       7.246054   1407.414673 -136.386047   7.034338  3.926580   85.280327
351  129.930008  -0.776752  111.273094  0.339780  1.165068       7.464213   1348.410156 -118.077072   7.636482  3.357127   55.832207
352  132.337784  11.637045  124.749466  0.344259  1.454697       5.420416   1274.065674 -178.481796  12.549570  2.775449  142.872742
353  130.252014  -1.161406  139.306976  0.338626  1.031976       7.557455   1806.332764 -169.003387  24.823753  3.757735   51.711624
354  115.931374 -10.320396  112.688309  0.341554  2.729243       7.237467   1223.939453 -235.477280  12.279888  3.344403   51.809502
355  134.301788  -4.136055  119.330704  0.336219  1.008142       6.299668   1541.560791 -161.331497  17.989279  3.142731   75.187752
356  136.525177 -27.363995  148.442123  0.330197  2.546643       9.862739    769.858765 -184.940536  13.574079  3.770600   62.534603
357  136.458130  -5.943125  109.894806  0.325147  1.008350       6.437769   1945.242920 -126.934242  12.877311  3.886962   60.741985
358  128.827209   5.326725  134.423325  0.308050  1.241854       7.539279    834.149597 -102.059776  10.714667  2.472963   67.058571
359  140.869644 -18.991655  133.380676  0.337815  1.354021       8.752029   1024.538330 -172.534225  18.800079  3.337699   61.262497
360  132.061890   0.007566  129.896301  0.334498  2.592666       9.183019    894.317139 -212.108429  12.784815  3.576525  106.667519
361  141.487335  -5.981512  121.496773  0.322898  1.019225       8.517537   1040.768677 -132.978195  16.307348  3.253099   58.941948
362  140.651581 -16.992313  150.566055  0.348750  3.222264       8.062606   1133.323608 -149.787292  10.230949  3.345136   96.813393
363  131.464432   1.698846  128.973404  0.329864  1.484526       9.333493   1039.623169 -199.066696  10.127918  3.498008   65.593636
364  141.603287  -8.959913  146.064926  0.307127  1.301258      10.518240    758.319824 -181.208450  12.977744  3.651728   80.929985
365  136.459259  -7.230202  105.182182  0.332511  1.117005       8.976094    837.462891 -183.736786  13.678893  3.084791   74.587906
366  131.686951  -5.332716  118.166573  0.344125  1.239830       6.616290   1795.652954 -197.190674  17.014887  3.834891   76.461235
367  141.969757  -8.873972  142.542847  0.334950  1.302939       8.776385   1129.956421 -180.028732  16.031420  2.755214   55.572887
368  126.695709  15.414370  112.959106  0.312099  1.079448       6.077771   1880.635742 -171.893433  13.107009  3.263337   62.014450
369  146.853622 -26.206253  127.432747  0.337152  1.293091       9.620610   1433.325684 -165.586456  17.789452  3.907574   65.039543
370  134.128540  -2.755419  122.159737  0.342864  1.188080       6.491594   1572.204712 -220.011841  21.027491  2.282472   51.295650
371  134.534180  -2.543178  131.168686  0.332907  1.968173       7.957406   1186.097656 -211.781387   5.260836  3.915581   86.033272
372  135.237793 -12.873385  116.652016  0.341189  1.256612       6.714964   1924.716309 -201.524948  15.602228  3.235702   56.424789
373  115.995041   5.256595  125.151955  0.346589  1.672389       8.128096   1476.838745 -222.639755   7.902493  3.833586   52.141144
374  136.300079  -6.834435  104.689911  0.318300  1.282136       8.948714   1026.904053 -217.036087  12.814000  3.281279   54.023876
375  131.633987  -0.459072  127.899498  0.323650  1.139935      10.160369    776.667175 -176.073700  18.449030  3.454149   83.893082
376  128.087021   0.096711  133.692978  0.329700  1.416108       8.665088   1096.023804 -243.638855  14.838683  2.935474   61.541206
377  133.421997   9.181530  117.372650  0.312252  1.465090       6.415742   1258.771240 -210.929855  12.462976  2.641155   66.190529
378  133.277481 -14.345217  133.729721  0.333442  3.712739       8.694681   1221.397217 -226.876999  11.669618  3.530542   71.874069
379  124.979599 -15.605429  127.761749  0.333164  2.466819       8.034821   1121.166504 -249.005096   9.336633  3.263748   53.767849
380  129.782562 -14.511121  142.592361  0.334762  1.763368       8.909206    966.890015 -208.832428  13.017039  3.624868   65.484398
381  137.149445  -1.006335  145.046219  0.340991  3.788124       7.580047   1721.236084 -203.994415   7.938701  3.676278   79.361923
382  141.916962  -7.623768  139.544708  0.326719  2.039788       6.363985   1647.310791 -107.537079   7.922397  2.680871   68.764175
383  131.565323 -17.238396  127.804131  0.340647  2.703888       6.600141   1500.227661 -241.374649   9.462016  3.366351   73.387405
384  133.609756 -15.808602  140.356659  0.338235  2.338647       7.267704   1338.906860 -191.967896  15.131881  3.099077   69.211624
385  131.118042   0.071009  125.734032  0.341784  1.860218       5.565617   1993.238892 -211.780548  12.112292  3.401230   76.814880
386  132.742020   4.949761  128.690903  0.302090  1.877970       7.696012   1025.137451 -181.525040  10.679049  3.818692  110.940536
387  137.760040  -6.534165  132.051346  0.334212  1.113082       6.752686   1851.369507 -206.262466  17.608532  3.960662   69.786026
388  135.692902  -4.354760  122.139717  0.302422  2.198713       8.253511   1003.809814 -204.618912  11.209972  3.045588   63.376923
389  135.588898  -1.078443  141.886963  0.324427  1.046354       7.802126   1012.024170 -104.428902  11.494946  2.349895   63.556389
390  132.405472 -15.226547  114.832771  0.347626  1.955437       8.101455   1643.677856 -189.674484  17.213140  3.629730   58.318539
391  146.244049 -14.669897  137.110977  0.323621  1.108372       8.896329    704.326233 -128.867538  13.050530  2.103878   57.656555
392  127.746201   5.235079  116.135742  0.314505  1.205909       8.021969    937.874084 -180.552063  19.231657  3.444750   87.699379
393  139.201035  -6.528952  142.260880  0.349279  1.247602       8.441263   1141.040161 -232.710876  16.207342  2.889510   53.290302
394  145.673126 -13.456574  128.311035  0.329632  1.751035       8.537462   1234.509277 -152.367981  13.292931  3.544967   99.855347
395  136.689392  -1.568794  132.741318  0.345369  1.978442       6.391311   1397.747314 -109.130165   9.748491  2.605808   83.503410
396  130.108887   7.274028  130.265030  0.321456  1.396553       9.367640   1139.999878 -153.453339   9.113016  3.707556   68.247375
397  135.757156 -20.907835  163.397095  0.344886  2.974315       8.660334    850.165039 -175.700760  13.168864  2.936721   85.895523
398  127.387978  -2.150055  144.795059  0.318280  2.944536       6.891360   1800.135376 -194.166977   7.104220  3.409663   88.068184
399  129.197891   3.107952  119.460266  0.346737  1.355703       6.690010   1943.107544 -176.261658  12.851290  3.426238   61.976959
400  139.411865  -2.639086  144.346619  0.321081  2.978147       7.591841   1640.701904 -220.540100   6.000819  3.994051   95.257217
401  127.781685  -7.976690  132.002716  0.342799  2.744456       6.615837   1889.460815 -238.436386  11.352910  3.736434   95.109467
402  130.638077  -4.249278  121.614960  0.327934  1.433240       7.341702    925.265320 -144.205765  19.372303  2.920119   79.428200
403  129.541718  -2.893053  137.991974  0.325892  2.510729       8.831323    867.090698 -223.505310  11.177595  3.911760  111.173332
404  125.051338   6.984768  130.814957  0.328238  1.464524       6.048274   1529.182251 -208.065750  12.403603  3.077914   75.362640
405  136.932129  -5.558656  126.380684  0.327559  1.173941      10.492997    757.065247 -213.251816  13.563501  3.924859  102.752190
406  131.510559 -11.627971  136.656677  0.317823  3.433659       8.182998   1112.519897 -178.813171  13.059681  3.776714   93.678604
407  140.114517 -10.752808  128.950455  0.327460  1.022867       6.307495   1877.310059 -178.491974  15.602121  3.527419   82.504471
408  130.570572 -12.225566  111.742012  0.335271  1.429181       6.162072   1590.865845 -172.381699  16.297945  3.336034   70.153168
409  135.013275   5.323546  114.483971  0.322047  1.345152       8.197795   1512.178711 -223.141403  16.528263  3.971245   75.251564
410  128.142212  -1.061108  121.366043  0.317534  1.782380       7.225523   1583.582031 -219.671707  15.654806  3.662306   55.279030
411  130.102982 -10.498075  129.422104  0.335523  2.003134       9.132094    945.431458 -197.628281  14.475605  3.893024   52.758438
412  136.349365 -14.662593  148.316147  0.341526  3.609044       9.674242    851.765503 -160.621902   7.370292  3.222995   82.761368
413  131.852127 -11.436500  112.196838  0.349266  1.479304       7.227920   1671.591919 -233.548630  14.782403  3.908960   67.486603
414  131.911591  -0.747924  109.806946  0.333310  1.233876       7.640996   1414.040894 -171.922485  17.100082  3.796625  100.287827
415  144.777267 -11.745202  116.636284  0.303559  1.527945       7.519158   1121.291870 -216.351730  17.159643  2.862898   55.258942
416  127.970879 -11.121310  122.523666  0.331913  2.461860       6.025769   1601.259888 -222.630524  18.125134  3.628535   80.829056
417  127.499168   1.396465  125.567505  0.335329  2.400999       6.548978   1997.957642 -216.322906  10.981333  3.957736   97.036316
418  135.901367 -15.897664  135.155075  0.313862  3.540701       6.819455   1961.710693 -218.241394   9.487416  3.860353   67.480019
419  132.223541 -11.043451  152.352646  0.337622  1.357559       9.682646    834.500427 -126.965340  10.746325  3.337534   81.302582
420  131.242523   5.106770  116.067863  0.320889  1.126928       7.630136    841.795471 -240.550781  13.056362  3.319112  110.849640
421  135.239655  -7.737899  120.435463  0.337510  1.816394       9.450635    764.024475 -189.065323  13.958185  3.259940  103.223434
422  140.069397 -17.825287  137.098557  0.347809  1.404098       8.878695   1079.272339 -199.604813  21.895319  3.412046   71.756744
423  137.375092  -5.569314  112.586494  0.295463  1.504128       7.305108   1591.943848 -176.994278  15.191540  3.883352   60.386700
424  135.290970 -18.289845  144.255859  0.347817  2.517495       7.802709   1244.521362 -228.594910  14.003412  3.640002   61.050007
425  139.690811 -13.879654  138.026611  0.332120  3.713475       8.714127   1294.373169 -202.454605   6.243948  3.190762   62.200184
426  130.326019  -3.943150  127.732780  0.322645  1.676171       5.411648   1850.780029 -172.160141  12.155512  3.610820   68.706993
427  116.723251 -18.069614  143.467560  0.314480  3.200664       7.174181    863.847778 -237.373947   7.803991  3.013520   52.853493
428  132.163925   1.353846  119.933578  0.310291  1.879487       7.455745    960.467468 -211.851868  13.690356  3.231422   71.879417
429  125.577240  -8.185823  134.094315  0.333596  1.973100       6.132393   1262.942139 -119.749969   6.409981  2.958800   52.715004
430  134.964722 -10.326529  104.617615  0.342517  1.624967       7.339226   1330.246826 -214.970154  17.764536  2.688219   52.717251
431  137.295578 -12.502482  128.628525  0.331181  1.788533       7.592680   1273.330566 -162.811462  13.349463  3.746061   66.528503
432  124.829231  -3.284956  131.702347  0.319230  2.198606       7.414261   1572.903809 -170.303818  10.804556  3.858258   66.208069
433  137.176956  -1.164547  121.623337  0.324361  1.151321       7.848520   1149.123535 -130.106308  10.297227  3.599404   60.514328
434  131.413376  -4.939633  111.091240  0.324538  1.528851       8.731626    865.677795 -201.192108  18.486691  3.596657   67.297729
435  124.781143 -16.183626  138.112976  0.344652  2.366836       7.194139   1946.566406 -193.507050  11.010795  3.855298   54.553421
436  127.871460  -2.703568  134.866821  0.344065  2.195763       8.276310   1065.289551 -239.716232  14.556977  3.309406  106.881500
437  147.694214 -21.945499  117.842438  0.341510  1.589011      10.210743    780.552612 -164.853546  12.397799  3.462511   81.186638
438  131.899216   4.904143  106.320374  0.319789  1.435468       6.930181   1399.422485 -146.339005  13.207242  3.928318   75.111229
439  136.079788  -2.576772  116.813255  0.342037  1.023827       6.947968   1380.734375 -137.733368  19.152695  3.900149   92.078316
440  132.848083   0.673650  119.639435  0.335776  1.089839       5.998009   1965.847534 -141.079285  12.843344  3.183029   60.325638
441  133.519058 -20.689558  111.495453  0.324466  2.192737       8.078381   1323.804199 -228.158813  18.625914  3.758868   73.155594
442  128.612640 -20.875067  120.761765  0.342058  2.425687       6.877893   1951.160400 -247.032440  19.517170  3.889539   55.036362
443  130.633850   8.691443  105.765930  0.336458  1.037650       5.477468   1883.515015 -167.383316  21.355747  3.215102   80.735458
444  134.189957   0.582459  114.943146  0.295806  2.433450       7.646541    919.722717 -186.217026   7.357065  3.199156   75.658401
445  136.227692 -12.189868  103.255669  0.316835  1.280740       8.282711   1410.388672 -110.949409   9.606700  3.747442   67.182663
446  141.236908 -14.763717  122.582558  0.349867  1.287791       8.108348    909.024963 -142.895782  18.267834  3.538373  118.743752
447  131.376968 -16.155563  128.000854  0.341412  2.102718       6.541918   1382.658691 -143.085800   9.579384  3.661393   99.279716
448  145.604553 -12.680438  116.019424  0.318230  2.621959       5.179894   1505.045654 -145.461777   6.242657  2.338307   66.139458
449  142.643127  -7.401731  123.711029  0.331572  1.220914       6.146731   1716.116821 -173.006805  12.099385  3.638509  108.596107
450  133.569565 -20.613050  125.054878  0.349934  1.714346       9.035825    823.072876 -187.664993  13.767716  3.743912   93.101982
451  130.735062  -2.986387  120.725594  0.325051  1.384393       9.142321    922.912720 -205.582306  15.008547  3.509116   75.044258
452  122.822960   8.632648  129.470932  0.331019  1.223898       7.181151   1036.749878  -88.371819   8.337554  2.394476   63.607281
453  134.417603  14.199866  100.607750  0.331355  1.183489       7.545568   1081.954468 -157.965317  17.700317  3.390393  103.955482
454  128.465851   7.836782  127.911835  0.309204  1.038052       7.993597   1423.744019 -175.752243  13.944284  3.438189   75.072250
455  140.745651 -10.472127  136.679138  0.337861  1.435709       9.430013    980.609375 -148.051453  15.109697  3.479565   58.611618
456  142.046890 -12.714462  120.561142  0.341021  1.391171       7.180066   1342.089233 -146.449646  17.024212  3.259652  132.923477
457  135.632507 -20.889397  129.006042  0.325393  2.819986       7.226305   1338.285889 -162.381744  10.466437  3.269780   72.420990
458  141.184647 -15.028365  123.144218  0.327026  2.229656       8.824761    823.017517 -140.002090  13.011869  3.495180   84.182144
459  123.494118  18.635252  126.574356  0.337657  1.019686       8.108901   1637.585327 -158.892212  10.781919  3.431429   62.722927
460  138.885239  -9.170122  138.852982  0.326987  1.950538       7.480957   1087.630249 -123.657631  11.033153  3.024036   66.372292
461  135.219879  -2.677776  128.312210  0.330518  1.659068       7.953290   1155.361328 -157.876648   8.462405  3.354699   77.509819
462  138.320114  -2.712949  113.558868  0.331358  1.286297       6.825873   1525.955444 -162.510818  16.643564  3.120146   90.267067
463  133.811829 -10.886892  112.181801  0.347523  1.782863       7.557946   1237.978271 -215.712143  14.045400  3.892174  111.980782
464  123.938690   3.973134  130.729752  0.335129  2.150073       7.726609    882.214905 -176.470093   9.057032  3.618951  141.382034
465  133.967941  -6.240396  129.863129  0.323311  2.117515       5.558010   1750.074219 -241.740677  12.870390  3.224929   99.885757
466  135.280685 -10.501597  136.613434  0.320034  3.040129       5.073356   1776.889648 -184.782852  10.495824  3.208031   90.309616
467  134.830093  -1.409699  103.243950  0.326148  1.125340       7.678590   1434.449097 -164.270126  14.488971  3.610642   56.864651
468  133.546097 -13.411301  130.654846  0.321770  1.107862       7.768415   1082.734375 -138.430618  11.660596  3.747474   67.449112
469  131.215012   9.886592  117.983757  0.339725  1.616117       8.777036    878.829163 -182.993484  12.675228  3.602832   89.791870
470  135.909012   0.670618  131.996490  0.313802  1.551797       9.581075    890.342651 -194.669205  18.864786  3.387790   54.598778
471  133.126968 -13.138714  148.427704  0.345071  1.135171       9.620561    773.129333 -125.962471  12.857813  3.516042   85.179337
472  130.968246  -1.933352  138.181946  0.326862  1.161158       9.303330   1002.779236 -245.001083  18.699894  3.203268   59.937809
473  139.641754 -23.631901  131.360870  0.346388  2.643894       8.935203   1076.262573 -169.772278   8.982396  3.424516   61.733459
474  130.871490 -12.944883  123.462509  0.336303  3.612675       7.066341   1555.798218 -170.226746   5.856597  3.888530  114.225906
475  116.999664  19.026873  127.551208  0.330066  1.466944       7.265523   1176.653564 -152.408585  12.898400  3.116355  126.016075
476  144.777878 -11.295831  140.666534  0.336411  3.298848       8.539020   1171.830688 -238.629898   9.065499  3.648064   93.196953
477  127.203163   8.218428  123.082336  0.327988  1.162782       6.640819   1659.684448 -187.379517  16.437740  3.162734   79.131081
478  136.273102  -4.753530  121.043358  0.318698  1.693733       9.333640    802.891846 -164.697617  13.267464  3.201185   85.407822
479  122.554726  -2.009193  101.276794  0.342778  2.649073       7.319536   1166.897217 -241.514725   8.747488  2.890233   59.746922
480  134.471069 -11.431639  111.737350  0.349976  1.350346       7.420126   1483.224731 -215.999634  23.517941  3.684100   87.520576
481  131.612656  -1.260417  119.220833  0.319069  1.536091       7.034496   1625.571411  -82.885292   9.227268  3.494845   65.624229
482  134.147293  -8.406192  150.711716  0.293352  1.069651       6.811127   1498.781494 -153.719360  15.137885  3.718003   61.709854
483  145.154541  -2.832108  133.841248  0.335907  2.160657       8.231527   1075.639160 -220.798691  11.736290  3.373514  128.692963
484  132.007629  -5.100791  122.821709  0.348504  1.240387       8.928457   1074.957153 -233.349213  23.277855  3.514508   64.057083
485  141.047455 -10.257357  136.186066  0.339682  1.103932       8.203985   1892.434570 -204.490952  15.967238  3.918961   53.926758
486  129.825058  -9.800482  141.460480  0.345231  2.141048       9.671795    864.425720 -190.246017  12.791368  3.823828   78.353897
487  142.413269  -9.480043  152.575729  0.329576  2.204717       8.884363   1393.178101 -203.082977   9.544913  3.538802   92.393204
488  131.017883  -9.012103  124.061478  0.334609  1.314881       9.164436    711.950623 -153.282562  17.884123  3.912284   77.525482
489  134.170181 -11.448876  127.893600  0.332024  1.996713       7.328096   1380.326904 -230.104034  17.787790  3.371243   64.062279
490  121.376686 -12.664499  122.240349  0.341443  1.922174       8.037258   1021.984680 -201.472900  19.218201  3.620792   55.119625
491  124.964142  -4.170842  138.003754  0.315184  2.335844       8.492434   1127.627441 -249.470322  13.488650  3.675349   54.088566
492  133.675674 -22.431252  112.423477  0.334038  1.695201       8.511600   1159.485596 -211.786774  16.006004  3.559312   54.089085
493  131.915344 -10.602090  135.622421  0.342479  1.091077       6.009911   1925.518555 -122.441841  10.384296  3.711926   53.327599
494  129.569214   3.373106  129.785492  0.348451  1.776687       6.547941   1529.377563 -174.457733   6.886481  3.342308   99.793800
495  133.913910 -20.849342  136.980103  0.321996  2.189148       9.006472    975.765869 -212.744308  12.929174  3.714818   69.297531
496  135.982468 -11.734740  139.348755  0.327518  2.640672       6.889496   1609.148071 -247.034988  13.309927  3.154204   64.817017
497  138.253433  -8.643436  143.014832  0.344868  1.722179      10.267608    795.574707 -221.143768  15.575990  3.250616   64.788940
498  142.065079  -0.172312  121.569267  0.302855  1.769249       7.503329    884.637756 -181.080246  14.592796  2.895227   81.817703
499  127.253693   9.531806  129.810211  0.327445  1.230752       8.902284   1113.917969 -192.679916  15.207793  3.919236  100.914093
500  133.526321 -15.006963  121.258446  0.319860  1.999486       6.817989   1603.253418 -177.749878  10.444602  3.262721   52.923714
501  128.830063 -17.736914  120.931282  0.329255  2.413512       7.376302   1555.354614 -202.399338  13.338447  3.704884   57.026428
502  121.975632  11.224653  117.938728  0.341948  1.362906       8.117408    948.995178 -200.458191  13.401230  3.439069   67.233131
503  129.258530   4.571505  104.742409  0.332132  1.279786       7.321070   1567.558105 -197.334091  18.411528  3.554809   59.560329
504  136.711655 -20.945240  140.203293  0.346361  2.454397       8.611483   1136.166626 -148.278000  10.411106  2.905621   68.302589
505  120.700890  17.747858  125.876831  0.336636  1.135950       8.628066   1187.149170 -138.229355   9.420252  3.066136   54.721325
506  129.260162   7.434695  130.015686  0.331597  1.143448       7.624356   1683.344849 -195.254822  11.167380  3.375972   83.256226
507  127.954437   3.686837  142.088959  0.326773  1.066439       8.841432   1170.650269 -195.095306  12.221395  3.541636   53.059059
508  138.846497 -12.374128  134.471588  0.337210  1.317463       8.129558   1528.431763 -220.408691  18.608475  3.453925   56.923576
509  131.758026  -0.391273  117.075653  0.294834  1.330159       7.641943   1118.402832 -162.553299  14.443645  3.632495   72.505814
510  137.080902  -1.662243  129.011932  0.331701  1.170416       8.163820   1081.252686 -218.845779  20.020838  3.583653   83.187843
511  144.994492   0.301050  154.586868  0.324429  1.551728       8.460148    754.246155 -158.399536  10.870056  3.521987  144.116669