            lon        lat         inc      D1AU     delta  launch radius  launch speed    t factor       B1AU     gamma         vsw
0    135.743790  -8.518546  118.314423  0.339176  1.401533       8.089179    971.331360 -204.039337  14.500244  2.732250   59.430099
1    134.484482  -2.003008  133.002960  0.318743  1.002061       7.467423   1659.601196 -197.906174  19.001724  3.466084   70.346771
2    138.186569 -14.708813  113.489380  0.339148  1.193880       9.301582    929.478455 -204.368042  17.395502  3.009228   66.386177
3    141.687622  -9.896487  137.452881  0.332158  1.144043       8.775261   1288.189331 -130.040421  14.597923  3.838081   78.417809
4    135.082001 -13.399565  103.442833  0.342601  1.289564       8.410649   1292.291748 -157.147964  17.400881  3.926510   69.094528
5    134.764130  -5.037292  116.112770  0.331337  1.165004       7.670641   1398.463501 -126.467880  12.787506  3.750083   69.401077
6    142.752655 -18.509048  149.777374  0.345888  1.712681       9.079612   1172.702393 -140.149475   8.473289  3.463354   95.715370
7    135.280045 -16.497747  125.530197  0.337419  1.747998       8.926497   1025.429565 -163.467529  11.566649  3.526776   58.172775
8    126.635284  11.593287  122.683594  0.303633  1.198475       9.578771   1027.985962 -225.144318  12.699532  3.886567   60.652058
9    129.782181   4.972924  126.086571  0.345143  1.265391       6.685412   1620.394165 -139.673706  11.087852  3.479921   90.567314
10   135.362320   4.596831  123.153572  0.322244  1.304489       7.277386   1781.498535 -186.430481  16.193571  3.461172   88.221992
11   131.013138  -5.314497  129.117157  0.329799  1.300808       9.347919    948.373901 -141.765869  15.246019  3.879490   66.851807
12   130.534409  -3.276437  114.411354  0.342417  1.377926       6.134607   1708.029663 -187.144165  18.840765  3.167840   54.524685
13   135.002045  -2.616619  124.545601  0.317050  1.088122       8.776325   1211.960205 -218.887131  13.373311  3.571852   73.129051
14   128.081528   0.856328  120.168510  0.334481  1.453758       6.796888   1147.234741 -172.661499  12.803208  2.932944   53.376041
15   145.902374 -14.535473  125.169296  0.333068  1.615889       8.365775    753.669678 -238.566864  17.551392  1.924718   81.785141
16   135.980759 -14.645531  136.524811  0.346585  1.532351       7.648726   1753.401245 -178.526657  14.537685  3.451667   52.739105
17   139.435471  -9.856133  128.143753  0.344708  1.838348       8.759002   1245.197876 -248.265427  11.365572  3.973167   89.035553
18   134.672348 -13.924912  112.693893  0.347371  1.249068       6.391961   1905.523193 -247.917953  17.720608  3.170867   56.746338
19   135.175262 -13.038968  126.837212  0.347201  1.197222       8.333966   1237.206787 -178.524445  15.802200  3.722820  102.062874
20   125.851013  13.871631  121.615967  0.321519  1.110678       8.860281   1119.424683  -85.209030   7.108905  3.881825   52.345901
21   133.622498  -4.769053  114.784996  0.334316  1.172837       5.615870   1604.545654 -230.364700  12.922709  3.177564   59.887642
22   139.938202  -5.452194  136.489578  0.313055  1.522432       7.534929   1210.254639 -121.002632   9.442751  3.820119   83.060387
23   133.903107  -6.001087  127.341782  0.299702  1.582270       9.530111    775.060425 -207.080307  13.083698  3.426190   51.445271
24   130.201004 -16.288456  113.926590  0.347353  1.936845       6.892847   1793.612183 -234.018997  11.516322  3.365752   73.899994
25   136.410599  -7.287420  133.035400  0.333852  1.040984       6.016644   1453.450928 -175.817108  19.577843  2.503736   56.557743
26   131.786911   3.471350  140.931763  0.310937  1.773957       8.089840    910.859558 -179.195587  10.105648  3.156344   67.874863
27   139.217514 -12.657847  119.529007  0.329934  1.729230       5.777654   1877.169556 -242.154526  19.555716  3.577162   87.081451
28   137.139572 -13.412463  109.372444  0.349088  1.154185       6.938634   1710.092529 -141.761993  19.301556  3.159344   56.459328
29   142.248276 -16.174845  127.694084  0.336179  1.065046       8.520349   1302.363159 -227.972916  18.679176  3.228596   50.440514
30   132.498077  -4.870513  127.319695  0.330575  1.695950       8.058982   1156.884521 -206.897156  14.145875  3.375292   53.280396
31   136.193649 -17.287298  130.959290  0.348304  1.677372       8.656380   1090.467163 -149.648041   8.410506  3.579851   87.226433
32   151.658020  -7.602391  116.252304  0.339233  2.456303       8.031830    895.876770 -154.999008   8.008811  2.010017   67.079529
33   129.304825   6.452942  128.949219  0.316696  1.059022       9.180398    733.712402 -244.563126  16.357332  3.403142   53.049774
34   133.559570  -5.210319  117.669525  0.331444  1.324170       5.533811   1898.716187 -145.383362  19.098446  3.114311   58.138279
35   132.132431 -12.595643  120.594841  0.347823  1.982322       8.273105   1060.760132 -217.427765  13.276132  3.513295   98.934380
36   138.644592 -12.613873  114.210640  0.317818  2.633082       8.424276   1209.734619 -228.140656  12.843674  3.697000   84.071396
37   125.272881  13.599878  114.127785  0.325993  1.114545       7.735785   1117.912109 -139.694321  12.926646  2.817728   52.788460
38   134.324295   3.187514  126.094673  0.328938  1.306064       7.001992   1304.835815 -132.847519  10.248759  2.643561   53.025387
39   127.377792  -4.681612  131.198990  0.306688  1.916516       6.623452   1262.137451 -237.499252  16.798853  3.372016   55.521873
40   145.308762 -16.184231  133.276367  0.334922  1.234291       7.891266   1732.747192 -133.074738  14.579788  3.773171   54.619930
41   136.713806  -2.908687  133.099213  0.327639  1.523672       9.554149    893.297485 -232.694855  15.357631  2.926618   52.737686
42   140.844498 -16.056337  135.866730  0.322389  2.348096       9.793216    876.421387 -230.181259  12.485126  3.506975   77.879074
43   135.322601  -6.749277  135.175522  0.334318  1.192527       7.795622   1639.387817 -218.402618  19.012676  3.921987   64.269463
44   130.633316 -14.361663  120.392921  0.339827  1.349629       8.336976   1549.251221 -162.128372  14.741576  3.964068   58.352348
45   140.021561 -22.112938  114.186882  0.344437  1.165462      10.283487   1006.303223 -218.428009  19.860554  3.551396   56.911247
46   134.799194  -0.320736  126.018394  0.328168  1.984147       8.880424    994.805725 -233.510590  14.262656  3.835748   72.848015
47   133.824493  -3.518294  137.341339  0.328194  1.685901       8.595704    960.342407 -223.321442  11.162022  3.652852   70.411850
48   134.857574  -8.150825  142.234482  0.344192  1.670222       9.184898    927.170288 -173.776749  12.036345  3.568454   63.216492
49   134.603806   3.193224  119.713318  0.342669  1.051199       6.849797   1552.709106 -204.358536  15.634246  3.890805   84.377037
50   132.032684  -2.520639  106.606583  0.344719  1.116431       8.405601   1190.416504 -185.559952  22.699610  3.637414   81.652283
51   132.394897  -5.460801  114.345108  0.336564  1.102171       5.646726   1357.878418 -217.163376  24.201162  2.996187   85.279350
52   129.188583  -9.417327  126.549713  0.332608  2.385631       9.856462    740.268677 -242.319183  11.691464  3.206509   74.285118
53   139.642410 -16.847723  116.591057  0.329139  1.247729       7.998282   1444.518433 -205.763077  20.346535  3.274574   53.307110
54   122.752815   5.130765  143.804504  0.320543  1.150327       6.973276   1488.405640 -113.308807  12.326704  3.514484   68.299080
55   138.101303  -4.276186  129.347458  0.334441  1.617687       7.619243   1405.813477 -249.865982  17.262163  2.905251   80.919411
56   128.882080 -22.469763  128.869232  0.332686  2.808383       7.285302   1269.410400 -180.354706  12.896900  3.415519   63.081638
57   132.655869  -7.086270  129.916351  0.333610  1.154082       7.370785   1454.964722  -77.019249   7.331428  3.154238   52.236462
58   132.362549  -7.081657  101.403069  0.347328  1.210691       8.941595   1059.121216 -175.176575  16.691776  3.508546   64.839729
59   137.215103  -5.865936  120.503601  0.327333  1.232509       8.839218   1184.700073 -158.670227  12.848117  3.600039   53.221714
60   129.865753 -18.291956  142.746628  0.321112  3.131227       7.382811   1978.573853 -189.837860   7.945086  3.915697   60.103539
61   142.181503 -24.531282  136.037796  0.346106  2.164223       6.977418   1618.672363 -135.659119   9.913619  3.250597   86.131310
62   140.670105 -15.852634  117.409973  0.319074  1.095249       8.057354   1120.763916 -132.741577  18.833860  3.300393   75.598404
63   128.110062  -1.150507  114.999268  0.340366  1.452364       5.790895   1780.165527 -186.646622  15.884798  3.995113  102.157425
64   136.635422   1.708186  106.539894  0.332873  1.002077       6.538323   1847.817505 -195.702026  19.807390  3.637559   65.649796
65   127.591438   9.250684  117.177521  0.344638  1.129570       8.337561   1305.393433 -213.223267  17.929714  3.866052   55.969772
66   135.935608  -5.785035  112.204185  0.322376  1.137154       8.725852   1064.455811  -92.067787  12.815212  3.326118   52.064793
67   132.482391   8.463548  124.036591  0.286514  2.656150       7.217087    876.177124 -142.174728   5.102720  2.402756   55.761189
68   131.754333  -1.842726  130.244080  0.315692  1.446746       9.080689    905.265381 -185.540863  12.185742  3.425209   57.178204
69   134.504181 -14.832506  115.849976  0.335168  1.647591       7.092599   1890.534790 -153.650192  12.176155  3.609184   80.717773
70   124.661201  -4.748257  131.010773  0.339965  2.099200       6.792501   1380.478638 -246.956345  19.337738  3.510180   85.294563
71   134.422440  -3.282089  128.573425  0.341405  1.497504       6.145051   1658.567017 -117.834503  14.967048  2.958544   62.534180
72   134.051865  -5.334791  121.494446  0.326455  1.014489       7.529192   1567.284302 -194.340820  17.155146  3.521393   53.128220
73   137.147232  10.165805  133.335251  0.331042  2.588247       7.758233   1043.078613 -150.032455   6.686511  2.669459  103.446259
74   135.512756 -18.967226  153.780014  0.345531  3.308630       6.352670   1384.392700 -205.125824   9.141074  2.487719   69.653763
75   136.398468 -23.858772  144.895386  0.325271  2.538224       8.530524   1036.268799 -242.905380  18.786995  3.148770   55.659256
76   135.554993  -9.169716  120.935158  0.347733  1.127618       9.091870   1287.867554 -118.428864  12.488537  3.896958   88.750542
77   126.406761  -6.956189  107.004646  0.333167  1.627177       8.198147   1133.888428 -240.086975  20.511314  3.754212   62.491611
78   136.601349 -14.395058  125.712753  0.331050  1.687748       8.062668   1600.916748 -230.474915  14.929704  3.456752   66.477577
79   135.384155  -3.257801  143.132263  0.341319  2.632516       8.326370   1037.997925 -188.905197  12.004940  3.274669   89.740219
80   128.985107   1.122301  128.136719  0.342654  1.047336       6.456976   1465.551392 -120.549423  15.168421  3.478348   97.523338
81   130.486984  -1.208556  114.903801  0.342642  1.892914       7.876056   1421.324463 -206.877838  13.156634  3.702489   91.049652
82   144.337387  -4.677519  137.845718  0.332703  1.771505       6.713948   1208.093872  -70.479500   6.166430  2.975023   86.969978
83   131.622025  -5.256693  117.235428  0.334588  1.482142       8.430877   1114.411377 -182.558472  10.567325  3.620376   67.410789
84   120.382973 -15.973126  152.540909  0.334090  2.625134       7.577723    813.072693  -35.542610   5.169757  3.596450  101.787819
85   134.863098  -7.202404  146.527084  0.316087  1.851878       8.648575   1131.576294 -181.362411  11.798800  3.405324   68.281044
86   137.385742 -12.936413  110.814034  0.349890  1.449878       8.002879   1073.520142 -135.461700  12.688996  3.709992   89.746506
87   133.056366  -4.559867  118.237640  0.321515  1.121947       6.835769   1843.787109 -204.054352  10.980789  3.403626   64.433876
88   131.281815   5.838343  120.186096  0.274971  2.055904       5.951898   1458.071411 -211.167358  11.660167  3.113800   63.405552
89   131.718796  -0.643285  125.816406  0.330254  1.236576       5.024490   1793.976562 -218.954437  21.502277  2.995959   52.025131
90   137.897614  -8.567222  116.300766  0.348253  1.085582       7.567903   1283.177368 -217.958267  22.984703  3.530419  100.024216
91   136.569626 -19.051338  144.859787  0.345732  2.109002       7.799692   1710.629761  -75.970032   5.073176  3.458393   90.967110
92   130.357498   0.798220  114.258438  0.344139  1.057793       7.085653   1359.798706 -193.874329  20.300570  2.972575   77.392113
93   132.806686  -1.889219  111.670555  0.343487  1.008913       5.879354   1770.279419 -213.985321  23.767439  3.776550  118.584846
94   122.915306   3.881211  127.343025  0.345485  1.115542       9.000686    749.575562 -225.264801  19.167898  3.704087   87.512947
95   136.728958  -9.870704  130.169907  0.347983  1.139378       9.599524    898.570007 -130.174896  10.912254  3.324853   61.654602
96   137.820862 -28.735909  127.783714  0.334222  2.010028       8.351975   1520.846436 -167.543060  11.410707  3.957784   59.566826
97   127.397163 -10.952275  126.956657  0.349503  2.209025       7.791277   1121.144409 -194.438400  13.252515  3.961400   77.441971
98   145.094193 -18.828051  108.919792  0.346388  1.624928       7.809012   1252.435303 -104.563354   9.461219  3.559426   84.044678
99   131.698441 -16.117033  113.421059  0.332328  1.726086       8.043547   1363.280884 -244.920319  15.494223  3.432214   60.232548
100  130.608643  -4.748461  115.975716  0.329416  1.493813       8.120163    856.350220 -227.147476  19.844774  2.734480   61.248398
101  130.835922 -18.979362  116.144936  0.343425  2.446236       9.641329    939.357971 -216.693451  12.231522  3.924524   63.506016
102  132.422012  -8.759422  131.140747  0.346472  1.803121       7.258944   1326.962646 -211.101730  17.074091  3.636355  104.081032
103  125.454376   9.840716  130.086716  0.320311  1.171067       7.740241   1690.702026 -202.501114   9.866662  3.791952   51.826431
104  132.787994   0.268095  122.519318  0.340520  1.793220       6.610578   1642.217163 -233.494949   8.780685  3.820602  122.550705
105  123.373642   7.077533  126.560837  0.332127  1.759578       7.477021    825.309387 -219.196182  10.652609  2.540369  100.461250
106  134.962646  -8.053268  133.818298  0.346062  1.123713       8.313775   1242.701782 -110.379471   9.589715  3.617041   83.319572
107  130.994186  -6.554448  144.183731  0.321993  1.653218       7.627696   1295.603027 -179.025497  11.337135  3.788700   50.627556
108  147.447830 -19.104774  116.595032  0.343593  1.360080       8.818061   1717.112915 -246.017395  18.200144  3.598607   52.144394
109  132.027390  -3.674072  120.317696  0.349200  1.096012       7.110399   1717.403809 -207.926559  22.381466  3.961517   96.556808
110  136.754822 -14.858589  145.132523  0.349028  1.524740       9.658118    735.246277 -180.266159  13.155509  3.733183   92.390221
111  130.155167   1.519458  122.320839  0.325061  1.372000       5.343038   1836.582886 -236.447556  18.194996  2.749055   62.039745
112  138.207901  -9.060513  131.806213  0.336972  1.284817       7.366292   1497.168945 -208.396332  19.906641  2.921469   55.751957
113  127.178917   5.020142  131.234863  0.307755  1.115534       7.068873   1974.855225 -186.733154  14.444634  3.500185   52.641697
114  134.152847  -3.466841  138.441803  0.308085  1.626176       7.367651   1556.423828 -121.949730   8.590979  3.857235   59.936306
115  128.848480  10.704172  121.282295  0.327049  1.285334       9.487623    993.023621 -147.351807  13.051079  3.764230   63.500370
116  124.845032  13.161105  122.339348  0.328584  1.059512       7.465157   1384.127686 -165.740814  13.695378  3.806903   67.540184
117  139.250443  -8.742875  127.405289  0.306099  1.569170       8.426171   1177.234009 -195.995544  12.262535  3.064610   52.624386
118  130.177536 -10.585054  149.665588  0.336685  3.521013       7.414950   1667.961182 -241.913849   9.776580  3.934411   65.128372
119  134.772873  -6.777160  128.795151  0.344033  1.100869       5.927980   1378.416504 -149.131088  16.704769  2.630965   72.470406
120  138.541443 -21.699034  115.517380  0.339707  1.523439       9.404262    927.712585 -127.231895  13.014481  3.636226   74.952576
121  131.103531 -11.664025  116.201828  0.347792  1.794040       8.231023   1216.016235 -214.191833  17.302252  3.689398   86.103706
122  144.115768 -17.458490  122.824120  0.327115  2.500998       8.633440   1090.764404 -230.574265  13.036322  3.634868   93.083061
123  136.256119 -11.824877  127.585136  0.320105  1.856983       6.904041   1355.759155 -183.815201  15.951942  2.655158   53.515610
124  135.823303  -9.959826  127.024933  0.336867  1.238641       6.821736   1381.468872 -157.588989  15.352229  3.733582   97.438156
125  128.349991   2.928941  122.019150  0.331368  1.031179       7.787035   1060.644287 -235.950394  19.022234  3.641351   95.188110
126  143.853531 -14.877190  148.120926  0.324334  2.265344       9.166451   1362.998047 -213.378067  10.314449  3.582323   55.266766
127  132.921204   2.775461  115.816734  0.323070  1.238248       6.903464   1730.685425 -246.859711  20.002710  3.791255   65.722641
128  131.553696 -14.207714  100.099930  0.349853  1.103197       7.896085   1418.951050 -247.405243  27.882229  3.103550   55.360714
129  126.129898   4.929617  135.206879  0.317888  1.085222       6.417044   1996.605225 -176.775208  16.485384  3.579139   68.761002
130  139.778610 -14.150795  133.212372  0.340335  2.304237       7.004552   1675.515503 -186.720627  13.261811  3.443958  102.682915
131  126.883202  14.066551  118.770668  0.344792  1.292109       7.805501    982.320251 -168.739182  15.442765  2.992536   63.661476
132  128.462860 -11.874813  117.287498  0.334890  1.735628       6.566381   1243.322266 -197.672073  18.676121  3.532221   97.332695
133  138.549622 -15.357660  130.912445  0.346997  1.071222       6.922693   1906.285400 -139.858917  14.387948  3.490821   57.395611
134  130.420609  -5.498473  118.357742  0.334728  1.379358       7.677735   1047.995117 -151.245285  18.072870  3.026835   64.505836
135  134.030838  -4.461586  123.057701  0.335016  1.102031       9.701618    729.163940 -162.429596  17.548437  2.558802   52.406769
136  124.259506  -5.158169  137.183823  0.347788  1.115620       7.846080   1169.893188 -135.464966  10.804668  3.386402   81.553879
137  127.956383  -6.644841  117.953674  0.347225  1.727161       9.183064    873.496338 -201.857727  16.057642  3.436818   73.734177
138  131.115585  -7.832144  106.368065  0.317982  2.262895       7.234076   1413.017700 -201.792282  12.053153  3.779179   83.844994
139  133.096329  -9.420340  109.346680  0.342961  1.451692       8.178158    970.383789 -145.113281  16.960718  3.192187   63.543468
140  135.625488   1.128006  124.679871  0.340100  1.151143       8.948132    818.688354 -175.695175  18.360510  3.269681   64.002289
141  133.402695 -13.645419  118.169739  0.336735  2.309579       8.108114   1045.548096 -204.657898  14.852459  3.302023   59.771011
142  131.394272   0.150736  118.267204  0.333613  1.194601       6.793387   1800.785400 -212.841110  13.967339  3.317365   57.556637
143  135.037903 -19.626251  127.822441  0.336550  2.174645       5.664224   1957.204468 -228.475708  21.767315  3.510761   83.811737
144  130.644470  -4.190253  117.359825  0.303977  2.650701       5.172848   1841.630127 -193.902161  10.626824  3.312396   57.191895
145  137.775726  -7.817252  137.185867  0.327657  2.257237       8.680364    729.285950 -207.154037  12.952763  3.795005   94.086708
146  134.521469  -5.140950  127.115776  0.288857  2.086342       7.400235   1021.100708 -124.788162   8.548653  2.812463   53.389637
147  129.232452 -12.475524  127.036682  0.332022  2.367807       7.641576   1300.852661 -202.347061  14.187989  3.639083   51.002388
148  136.656418 -16.844812  130.990768  0.344127  2.426582       7.327188   1215.064331 -223.750931  13.847740  2.603011   64.984474
149  136.037003  -1.438747  122.009201  0.340042  1.438964       7.873816   1207.205078 -214.447098  16.711115  3.893344  124.781860
150  124.117615  12.455931  119.676659  0.343498  1.175964       6.856233   1254.448364  -91.039848   5.205277  2.652515   58.934502
151  129.776611  -6.486607  129.299698  0.343311  1.479581       7.139146   1265.146118 -218.023331  16.045654  2.977925   60.178638
152  136.804138  -1.955761  103.677338  0.332595  1.321107       6.378734   1953.614136 -203.296722  19.086376  3.702914   83.601624
153  121.161873 -11.292660  111.143723  0.342269  3.769443       6.685384   1806.211670 -205.425583  10.188258  3.747627   65.346291
154  132.835022  -2.071179  114.726440  0.344343  1.174548       8.097896   1071.676758 -242.376984  22.503298  2.447183   51.351067
155  135.216812 -11.355379  132.033905  0.341401  1.255088       7.287121   1066.631470 -181.754791  22.290682  3.758252  115.901787
156  149.669968 -18.953011  135.530594  0.345582  2.461418       8.115099   1308.835327 -151.768814   7.709354  3.207173   68.689781
157  120.740379  13.907080  124.998474  0.308271  1.898776       7.561955   1225.713013 -233.869064  13.740510  3.468639   52.618774
158  135.898972 -17.257540  142.674896  0.341803  3.197052       8.502992   1095.708740 -206.290344  11.595217  3.798999   94.570564
159  130.457870   9.775066  122.853226  0.328059  1.165575       9.777168    893.035889 -199.376297  13.832480  3.640098   69.997368
160  139.017258  -5.984598  138.333923  0.349438  1.118797       6.882131   1757.983154 -151.451782  15.619847  3.185514   96.157578
161  130.451630   5.436032  125.437607  0.326681  1.131511       9.184155   1137.716797 -148.248840  15.099952  3.969160   52.495441
162  134.034500 -19.048830  116.920815  0.333539  2.635501       5.490124   1674.428955 -219.387833  14.853808  2.836123   71.237923
163  145.833679 -14.782321  132.710480  0.339542  1.562531       9.935669   1254.364258 -230.454391  17.063999  3.584687   63.710808
164  130.963943  -8.523535  120.276947  0.331506  1.309505       7.911334   1114.120483 -187.591324  11.113362  2.933558   58.515743
165  147.020203  -7.660561  119.067711  0.331233  1.488021       6.097721   1823.619141 -200.492401  15.592424  3.763072  106.350716
166  121.317284  -2.285406  137.206467  0.338663  1.609508       7.430456   1389.843140 -146.594650   9.005640  3.746223   83.830017
167  144.464905 -19.943302  129.797638  0.346244  1.544392       7.247387   1862.506104 -209.553757  17.635410  3.457654   84.736969
168  143.833267 -13.780726  134.231110  0.337061  1.046554       8.344646   1210.779419 -231.752884  22.535494  2.819188   55.521301
169  134.249954 -11.013109  107.352882  0.335184  1.069979       7.263427   1533.502197 -203.690903  22.000557  3.657797   88.897148
170  139.102692  -8.551692  131.007782  0.331480  2.102540       7.239736   1630.852417 -204.825241  10.328049  3.900245   92.197479
171  127.266899  -5.308876  112.963585  0.344355  1.378296       6.308570   1617.293823 -201.444275  15.916802  3.411505   68.203712
172  135.757538 -13.752368  139.208160  0.317731  2.725112       8.138155   1425.308960 -247.963867  12.692093  3.850782   60.585636
173  137.702301 -15.861939  131.623199  0.321938  1.859879       6.382429   1874.435181 -131.068283   8.444582  3.648386   67.197044
174  126.797394   7.570206  127.582024  0.299155  1.449602       8.901406   1049.688965 -225.292480   9.507687  3.963777   76.965317
175  126.092857 -17.589836  139.896301  0.344609  2.753672       7.232507   1145.433716 -156.349899   9.414594  3.137439   57.046879
176  141.703094 -11.130968  130.717728  0.324516  1.625110       7.077912   1632.075806 -202.368713  13.997802  3.794013   67.575928
177  131.278305   7.559206  120.825615  0.339596  1.203267       7.058734   1504.847290 -223.798080  15.900689  3.407234   57.396343
178  137.470001 -10.528744  122.932976  0.337652  1.314669       7.224102   1482.671997 -232.935120  15.904527  2.977491   62.670391
179  139.129959 -14.250258  123.080757  0.334848  1.056505       8.768567    814.906616 -163.223297  14.883322  3.603796   90.272247
180  126.129082  11.015077  102.250481  0.340490  2.182743       6.596429   1748.753418 -138.862930   7.631011  3.983755  101.247566
181  131.116516   2.838243  104.938408  0.308084  1.029357       7.119563   1541.848022 -160.241653  11.438846  3.943043   61.090378
182  138.679276 -10.908710  114.789955  0.333516  2.088718       8.054648    945.820984 -240.761688  17.706320  2.374774   54.289486
183  134.937363  -7.158356  131.278427  0.332325  1.019474       8.906341   1084.210083 -192.438828  24.698481  3.585254   68.883469
184  127.456261 -15.211055  140.660553  0.341336  1.834674       9.499555    962.452148 -220.929489  15.989680  3.512948   64.174049
185  133.695251  -0.023002  111.915222  0.334522  1.227362       6.538352   1553.066772 -179.544647  13.104219  2.783037   72.395187
186  146.777084 -12.291027  121.944893  0.341594  1.326054       9.061007   1146.304565 -231.760925  12.995150  3.444594   72.507706
187  132.487122   0.785895  126.231575  0.326175  1.139016       6.576593   1246.159424 -203.285995  22.417133  3.055991   73.450592
188  129.807709 -19.929798  112.393326  0.346775  1.769562       6.773227   1835.663208 -219.270462  13.663279  3.090235   52.423878
189  128.791290   4.325410  125.007248  0.322038  1.064579       8.227412   1149.416138 -235.113617  17.860489  3.764504   57.574524
190  134.832993 -13.809838  123.181435  0.313237  2.797318       6.843308   1231.861084 -247.180664  10.716311  2.714652   59.497421
191  131.902161  -3.578045  111.917877  0.332013  1.120717       9.123775    910.101196 -146.558304  13.998584  3.093015   61.519821
192  136.394409 -10.552169  137.061218  0.334908  1.494519       8.435319   1252.156616 -237.203537  14.713284  3.267559   70.930763
193  124.402977  12.758148  130.683929  0.289145  1.008113      10.112332    780.124084 -175.946442  15.480673  3.756719   58.629017
194  137.916168  -3.694434  120.580650  0.307434  1.592066       7.757439   1268.072876 -214.464874  15.765300  3.035503   52.968803
195  130.579071   6.991282  123.007378  0.309226  1.213426       8.557576   1185.519043 -143.169830   9.463882  3.943388   72.300430
196  137.259659 -14.828961  129.401123  0.346600  1.711569       7.121197   1692.783813 -180.916092  15.287899  3.718508   88.147713
197  126.727524  -3.638782  126.311836  0.306402  2.001209       7.039730   1049.381592 -165.212433  12.473351  2.897801   51.465530
198  126.401878   8.053061  118.313454  0.342540  1.149574       8.413358   1177.144165 -186.636139  18.072519  3.303565   61.131680
199  146.523193  -0.026971  163.739838  0.339612  3.603432      10.008519    836.306091 -128.579605   6.578164  2.966611  115.540901
200  125.342941  11.662271  110.204033  0.344933  1.203972       5.978711   1729.484131 -204.056335  13.612581  3.281697   74.654755
201  138.521210 -20.778244  136.862579  0.343325  2.182796      10.064498    770.345154 -246.248230  11.722032  3.625813   80.116638
202  147.494507 -21.507664  126.796898  0.331170  1.565595       8.041815   1816.940308 -176.548615  13.136352  3.904512   72.929253
203  141.072754 -14.253385  139.124542  0.320411  1.599007       8.510982   1240.170288 -163.197556  16.006428  3.710363   79.241486
204  142.310883  -3.824643  129.522736  0.323328  1.683493       5.678604   1792.022217 -167.699341   9.857792  3.308389   60.450886
205  135.662781  -7.828028  123.840080  0.313428  1.957560       9.247293    746.997070 -231.196259  17.115454  2.903302   51.651501
206  127.250679 -10.066401  138.694489  0.340730  1.828001       7.061223   1541.554199 -129.399109   9.369381  3.689811   62.548767
207  128.843674  -4.523017  121.719666  0.342096  1.516482       7.826773   1548.597290 -248.595688  17.950331  3.784445   90.617210
208  130.424484  -1.613455  121.256630  0.346401  1.108732       9.086993    771.363037 -227.389160  20.042635  3.637388   86.822159
209  129.677872   0.603831  125.661346  0.336731  1.103278       7.507352    938.758911 -181.741348  15.866529  3.408041   78.859978
210  135.542740 -12.780474  118.044014  0.331002  1.338526       8.745737   1291.281250 -220.773499  18.592251  3.793943   57.424797
211  136.934601 -37.708298  165.018158  0.337197  3.429861       6.009906   1774.663574 -220.401794   8.955499  3.767658   53.832951
212  137.657593 -13.043868  127.854218  0.323604  1.292117       7.859267   1125.881226 -201.285599  21.516813  3.869632  102.508690
213  124.719582 -11.360796  118.267128  0.345369  2.237885       6.471073    889.207520 -222.879837  12.125887  1.992637   63.628487
214  132.005310   2.857345  123.618538  0.345815  1.296504       8.400984   1396.641968 -231.983124  10.613143  3.906132   95.566719
215  145.412109 -18.044266  117.636993  0.322433  2.284007      10.464307    776.097351 -216.712997  10.908582  3.093558   63.800949
216  138.310791  -8.428996  115.539444  0.349117  1.580234       7.460650   1713.401855 -237.886368  19.778069  3.635404   56.121964
217  136.516632 -15.757811  110.614601  0.336684  1.092798       6.389678   1737.458008 -170.220413  21.615412  3.735494   78.979836
218  126.747688   4.815521  113.732201  0.347817  1.136964       6.309097   1942.958130 -173.835022  19.966314  3.478424   65.929314
219  124.825981   4.626764  111.411705  0.315350  2.116055       7.520915    997.377319 -210.809357  12.489381  3.618417   71.748344
220  134.426254 -12.071428  131.947021  0.345585  1.574599       6.331518   1951.187866 -164.500381  17.790014  3.421603   64.616241
221  138.739929  -2.504155  127.382874  0.329197  1.162113       9.951103   1033.858521 -113.823967  13.005078  3.326891   51.168163
222  137.758255  -8.089564  129.932053  0.319528  1.251698       6.332356   1602.445312 -233.381912  17.479654  2.889123   64.795433
223  135.216064  -9.987735  132.679337  0.342274  1.497786       7.496018   1658.401978 -176.188873  11.965223  3.821865   73.546982
224  134.340927  -9.166452  100.498009  0.337877  1.626359       6.301156   1654.018677 -224.005585  13.579247  3.608905   86.359230
225  127.872917   1.834963  135.044662  0.336162  1.707793       7.455169   1271.736084 -247.137314   9.733390  2.887311   57.568245
226  136.238403  -0.206722  120.061478  0.332881  1.118729       5.481958   1574.883057 -200.844543  14.492910  2.752266   86.072884
227  132.813904  -8.792103  121.222977  0.343754  1.082029       7.606746   1248.400269 -216.255142  15.937643  3.349341   64.810425
228  133.369965   1.313741  113.315994  0.341762  1.283782       9.555984    789.888550 -219.528412  20.088181  3.515569   59.414181
229  135.267944  -6.607526  129.469727  0.326109  1.761052       8.483443   1020.377136 -239.113602  19.663795  3.836867  103.994507
230  126.200462  12.641028  120.373772  0.329226  1.567881       7.534481   1804.545898 -219.855942  16.095638  3.986777   66.276840
231  145.075226  -7.772060  129.919189  0.339581  2.526602       5.357572   1956.553589 -157.181137   7.213981  2.586064   71.916725
232  141.963486 -11.415271  132.521591  0.344451  1.432456       7.099322   1532.093994 -132.338348  14.635477  3.830025   76.184700
233  141.916061 -14.727327  132.674881  0.334627  1.578329       7.518867   1622.075439 -101.688087   8.278318  3.549583   80.957138
234  141.343536  -1.015234  105.759171  0.334509  1.520676       7.969415   1113.529419 -175.278290  14.243331  3.450205   85.023621
235  144.498199 -22.920965  126.239517  0.330203  2.477184       9.362410    796.209656 -229.780334  13.771347  2.765952   66.774071
236  143.118484  -4.758747  133.043045  0.327701  2.023277       9.262787    874.564209 -156.256439  10.399576  2.515303   64.056709
237  136.151581 -18.340498  100.917511  0.348312  1.179239       6.560241   1816.900024 -207.624069  15.267374  3.227849   65.812965
238  127.833054  12.682050  126.331902  0.343325  1.235479       9.346044   1080.997192 -234.904892  13.010468  3.503247   94.117531
239  132.743546  -9.775164  136.792831  0.345269  1.426809       7.103251   1402.626465 -136.389206  11.948854  3.225035   65.621811
240  131.425140 -15.365159  121.439735  0.326792  3.621362       7.645000   1156.305298 -236.807556  10.169161  2.850086   53.580677
241  133.098389 -11.091818  134.861755  0.343428  1.502003       8.589616    735.472778 -193.022217  17.234026  3.098405  102.860016
242  143.553345 -16.647295  145.681793  0.324449  1.678514      10.672493    882.950867 -104.154953   9.909904  3.547629   54.947113
243  128.861130  10.715609  118.597969  0.337944  1.175196       8.247272   1577.850952 -117.746887   7.384570  3.681135   85.621414
244  138.819061 -17.658018  126.277824  0.338236  1.743580       6.771392   1663.115601 -156.498886  13.256332  3.329672   88.084900
245  130.778259  -8.690558  126.873528  0.333178  1.384643       7.686309   1314.164429 -103.636604  11.303326  3.803717   82.059875
246  128.930756   0.910299  123.328720  0.314314  1.169415       9.886312    777.935791 -181.127533  15.276806  3.518809   58.518833
247  123.483833 -21.915348  140.929520  0.326920  3.666397       6.891049   1520.767090 -198.884766   8.173245  3.881813   54.798573
248  127.876289  -9.857951  115.945976  0.344883  1.653452       8.640244   1057.340332 -173.445389  11.587490  3.471923   66.361343
249  130.795898  -4.614134  140.440582  0.333155  2.569169       7.652636    950.344116 -215.657074   7.705238  2.690192   55.529896
250  130.856445 -11.884171  112.705803  0.339976  1.998173       8.465929   1079.767578 -213.143616  11.185109  3.484151   80.529106
251  132.915527  -4.931068  114.083588  0.330137  1.291628       7.119729   1875.221680 -194.731995  14.474820  3.811492   76.810257
252  132.940170 -14.783021  111.702805  0.330031  1.437627       5.754094   1998.718140 -163.105423  10.729409  3.478018   80.471817
253  134.733688  -8.824782  113.749466  0.323698  1.264384       6.402140   1928.144531 -190.714645  15.403814  3.793686   74.828491
254  130.189804   4.425851  105.439514  0.339021  1.105440       7.559904   1160.116699 -205.504745  21.923889  3.395637   73.302902
255  131.804718  -0.366223  123.980530  0.326905  1.047986       7.247568   1343.755981  -80.370041   9.194234  3.538924   73.072838
256  137.172806  -6.599488  123.028587  0.340776  1.253024       5.834355   1752.761230 -126.550835  11.035489  3.238720   91.805641
257  138.566376 -20.585464  112.169601  0.346668  2.918384       7.592105   1665.242188 -249.523254  13.026860  3.187560   53.394157
258  126.962158   6.012773  120.971016  0.329041  1.152207       9.974426    806.617554 -157.930481  14.220036  3.559019   75.266777
259  136.693985 -23.144644  144.176437  0.336665  2.074797       9.139464    927.197571 -137.127502  10.054697  3.600004   56.432228
260  132.412003   3.056365  116.964874  0.337003  1.037420       6.219715   1955.747314 -175.936737  17.062262  3.730979   77.282295
261  121.395943  -4.483636  104.837425  0.344232  1.837633       7.837366   1067.564331 -208.374466  20.669338  3.487851   64.718231
262  133.140823  -8.763769  112.409836  0.346439  1.353801       7.484617   1753.121582 -220.439819  21.411396  3.528237   54.751968
263  143.294724 -10.433579  104.350670  0.320831  2.844731       5.876455   1900.004150 -206.567993   7.128010  3.914151  108.371628
264  138.437851  -8.434096  103.995132  0.328794  1.508419       6.674235   1301.328613 -246.635254  18.161419  3.260145   80.380699
265  131.828995  -4.381407  129.137573  0.323406  1.178047       7.332331   1783.020142 -170.713257  18.285404  3.919961   62.514606
266  129.326691  -5.482711  136.168900  0.333278  1.657710       8.458156   1178.018799 -176.532257  10.351049  3.707918   54.878056
267  131.130493  -4.116045  118.164574  0.307247  1.806220       8.532690    815.964111 -220.149277   9.255746  3.738204   59.291771
268  125.955658  -1.704715  121.871475  0.347042  1.942426       8.046983    925.895508 -199.432266  17.710106  3.902832  101.412338
269  130.154037  -6.139933  124.602837  0.318738  2.144121       7.670591   1158.781372 -174.788132  12.094510  3.421302   60.711163
270  131.505173   4.132398  118.796371  0.341010  1.387237       6.045926    935.116699  -45.999332   9.304788  2.197591   99.627785
271  129.927597   5.132944  112.347763  0.347464  1.032106       7.513863   1465.108643 -233.779800  19.916948  3.732012   91.983521
272  138.023483 -12.105417  141.138229  0.327668  1.014531       9.667397    890.053223 -123.629601  17.885876  3.707804   64.511238
273  134.779572  -6.631383  120.933708  0.309144  1.967190       8.681985    835.189819 -190.012497   9.391325  3.176134   82.920326
274  133.389984 -14.760710  129.558792  0.344413  1.476508       5.493067   1906.832764 -164.337158  16.084555  3.363742   51.213989
275  135.839386  -5.999325  134.874939  0.342948  1.118685       8.901667    903.797852 -159.879272  18.730183  3.847051   97.169090
276  135.458313  -6.821448  125.407486  0.342557  1.096221       8.838993    886.391968 -138.335266  10.977601  3.144891   58.012119
277  131.305756 -12.186516  116.622116  0.347768  2.161923       6.085176   1798.320190 -244.960617  14.858836  3.737073   63.099350
278  139.540512 -24.410318  115.053566  0.329790  1.537285       8.068393   1220.616699 -227.307159  16.215189  2.947702   58.574806
279  134.575958 -13.580786  134.513153  0.334696  1.476977       6.428248   1318.718140 -154.902908  17.455589  3.152123   82.788986
280  135.899063 -17.127384  124.485153  0.334850  1.744500       7.317306   1499.675415 -227.169617  11.292122  3.861314   90.995369
281  143.403442  -8.224952  126.695808  0.314915  2.803259       6.600009   1580.747192 -213.283081  15.090139  3.349286   90.303741
282  131.515320  -5.275939  116.611870  0.339981  1.430041       6.693536   1212.553711 -142.997284  16.561190  2.990167   60.398502
283  143.556061 -12.627650  133.866287  0.336500  1.011324       7.615551   1575.412598 -212.150620  20.461788  3.705810   92.353874
284  117.529137 -16.539253  119.811150  0.347310  3.062662       7.047045   1022.397156 -233.088760   9.482544  2.707645   54.904541
285  134.434769 -11.796326  137.478058  0.302016  1.532895       8.021277    940.021301 -248.523712  24.988024  3.244509   61.511452
286  138.472153  -1.933495  143.010925  0.345883  2.305873       7.223405   1879.715942 -244.809555   6.972295  3.386387   74.160507
287  136.212357 -16.551151  137.357315  0.345491  2.118112       8.850392   1269.517090 -202.900406  12.715398  2.971912   55.132759
288  125.226410  -2.382675  121.927002  0.342204  1.160920       9.352045    761.013489 -158.321075  13.036864  3.876525   75.494934
289  138.030579 -11.998203  123.092857  0.347328  1.063841       6.727750   1738.777100 -237.601227  14.293097  3.338536   91.466705
290  137.004364  -1.797250  131.478302  0.346197  1.070356       7.996276    889.369263  -67.793114  10.944724  2.149313   67.952240
291  136.563126  -9.841940  142.627396  0.345272  1.382026       7.349120   1114.208374 -159.825867  14.253863  3.272974  114.888847
292  126.626785  -3.658115  118.939369  0.344314  1.722971       9.013766    859.402527 -202.911667  14.688848  3.605503   90.327736
293  130.299408  -4.469523  126.325912  0.335088  1.429132       6.243148   1873.487671 -200.776443  20.958172  3.665736   60.468014
294  131.088608  11.906981  110.917633  0.348692  1.041416       8.907534   1243.509521 -200.000549  15.268553  3.471705   74.449806
295  129.932968 -16.842039  145.261551  0.331760  2.643392       8.264458   1075.083740 -222.429977  10.890297  3.437854   54.422783
296  129.333710  -4.958300  108.719704  0.338100  2.207154       6.068492   1487.456543 -221.743362   8.271273  3.153271   54.610294
297  135.488480  -4.878783  114.127174  0.345769  1.006391       7.247988   1553.440918 -208.039810  20.097605  3.484006   77.650467
298  138.633881  -8.522168  116.810814  0.328656  1.210036       7.761838   1192.944824 -177.444122  13.817478  2.647576   51.379398
299  125.022057   7.746574  115.907623  0.324943  1.416502       7.402796   1689.419434 -170.661362  12.325465  3.973350   54.630981
300  138.431564  -8.032895  123.581490  0.348450  1.134907       6.544880   1785.049438 -217.724777  16.434269  3.052195   64.557549
301  134.506546 -23.363058  131.240402  0.338493  2.468219       8.252133   1835.427368 -225.914001  13.655341  3.947075   55.190296
302  135.392502  -5.342731  145.484604  0.348980  1.041138       8.393796   1486.684448 -172.251343  18.348825  3.770144   71.341286
303  114.841995  11.089410  142.291611  0.327170  1.023479       8.479300    957.661743 -207.698242   8.144730  2.470541   62.073112
304  134.289215 -15.731423  116.817162  0.342786  1.672693       6.945418   1663.558350 -233.165970  19.431438  3.829443   59.842163
305  130.887482  -9.292919  132.784775  0.329463  3.933049       7.474389   1838.630493 -231.858490   9.651896  3.991926   89.072784
306  133.549042   0.893503  111.666306  0.343360  1.255837       9.076567    752.653320 -226.572830  18.680523  3.314960   67.693367
307  137.042221  -8.776839  120.094223  0.313289  1.301481       7.620848   1345.862671 -135.643478  16.439734  3.615258   52.457756
308  140.307877  -5.373326  128.403519  0.341667  1.517934       8.341984   1360.654785 -184.637085  16.039011  3.513133   92.189125
309  149.812775 -17.234161  136.881042  0.332057  1.654070      10.452978    931.510132 -213.513687  13.905803  3.875245   55.935150
310  128.915833 -19.884871  131.137054  0.340098  2.466024       7.230253   1719.258911 -190.511505  13.628799  3.791657   57.628113
311  126.211678  13.863478  133.987915  0.343758  1.040836       7.564008   1638.994629 -212.119827  12.958223  3.546774   77.103737
312  137.459106 -18.296734  118.635895  0.348622  1.744883       8.665943   1418.185913 -244.330231  17.147993  3.663162   58.391594
313  127.521103 -12.524341  117.115143  0.320069  2.460674       8.650904    932.840210 -197.375839  13.154496  3.702493   57.336422
314  124.692451  -4.440379  142.821075  0.333929  1.214437       8.659488    859.972595  -79.854820   9.624893  3.670946   67.982651
315  136.114441  -9.733724  140.316574  0.326357  1.982177       8.774702    762.997925 -199.859467  11.400175  2.754176   97.404892
316  137.737091  -3.929315  132.214691  0.345269  1.871381       5.685929   1974.526733 -220.431442  13.425180  3.605965   94.105438
317  131.451157   2.314918  127.176651  0.297782  1.505587       8.656743   1344.588379 -185.761002  12.277229  3.933841   65.455513
318  132.051285  -0.582848  122.482780  0.336759  1.203216       7.765903   1834.491577 -171.067734  10.939529  3.769922   57.855598
319  135.874313 -10.378591  146.899780  0.330157  1.101184       8.152707   1427.769531 -151.187820  17.450819  3.675748   71.030235
320  142.002121 -12.552091  113.046349  0.331486  1.086388       8.262596   1629.706543 -223.782242  17.639750  3.493080   58.094597
321  137.823303 -18.500885  143.109375  0.331083  1.644522       6.948785   1928.337280 -123.211868   9.526586  3.261472   51.467094
322  144.886719 -17.279852  113.606644  0.324028  1.806832       8.032078   1344.499146 -213.187851  11.788578  3.519040   94.558128
323  128.168442   6.308117  133.175720  0.329755  1.003873       8.122177   1300.767944 -137.764038  12.145071  3.605251   58.375275
324  140.807495 -12.115150  114.940147  0.346269  1.173804       7.260583   1781.077271 -205.164566  21.482187  3.313357   71.369225
325  127.139214  10.813931  110.376381  0.321549  1.242552       6.299028   1363.405640 -232.141708  23.475672  3.861676  119.935799
326  130.666718  -4.784556  141.861267  0.329897  2.358275       8.680414    956.337769 -176.160568   9.087860  3.685746   88.093529
327  122.606926  14.089476  129.333481  0.336344  1.029589       7.533618    944.459412 -200.150986  15.322412  2.283381   88.057327
328  135.679672 -11.984411  112.802834  0.342743  1.263731       7.574930   1116.366455 -122.328072  18.917383  3.524375   78.871979
329  135.733185 -17.293613  126.932777  0.319669  2.757700       6.815842   1545.722900 -208.102066  10.939734  3.006723   50.437832
330  133.053665  -1.168316  114.641975  0.338021  1.025433       7.093349   1723.486938 -224.144424  18.895706  3.398398   72.077942
331  135.154419   1.082019  144.072998  0.317600  1.699116       6.489892   1931.824341 -206.835114  13.440273  3.981929  113.470520
332  128.805832 -23.943979  132.897003  0.347513  3.303992       9.632576    837.551025 -181.419418   8.958209  3.496547   78.345337
333  130.292648  -2.343261  143.484695  0.310569  1.461899       7.491630   1433.683716 -219.972504  12.375122  3.850046   63.172386
334  133.027435   0.661176  130.776550  0.348282  1.179386       9.821774    764.037231 -177.368668  20.758486  3.123014   77.763687
335  141.253723 -10.688157  140.970840  0.345065  1.478997       8.495115   1406.786499 -242.454727  16.932222  3.903535  129.544662
336  123.792839  19.051266  118.546730  0.311755  1.109751       8.490484   1095.787354 -231.571182  15.558964  3.898531   84.321785
337  118.812256 -12.263365  121.851814  0.334520  2.611386       8.137969    985.100281 -198.045517  12.011748  3.880864   57.165527
338  127.534836   8.927448  119.034401  0.303478  1.317760       7.185899   1454.116455 -178.860443  10.128180  3.832109   60.031487
339  128.669312   3.205301  118.461555  0.322287  1.008260       9.250529    849.852722 -158.485245  21.175674  3.778862   55.345795
340  133.367706 -14.112265  126.526512  0.339237  2.562736       6.733250   1371.839233 -153.805084  12.637508  3.363871   74.984138
341  149.311081  -9.357769  137.950089  0.316727  3.090979       6.850532   1817.614746 -241.433838  11.517772  3.244154   79.692451
342  130.023544  -4.484137  114.690964  0.347372  1.669402       8.957034    998.745667 -196.087570  13.266224  3.995224   93.530731
343  131.134064 -13.394557  114.113792  0.346046  1.808707       8.239644   1236.251587 -235.050735  16.299158  3.736099   80.450035
344  144.653839 -17.435785  157.408691  0.341999  2.224195       6.903862   1728.929443 -126.441254   9.366832  3.246854   87.945862
345  134.629349  -2.207361  137.148575  0.344742  1.179929       6.578888   1662.161987 -183.661255  15.038166  3.263667   85.681908
346  120.405197   4.240934  131.232468  0.301984  1.629552       5.333189   1747.220459 -242.046555  17.824654  3.429539   93.868347
347  144.734238 -12.958755  136.809738  0.314957  1.692688       9.225641   1395.561279 -168.124664  11.523543  3.887923   72.839264
348  137.862244  -7.923986  142.599976  0.319728  2.508854       8.003227    965.951172 -115.772141   7.717854  2.831265   83.247734
349  133.140427  -0.361666  115.072678  0.326649  1.287240       7.504433   1741.301514 -156.651276  12.867423  3.715567   55.398438
350  128.615082 -21.380098  127.421066  0.346277  3.027530       7.641589   1142.546021 -232.854965  12.684782  3.387673   66.133888
351  136.156052 -11.146806  111.864502  0.315530  1.187687       9.300838    777.819885 -204.492493  22.585503  3.614898   66.473183
352  123.234955   1.816056  131.220856  0.320581  1.534090       5.464229   1381.677612  -78.668587  10.166639  2.664682   53.648682
353  125.390205  -3.869466  110.772682  0.346278  1.851482       8.807762    818.868347 -235.287262  18.060856  2.895358   80.371811
354  132.345352  -3.372528  113.428078  0.341567  1.018065       8.164552   1180.964233 -145.356583  20.816700  3.875649   84.279030
355  146.382370 -22.720205  154.943817  0.344832  1.972974      10.201795   1028.443604 -126.379547  10.771373  3.784497   78.460426
356  133.944031  -4.633736  140.182358  0.340864  1.050135       7.212538   1591.282349 -180.161469  15.274418  3.985584   97.580696
357  129.935287   2.322204  140.890808  0.338335  1.062415       7.674817   1200.654907 -220.038269  15.598977  3.540126   94.966530
358  133.299484  -2.764762  123.225174  0.333747  1.175476       5.754395   1947.720337 -180.439301  19.369396  3.386283   54.189873
359  131.742386 -14.166388  125.432449  0.342688  2.936223       8.210507    915.405579 -246.211426  12.347441  2.941493   77.808960
360  134.997284 -14.449163  123.765091  0.343729  2.186807       7.259006    954.685608 -211.729492  14.229825  2.244983   54.110989
361  134.944366   2.581866  117.494202  0.306215  1.386044       8.131234   1211.005981 -230.007416  17.553192  3.402355   56.966404
362  141.565491 -10.459139  115.959862  0.319633  1.305748       7.897990   1692.078857 -178.071045  13.506756  3.675006   64.024300
363  128.741318  -2.684671  121.006012  0.336126  1.788384       7.066237   1414.521484 -216.856033  12.944939  3.441682   64.347435
364  140.639557 -19.733610  151.356049  0.339709  2.184289       7.231966   1875.775146 -228.610977  17.246111  3.416728   53.349731
365  128.014572   4.404275  125.854965  0.335465  1.142112       8.839258    816.169922 -154.024094  14.620197  2.245122   55.707504
366  134.971832  -0.322324  113.459000  0.326180  1.430524       7.905957   1079.645752 -218.271347  14.153750  3.699787   90.905693
367  132.269302   0.389790  102.859161  0.328725  1.123802       5.724806   1929.217407 -226.544159  20.247904  3.385124   65.842468
368  127.845291   1.759734  138.037918  0.310832  1.023367       8.121014   1448.928711 -207.156601  16.677858  3.416154   62.344223
369  130.621063   3.131592  115.258705  0.345589  1.090629       5.856493   1906.711548 -132.408356  13.909420  3.540614   61.462620
370  133.476120   3.296318  128.490265  0.304789  1.081707       8.932500    988.637451 -182.964874  15.426301  3.820020   84.066238
371  143.972305  -5.199667  147.033264  0.329817  1.529631       7.864593   1745.541260 -113.827644   9.986745  3.823208  104.876328
372  136.015167   1.118170  118.974045  0.308719  1.417807       6.723775   1352.765869 -191.042053  19.417282  3.897138   98.363625
373  133.778214   0.352684  117.610680  0.335470  1.055726       8.291004   1574.393921 -178.762741  20.877899  3.832658   61.059742
374  135.031845 -12.688028  128.152710  0.334867  2.350263       8.354239   1195.055420 -223.510162   9.652176  2.912998   60.771603
375  141.756668 -13.893821  137.853271  0.325716  2.494891       9.851313    760.404236 -199.991486   8.771299  2.895530   75.009834
376  133.800079 -10.431547  123.790184  0.330631  1.390232       8.628796    859.871704 -127.266365  16.894564  3.448081   76.213135
377  134.261169  -9.655245  125.622337  0.337708  1.221200       7.020580   1356.906006 -216.728607  19.989397  3.441379  113.743347
378  139.022888 -20.812727  130.662125  0.347766  1.197878       7.518832   1448.849731 -134.027817  13.778915  3.092261   51.693363
379  127.118683   0.415591  125.955391  0.330888  1.019197       8.212801   1387.404785 -228.705200  18.758194  3.543176   61.670017
380  135.027496  -8.037534  118.253090  0.322691  1.111680       8.868881   1302.047485 -152.553925  13.573577  3.661825   51.889923
381  123.264931  -2.340720  121.876640  0.326276  2.160022       8.720313    811.811646 -145.911072   6.285305  3.302474   74.308151
382  138.901749 -10.312289  114.710121  0.346989  1.072548       6.043039   1481.651367 -133.204208  16.538427  2.610258   65.561218
383  128.009201  -3.712375  135.927063  0.344901  1.640474       7.630755   1506.911377 -155.299774  10.770244  3.945316  115.051094
384  127.131462   6.857731  124.497368  0.348203  1.004117       8.836024   1181.916504 -239.111877  30.219164  3.771235   81.882851
385  128.810730  -4.106298  114.729881  0.334377  1.747065       7.401227   1368.012817 -203.035492  14.959669  3.944603   68.132874
386  131.297485  -0.111300  121.663673  0.344317  1.177947       7.369619   1502.833008 -224.922394  16.530210  3.265255   67.863388
387  134.144287  -2.158941  121.459877  0.338365  1.240853       8.078944   1372.505615 -229.341431  15.665594  3.949576   54.400639
388  135.809341 -12.562109  122.326706  0.334982  1.452395       7.924342   1647.477417 -202.704239  13.332936  3.675744   58.638916
389  131.256760   4.237881  110.403412  0.334766  1.189075       6.476789   1734.837769 -204.400406  19.893658  3.811588   92.949379
390  128.051804   2.241995  112.123405  0.337034  1.370902       7.572007   1404.953491 -219.214462  14.911948  3.547358   57.352615
391  135.973434  -7.027003  123.836823  0.339408  1.345582       8.035902   1378.588867 -195.860138   9.300431  3.790240  108.408524
392  138.071548  -0.796713  111.516632  0.343099  1.247024       8.463836   1182.967407 -203.429443  16.958612  3.943695   74.580070
393  127.903740 -16.032572  139.759995  0.343807  2.873032       6.847126   1142.271973 -168.365341   8.258432  2.785092   84.778969
394  128.595398   4.202423  118.052109  0.344252  1.040965       5.598011   1683.998291 -120.178925  14.122235  3.568133   98.382965
395  121.541405 -11.358440  123.454048  0.326127  2.633044       8.740265    734.704773 -201.042526  10.750533  3.941494   71.185265
396  133.076462 -14.114872  142.250244  0.348669  1.322493       6.923878   1019.427063  -82.494347  11.806047  2.885885   91.015152
397  141.172623  -9.830029  128.728424  0.341225  2.164052       7.462203    893.368774 -195.978668  11.777004  2.419687   98.921837
398  132.382339  -0.426811  126.457199  0.320090  1.106845       7.103078   1490.146484 -195.923447  18.380165  3.745646   65.899826
399  133.617554 -15.645344  142.942322  0.340566  1.152084       8.764503   1021.638855  -80.407265  10.772375  3.175940   57.332306
400  140.029999 -15.912451  123.157722  0.337362  1.798655       9.246693   1173.696167 -241.384430  11.668231  3.886997   92.490738
401  134.910690   8.575310  119.591797  0.315959  1.468296       9.011938    897.132324 -247.962112  22.241346  3.655878   89.947479
402  140.766998  -4.311773  116.902718  0.346159  1.861353       9.130355    801.143677 -103.072716   7.506312  3.184857   97.672829
403  126.023811   6.458871  111.089882  0.341010  1.480822       8.977895    818.366089 -207.484375  13.055516  3.239610   51.649998
404  142.162659 -20.210896  141.345230  0.327981  2.384513       8.832171   1054.510620 -138.122498   8.393705  3.635323   77.830215
405  130.461258  -3.881846  131.552872  0.344108  1.448455       7.395769   1692.395020 -127.958839  11.232173  3.698839   52.211933
406  135.152802  -5.829178  110.716080  0.345097  1.188736       8.670912   1312.573120 -198.134415  18.378340  3.935197   78.122635
407  144.977493 -17.598104  150.944534  0.346323  3.560409       8.280632   1354.671265 -246.141937   8.196355  3.934800   83.710144
408  129.954391  -1.646636  122.693619  0.333905  1.085305       8.758984    734.959473 -212.197357  13.757095  3.273325   77.885559
409  135.923370 -11.354223  121.715103  0.337777  1.143248       8.185877   1418.871704 -205.284454  13.072568  3.408968   59.606312
410  132.439224 -14.638515  141.813370  0.349831  3.438911       7.222326   1435.857056 -153.219238  11.002668  3.978151   78.548866
411  139.239456 -14.680020  148.943100  0.336010  3.485407       7.011207   1963.641602 -193.426743   8.389229  3.869875   86.614983
412  134.565430  -1.466929  123.649200  0.313808  1.202944       6.942750   1313.752075 -178.816116  16.844957  3.717336   66.007431
413  136.410156 -25.176596  118.646484  0.341908  2.345508       7.057361   1681.706909 -220.097870  13.150331  3.481521   79.227898
414  135.086212  -5.067506  117.773987  0.332817  1.013146       6.847727   1742.261108 -142.343933  13.972944  3.019408   51.157490
415  140.328476 -17.447323  124.898697  0.313409  1.804866       7.737344   1163.567871 -137.947769  14.393844  3.330539   59.550251
416  134.301117  -6.838122  117.889175  0.335360  1.062487       7.901122   1392.926270 -145.272583  16.556585  3.505414   77.629135
417  132.720856 -10.032501  116.589859  0.326358  1.389281       8.486825    834.416077 -212.556458  14.464357  3.554995   62.480915
418  134.331940  -2.568197  113.466164  0.347611  1.477633       6.007148   1843.711304 -224.715240  12.950241  3.807263   92.170563
419  138.807617 -14.180649  141.180588  0.333289  1.261868       7.221406   1682.312988 -186.697342  14.486366  3.613722   50.894535
420  133.653732 -11.889698  116.473839  0.325731  1.239951       7.606846   1388.607300 -178.910278  15.294816  3.797802   64.884377
421  136.596634  -8.790335  136.032440  0.329007  1.253343       7.908883   1472.077148 -227.629425  16.774496  3.579835   63.259258
422  130.301651   4.642671  133.838898  0.332829  2.126342       7.670641   1451.051880 -151.925095  11.414957  3.730669  100.354126
423  141.943146  -3.801606  106.728683  0.284299  2.237185       5.474570   1916.438110 -198.074921  12.402277  3.513335   62.499664
424  131.305130   7.293042  103.171074  0.341046  1.139037       6.041779   1567.049316 -198.995880  22.477587  3.517901   86.481834
425  134.583145  -0.867785  133.570129  0.316562  1.443468       7.873920   1141.576050 -172.802429  12.789360  3.215297   64.250343
426  127.759331   1.109989  125.366653  0.340716  1.323367       7.178515   1468.455688 -196.467163  15.816279  3.514724  109.427444
427  130.342056   6.290711  124.551628  0.315886  1.583493       8.529018   1152.873535 -227.130707  10.808482  3.413294   89.153709
428  133.333405  11.337645  112.135719  0.338952  1.677979       7.909146   1257.141113 -210.867218  12.321701  3.532594   68.038048
429  129.220291  -3.984526  151.278778  0.349883  2.890760       6.852843   1518.509888 -211.013397   8.205977  3.250637   71.112625
430  131.583038  -7.477766  123.385651  0.325171  1.848620       8.073670   1027.262817 -193.392014  12.316942  3.446293   73.263977
431  125.486877  13.761136  121.953331  0.344691  1.000269       7.263463   1569.379883 -212.349838  20.651487  3.494373   92.764679
432  125.613861   3.680795  127.619232  0.316261  2.017292       6.239532   1551.690796 -159.582230   5.780218  2.865258   66.548920
433  135.599258 -22.067186  132.613983  0.325057  2.413264       7.042109   1514.046265 -214.773239  16.939642  3.327798   60.152359
434  133.932144  -5.984466  114.479713  0.344340  1.328398       9.717135    705.360352 -120.741920  11.406597  3.922703   60.163017
435  135.345398  -2.405291  123.090790  0.344027  1.069128       7.967129   1449.734863 -161.826126  14.807334  3.873201   59.832512
436  133.051117  -9.535460  133.925491  0.324085  2.693508       7.587646   1113.288940 -147.534241   8.937251  3.395269   75.107666
437  133.931259  -9.960477  145.641037  0.338326  1.408532       7.946476   1101.863892 -189.092560  15.466808  3.839335   95.789375
438  140.842545 -12.458582  149.683746  0.298649  1.364279       9.269261   1026.156616 -139.938492  10.269068  3.644289   52.236397
439  133.228912  -3.960431  105.631416  0.323935  2.968324       6.416279   1053.770630 -223.440277   9.923165  2.385803   60.931530
440  126.063744   8.191703  134.508347  0.330079  1.041604       8.860750    927.237183  -95.620338   9.142554  3.317104   63.878754
441  107.052902  -7.692088  130.961517  0.335562  3.296656       8.144325   1096.081421 -213.419327   7.089120  3.955202   53.075222
442  136.611984  -9.421988  118.075127  0.332813  1.046556       7.473619   1644.052979 -232.589005  21.608160  3.725158   55.880810
443  133.462173  -6.342026  105.398376  0.346845  1.218908       8.374110    805.061951 -187.557693  22.258373  3.076487  133.276077
444  140.431213 -12.459035  149.682800  0.345961  2.575615       6.301660   1311.809814 -196.029388  11.100187  2.932000  110.257797
445  134.258331 -12.705653  147.499619  0.335020  1.939721       6.396781   1578.676880 -212.836563  15.003310  3.452792  114.537514
446  134.989014  -2.215242  108.165947  0.346760  1.196626       7.595074   1629.602905 -228.113220  16.489147  3.921450   91.308846
447  135.316986  -8.439636  115.174927  0.336604  1.569522       6.684232   1543.043091 -145.338791  14.793743  3.197967   51.512432
448  130.119812 -20.699133  109.245995  0.342106  2.867652       7.902398   1250.023560 -245.497757  14.165850  3.175180   78.013435
449  130.382904  -7.555813  120.823692  0.349442  1.529755       8.837862   1005.446777 -239.637436  19.148195  3.850768   91.122208
450  143.537399 -11.962095  104.427078  0.321420  1.907971       8.766408   1027.235107 -230.220139   7.423985  3.748707   76.826653
451  144.536224 -13.606399  135.752350  0.332432  1.488004       9.117985   1389.294189 -215.967026  17.159258  3.920937   90.846260
452  132.382767   4.950087  121.637344  0.347458  1.652651       8.305738   1210.517212 -223.502213  21.354012  3.368115   71.720421
453  138.243637  -2.645132  111.695168  0.312578  1.345434       9.238160   1149.066040 -162.609863  13.777717  3.770242   78.788918
454  128.468933   4.396907  122.120575  0.324348  1.081857       9.656183    961.412292 -202.294617  14.025630  3.955955   66.761330
455  136.545517 -19.669176  134.518936  0.332056  1.839418       7.718825   1127.965576 -213.482040  12.338988  3.147310   53.659832
456  139.897858  -7.230574  140.904846  0.325207  1.281775       8.243523   1359.228027 -216.092819  13.490137  3.994759   66.862755
457  125.871849 -18.292171  110.449844  0.346057  1.858784       9.883832    749.222961 -185.219696  14.999232  3.692100   62.847679
458  122.126045 -18.631319  138.187515  0.339846  3.098550       6.792681   1741.929321 -206.817917   8.636662  3.782537   65.870903
459  129.451950 -10.583132  112.929741  0.346031  2.519941       7.641587   1157.917358 -160.589752   7.225701  3.743492  106.315987
460  136.292328  -1.404646  134.528244  0.320616  1.187737       7.350663   1943.614014 -181.886032  15.880616  3.854247   53.786900
461  131.509506  -6.657679  120.120667  0.338366  1.428284       7.660442   1402.095093 -198.883133  12.153749  3.538045   78.960175
462  123.244774 -19.066484  125.541107  0.344215  2.358297       5.321579   1770.892090 -158.184021  12.833218  2.974882   60.272896
463  133.625809 -15.224652  146.939117  0.340599  2.804631       8.034460   1128.365845 -129.464615   6.236220  3.575944   96.921730
464  141.343628   1.391617  109.632065  0.301297  1.401160       7.232138   1017.860840 -225.701233  12.196208  2.740488   71.118111
465  140.539734  -9.105363  108.130325  0.316236  1.474269       6.554169   1366.711548 -104.479469   8.200850  2.823628   62.895664
466  142.470306 -17.184687  141.298782  0.322836  1.850832      10.258261    751.295532 -203.224838  13.031452  3.107168   54.741016
467  134.118362  -2.794758  136.520508  0.327164  1.174227       8.340012    939.929871 -201.436081  12.852502  2.589671   61.244228
468  136.425034  -4.467931  122.780678  0.303714  2.711038       7.978949   1220.660522 -237.161102  10.061777  3.714278   91.589973
469  133.842758  -2.422374  115.978981  0.323011  1.135515       8.338453    831.170044 -161.848572  11.591907  3.272959   72.645660
470  144.925140 -11.455486  141.446640  0.291320  1.638180       8.405535   1286.717773 -186.707565  12.430639  3.613051   64.414566
471  130.233963 -13.764467  110.438065  0.347108  1.514070       7.680319   1655.459351 -205.478882  16.368019  3.983144   69.539543
472  138.703156 -12.242750  127.541901  0.311636  1.503847       7.336078   1450.480469 -171.201767  15.170201  3.105653   52.336472
473  136.373123 -11.657187  121.829041  0.335218  1.113222       6.835738   1670.608398 -162.073074  14.643827  3.678725   55.519005
474  132.857605  -4.762392  128.681244  0.345137  1.055779       6.607511   1656.734375 -141.391296  18.384031  3.102600   60.895557
475  128.686234 -10.629533  105.926781  0.349714  1.931803       8.654279    984.124878 -247.239914  15.776373  3.807038   84.520683
476  146.327240 -12.837017  147.816772  0.331647  1.884681       7.177022   1986.389893 -149.942108   8.454412  3.963774   82.204712
477  109.882599  -2.727568  130.889374  0.340660  2.548623       6.504239   1239.297974 -206.982758  13.019804  3.443795   97.482330
478  132.276138   9.153646  113.248886  0.343873  1.147190       6.494904   1925.777588 -211.036804  17.741812  3.816811   54.784737
479  130.254288   9.982893  110.080032  0.343582  1.305421       7.510064    930.441040 -242.325531  13.170568  3.873511  137.852432
480  138.396988 -14.834664  123.079994  0.340404  1.673512       8.394772   1598.888794 -247.157745  12.897243  3.255757   61.359428
481  129.613220 -12.138876  121.867317  0.338342  1.553257       6.423449   1729.923218 -120.381325  12.283514  2.942090   53.318398
482  128.966629 -12.875962  113.724075  0.349263  2.037955       5.997548   1755.362061 -192.406738  18.835600  3.433320   63.293892
483  126.334099  14.809867  114.382874  0.335569  1.105413       8.354591   1534.661499 -154.092148  15.027476  3.996600   66.577827
484  124.558464  -2.477116  113.045219  0.338571  2.276752       5.986309   1374.018188 -205.381134  12.754867  2.676790   58.122326
485  131.332047 -15.338226  114.747704  0.330290  2.116686       7.174129    954.471497 -219.552979  13.331509  2.757216   72.456108
486  128.407654   7.421759  128.183029  0.335867  1.099082       8.745062   1063.698975 -196.047607  19.602388  3.114783   99.154709
487  122.147560 -10.381549  122.371590  0.344684  2.717686       6.747451   1479.557495 -208.051758  10.677811  3.585608   60.109337
488  128.852417   5.093140  119.749756  0.304708  1.577294       6.941123   1650.779907 -244.898102  17.092308  3.435194   56.520584
489  128.089661 -14.222882  119.857574  0.310320  2.330043       7.723600   1124.786621 -249.951111  15.953632  3.556331   68.902657
490  119.702141   7.349957  123.856262  0.320831  2.258895       6.023126   1180.194092 -226.365616  12.837585  2.955204   96.435074
491  125.322197  -0.200860  137.126587  0.336987  1.306852       8.082973    922.914734 -187.504715  13.601200  3.494522   52.344845
492  139.095993  -6.830875  106.171402  0.301413  1.619625       5.718337   1974.949829 -177.625992  12.727228  3.854485   66.556992
493  134.718460  -0.941214  128.703217  0.326953  1.182070       7.344724    970.482422 -117.809059  13.166519  2.860929   93.845505
494  134.283386  -8.133194  142.963394  0.299290  1.241588       7.128654   1479.499023  -46.067673   7.657961  3.869927   66.805038
495  132.778030  -3.176984  120.293579  0.322313  1.156188       6.479284   1766.396729 -239.507935  24.193623  3.515020   65.835846
496  133.751251 -16.259443  103.286842  0.327098  1.630984       6.548358   1840.196411 -185.266953  14.822890  3.968990   79.052826
497  150.386948 -10.475379  138.497971  0.335067  2.404675       6.371480   1527.972900 -192.492905  11.253919  2.367318   55.146645
498  135.036606  -2.874518  125.239960  0.321507  1.096160       8.476853    806.473633 -160.085098  17.216984  2.992678   56.318249
499  135.807983  -8.526437  109.187798  0.347697  1.978616       5.749581   1410.885010 -194.190704  16.075014  2.826551   87.434326
500  133.247147  -5.067846  116.718842  0.337483  1.467359       8.227728    873.261353 -181.473145  12.877878  2.897096   52.184193
501  125.705757   0.307343  131.044281  0.343106  1.240801       9.217758    932.081970 -182.423111  16.954502  3.768751   52.782890
502  126.379898   4.651432  130.569397  0.347268  3.156380       5.237417   1724.747925 -201.677536   7.058603  3.197970  113.843056
503  139.458679  -8.621056  115.638069  0.340662  1.217457       6.711830   1634.408081 -160.097168  15.967425  3.627670   86.386055
504  131.769974 -15.364886  136.655014  0.344906  1.857772       7.278222   1589.371338 -200.565765  15.948994  3.667208   72.821037
505  127.691765 -14.043857  148.095261  0.313127  2.944104       8.869949   1027.374023 -143.295898  10.594361  3.369861   50.021240
506  118.527229  -4.835609  132.615158  0.336272  2.347330       8.391300    998.131226 -227.838959   9.233767  3.768335   85.097549
507  130.023682 -14.402552  131.638123  0.339661  1.824642       5.388329   1665.614746 -199.310928   9.701047  2.941971   85.746696
508  143.911819  -0.122781  121.083374  0.336129  1.995732       7.362355    808.792847 -155.336624  14.719903  2.894199  146.983124
509  128.897293 -10.616863  130.050842  0.342287  2.559659       7.127597    942.953674 -158.759491   9.645304  3.532484  113.200661
510  130.314972 -12.902667  130.581680  0.347040  1.975251       9.354943    756.895630 -181.970062  13.502602  3.482224   97.866356
511  132.392059  -0.799366  124.721886  0.342614  1.120398       9.267523    955.826904 -196.168503  22.294693  3.744725   99.293205