           lon        lat         inc      D1AU     delta  launch radius  launch speed    t factor       B1AU     gamma         vsw
0    -6.233280   7.138643  183.997055  0.129595  3.083362      59.969536    512.211426  101.798691   7.769923  1.746158  280.547424
1     0.391922   9.570650  171.050400  0.125808  3.517454      26.149736    751.731079  236.488480   8.433559  0.793841  287.815979
2    -3.755243   7.359123  171.923920  0.158662  2.463751      49.837898    724.135376   -6.326130   5.789063  1.802700  290.586639
3     7.498298   4.210654  144.624725  0.131600  4.765778      36.601486    461.298431  231.165558   7.126765  0.808588  299.021942
4   -14.775187   8.981017  183.368057  0.128551  4.110005      11.261058    667.006897  185.756378   6.646176  1.501995  376.775299
5   -13.634964  -9.187146  194.088959  0.149611  1.045948      17.361835    887.128235   62.903126   7.836911  0.411287  252.875351
6   -22.441494 -15.370637  166.493027  0.161552  3.812882      43.679802    441.285187   26.210972   5.176796  0.760730  316.766052
7     0.670517   7.013028  156.103470  0.140788  2.494231      10.266350    831.817139  184.932617   5.718636  1.970546  371.955566
8   -14.068948  14.410632  189.280106  0.197078  4.205406      26.021587    412.264252  115.943642  10.201758  1.400525  342.993317
9    16.661999   5.425737  188.248016  0.131560  1.957617      42.506504    892.483704  161.758621   8.558405  1.881005  310.546051
10    5.929526   2.392731  171.686218  0.142192  3.244911      13.035512    812.859497  134.862137   8.423253  0.404025  253.538361
11   -1.013828  19.279585  154.342010  0.162261  4.264802      28.400259    507.115875  -56.937283   7.509782  1.365644  337.230865
12  -13.692169  -4.096681  177.944733  0.120899  4.903289      35.789009    636.545532  182.064743   5.415004  1.503332  313.038269
13    8.355759   3.887133  182.907959  0.154551  1.284727       6.953595    635.626404  119.607552   5.946104  0.266358  281.612732
14   10.185275   0.668806  163.165054  0.143059  2.233313      27.944500    799.237061   37.169819   5.575943  1.737462  327.724060
15    3.453972  19.132849  161.995102  0.195647  3.684398      13.652959    627.474365  195.232407   7.432415  0.853776  326.884735
16  -11.473804  -6.828277  174.933960  0.165033  3.447922      12.046679    624.044006  123.712753   6.022631  1.710759  373.713440
17  -11.329715 -10.789119  181.832840  0.159886  2.570697      29.697832    991.238708  143.021393   7.892142  1.915998  320.509583
18  -21.858452 -11.219976  164.303894  0.144279  3.883609      46.639626    487.453949  190.932465   8.392433  1.025229  314.942078
19  -26.198341  -0.256540  162.368393  0.126304  1.732726      39.102051    617.741516   74.676041   6.040068  0.444417  300.755524
20  -15.388327   7.945861  163.180054  0.124752  3.452300      31.121109    725.659119   47.035717   9.263563  1.339201  326.822876
21   -4.038909 -11.589171  168.844055  0.155716  2.849614      24.090942    588.218445  215.876343   7.964670  1.831336  345.187103
22  -17.515579  -7.906742  180.756836  0.161805  1.215803      22.780121    892.067261  137.462616   5.096611  1.156146  339.757202
23  -11.223145 -12.093637  168.122086  0.146648  4.650825      57.767841    728.649902   31.696978   9.066086  1.849366  266.056793
24    6.807500   1.457550  159.511597  0.130644  2.419806       9.994515    829.044922 -136.341949   5.352524  0.835308  318.303223
25  -11.888941  12.242265  164.655289  0.126405  3.586257      23.221586    415.493317  225.055313   6.686796  0.467227  383.068634
26    3.748131   0.478435  168.247726  0.154068  1.120555      39.254890    661.165161  226.982407   9.306481  1.066947  292.547363
27  -20.120863  -7.136126  161.817230  0.122533  3.401173      30.824326    502.508728   49.913071   5.367989  1.976951  362.597137
28  -13.042181 -24.925663  193.754196  0.191606  3.645459      33.104450    539.195251  163.897797   6.318995  1.170526  337.738098
29  -22.729782  -4.046752  167.378021  0.140702  3.373897      27.816986    462.591400  160.774857   5.314180  1.333406  373.666718
30   14.218915   4.655802  186.879562  0.153137  4.120891      10.372165    756.872253   20.360922   5.256368  1.903227  376.905121
31  -12.557481  12.610480  151.922470  0.129022  2.464204      55.512676    626.702881  117.756058   6.866397  0.743997  264.601288
32  -11.158475  -9.008444  168.482300  0.158477  2.844876      34.260338    927.783691  -72.764565   9.273535  1.969207  318.144714
33   -3.018990   6.854899  147.896576  0.154441  1.376328      34.132885    877.100586  -82.563889   6.018722  0.691022  278.488281
34   -9.243066   5.270274  179.109970  0.163505  1.798565      18.754526    628.298706  160.902252   5.225909  1.538636  366.693268
35  -12.803028 -18.841558  173.981567  0.151907  4.692385      32.937267    725.821533  242.608734   5.204819  1.188200  303.068573
36  -21.160400  -4.363112  184.928558  0.126117  1.633423      38.929211    780.643433  240.615601   8.089092  1.693598  328.613098
37   -9.067374  17.079851  157.518875  0.162959  4.172432      38.833351    890.198120 -165.395081   9.134826  1.426997  301.834167
38  -11.713387   0.010315  197.976089  0.128488  2.225194      15.698549    977.833374  228.131363   8.810942  0.445409  252.406570
39  -15.789369   3.657417  159.650314  0.147630  1.777739      22.865889    652.070740   74.925003   5.297956  1.295395  350.939453
40  -23.444212 -14.374763  154.156342  0.187612  3.790854      32.365414    837.630676  163.139267   7.315479  1.945634  341.465179
41  -15.719170  -7.904610  169.175049  0.126515  3.997532      37.950863    533.668213  -29.917526   6.055305  0.615094  280.104523
42  -13.164846   7.685799  183.247437  0.163909  4.212846      26.757975    415.952118  210.507584   9.079263  1.174291  347.449799
43  -22.322317  24.512276  156.471848  0.134228  4.754083      32.396214    650.364441  204.049469   6.077799  1.239004  389.126953
44  -13.683125  -1.234800  158.487244  0.123108  1.396463      45.172382    828.626709  196.234604   7.087324  1.263448  287.642090
45   -4.450452   7.436530  186.973724  0.129315  3.758050      43.951271    460.299286   15.248364  10.193313  0.551379  265.585876
46  -14.199775 -16.941277  188.067734  0.175243  2.683220       9.820307    439.092316   34.591911   6.279099  1.578725  420.691986
47    7.286368  -9.443238  185.656158  0.174188  2.337956      32.589546    448.932465   66.592674   6.489753  0.526840  300.651184
48   -0.818884   2.256616  165.508850  0.129216  3.635695      32.336056    405.757172  136.810822   5.551352  0.808180  332.524628
49   -7.246529 -17.092304  178.431274  0.156043  4.385862      39.685196    808.532471   18.672659   5.220619  1.957636  295.210266
50    7.071770  -7.349440  181.168167  0.160547  2.355644      30.100735    446.567993  168.202347   6.648317  1.555854  344.968933
51    1.518399   4.947464  177.063095  0.136813  2.229610       5.629451    571.568420  183.155823   9.422738  0.431144  331.091095
52  -20.169279   6.117498  174.641647  0.179182  2.376296      24.057812    482.527893  173.526169   7.275291  1.539473  382.412292
53   -0.994102   3.285576  161.139206  0.134622  2.526161      37.743652    572.224365  157.461060   6.332187  1.709598  310.298309
54    0.037326 -10.194734  176.823105  0.160585  3.633551      27.526976    760.321838   74.358627   7.754732  1.533450  319.605408
55   10.522468   0.282583  151.244781  0.134168  1.956158      19.813271    722.793640  247.671005   8.553613  1.074663  333.941620
56   -2.152523   6.937513  181.879791  0.161595  3.346185      13.090955    455.366577  154.196045   8.412367  1.583970  382.941681
57  -13.733230  -8.018782  178.950668  0.152967  1.279647      14.061588    666.440308   94.155609   7.474286  1.719669  383.537292
58   -8.735199 -14.213871  171.258408  0.122775  4.826378      23.434534    976.840698  139.033768   5.326504  0.823130  284.634949
59  -24.174706 -11.855537  184.472839  0.135098  1.982913      24.476273    570.776428 -138.289993   6.056321  1.829860  407.956238
60  -15.866351  -6.797573  151.028488  0.152091  4.048618      34.473831    415.219727  196.036545   7.080751  1.120685  341.868317
61   -7.842666   5.339165  179.200928  0.134180  2.428113      16.798267    571.811890  127.890495   6.656935  1.137327  343.636017
62  -16.169655  -1.342360  143.613052  0.136179  3.782136      32.370670    761.952393   44.926918   5.496367  1.394249  321.173004
63  -10.908031 -14.896448  158.249603  0.192099  4.252713      15.303018    445.313232   10.771612   6.389121  0.351198  329.661621
64   -5.733598  -1.975095  173.160599  0.142791  3.370794       5.474108    784.726562   22.229216   7.115789  1.219462  347.900696
65  -15.682530   1.025674  170.629837  0.135871  4.940724      48.999226    413.853546  148.292221   7.727902  1.131004  313.488068
66  -25.988855 -16.824633  183.169312  0.186831  2.550681      52.027740    678.991150  208.057602   7.052560  0.656967  295.143402
67   11.031502   0.763439  157.688538  0.158501  2.288975      15.003756    473.047852  114.592888   6.412318  1.461506  367.525757
68  -12.255004  12.898370  173.595490  0.131879  4.179079      37.359421    639.579529   48.401443   5.250609  0.453105  253.468811
69  -10.032067   9.094556  164.070419  0.140786  3.912786       9.482006    648.442566   40.577255   8.004900  1.569604  376.432678
70   -9.182123  13.334110  186.435669  0.165522  4.315604      32.834957    882.825928  103.614922   7.065319  1.432233  301.607178
71    6.402332  10.728340  170.958191  0.120544  4.254617      15.886504    435.167480  219.360107   9.010886  1.751650  371.457367
72   -7.912672 -13.873414  173.274109  0.160916  4.634385      17.746284    506.356110  186.987778   5.497497  0.814184  334.118500
73    6.174676  11.919418  171.649963  0.152147  4.073133      37.006569    509.689606  -20.779362   6.987898  0.950491  289.836151
74  -26.616077  -1.905554  195.695038  0.149255  3.955838      18.744978    935.370056  194.960464   6.840338  0.933131  351.518616
75  -15.180248   4.208791  179.591415  0.145767  3.563984      39.896103    631.488342  122.465698   7.069536  1.400743  314.145966
76  -11.000395   5.402590  160.502258  0.156010  4.000757      22.664099    624.344666 -119.204376   6.597126  1.941873  358.098541
77  -20.842159 -13.616234  182.044495  0.180669  2.498694      46.254086    548.250977  111.846420   6.350075  1.756738  334.731049
78   -4.289273   5.832796  174.482437  0.131211  3.072958      19.702797    553.756287  204.844681   8.660084  1.150382  346.250336
79  -13.658956 -11.207525  175.615326  0.124713  4.958330      31.933746    775.435608   92.701614   7.425780  1.785880  320.329010
80   16.719503 -18.781702  161.137894  0.134363  3.909820      62.413834    422.973663   33.924786   7.404170  1.310741  296.643402
81   -4.970448   0.748081  184.736206  0.143757  3.562065      14.612827    655.949097   84.459984   7.249582  1.472306  347.631226
82   -9.412712 -10.947298  199.485825  0.139147  1.752137      27.234537    675.472107  169.017670   7.343255  1.779383  340.401764
83  -16.674721 -15.737487  182.733215  0.143528  3.403281      54.840714    452.064575   68.659340   7.181952  0.676274  282.688751
84    5.911088  12.383656  190.678635  0.126468  4.584166      35.703777    624.459595  175.678513   6.957656  1.103404  294.714325
85  -26.961422 -25.937935  189.847198  0.198616  3.400575      25.793705    793.088623  247.449951   7.294614  1.510605  409.338501
86    2.749041   4.532881  181.492050  0.144512  2.802034       8.412999    781.036499  162.486771   8.312681  1.745211  357.861847
87   13.150667  14.917214  188.753326  0.195012  3.336788      27.778507    730.552185  114.330330   7.663436  1.386834  331.229034
88  -15.044531 -12.580819  179.525375  0.122356  2.989426      16.227076    643.367065  150.508865   7.314993  0.715916  339.697174
89  -10.552435  -4.817696  173.484741  0.169302  1.448346      26.692411    595.631653  -30.841444   5.356950  0.914928  321.272949
90  -15.629908   6.268740  156.712860  0.132418  1.169729      11.350288    670.622986   91.806328   7.284904  0.311366  273.650269
91    9.383184  14.102899  148.888000  0.142634  4.478743      47.616333    591.279419  140.147919   6.692092  1.710588  286.427948
92  -17.743614  -4.631973  173.146271  0.152730  4.889102      10.319700    541.147339  138.838120   8.966462  1.109003  381.748138
93  -20.949718 -12.038753  180.968811  0.130412  2.897570       8.523873    603.573730   46.148388   6.943532  0.628792  367.400787
94    9.273765   7.807214  158.364487  0.152614  4.461641      27.494081    488.996429   -8.047203   7.751174  0.738689  312.505463
95  -15.647911  -8.405241  176.420517  0.142052  2.390332      63.798801    555.377197  224.183273   9.746193  1.481000  277.107391
96  -16.426706  14.968515  171.745758  0.135118  3.970382      39.785175    433.412598  153.190002   9.490443  1.319390  356.867401
97   -5.931580   7.622546  191.316544  0.143398  3.202448      64.275536    720.540710  152.476807   8.857434  1.618142  255.232025
98  -20.679525   6.438922  188.909927  0.127261  3.451943      42.761971    919.667847  223.597565   8.653343  0.819454  276.497101
99  -21.518482  -6.666690  194.304108  0.158914  1.950880      17.694195    685.732178  162.670746   8.940988  1.125125  364.045593
100 -22.481081  -8.286892  170.955627  0.170189  4.651602       8.578511    670.253479  152.770996   6.430064  0.931141  372.506470
101  -6.582952 -14.166952  180.380936  0.130120  3.277944      66.725128    661.996704  146.828583   7.124343  1.950215  262.044678
102   2.276685  11.822411  176.003494  0.169496  3.104319      34.567039    498.344879  166.685471   8.755380  1.164838  319.815155
103   0.751175  -5.526532  169.389694  0.138698  2.700304      31.583347    451.916473   75.455948   8.413713  1.205571  321.753906
104 -16.824032 -10.898185  165.057907  0.173614  3.459274       7.950093    451.765472  219.456131   8.749998  1.043362  407.918243
105  -8.401810   6.295208  193.027283  0.164967  2.311544      25.822302    517.070557  -54.535740   7.472034  0.984819  336.341095
106 -10.192853  12.488756  148.568970  0.126956  3.553785      29.369907    445.659241  124.712296   9.634701  0.508701  326.803864
107   4.723248   8.676267  188.526215  0.149053  2.794179       8.318141    434.384125  218.226639   9.415898  1.207926  392.217957
108 -21.083511 -13.313772  182.028503  0.160502  2.736962      25.962793    820.301331  206.525665   8.040028  1.043057  336.780090
109 -14.533447 -13.581229  165.369751  0.179883  3.500939      10.670175    489.029236  166.215073   8.013904  0.688228  359.543365
110 -25.404284 -14.068901  178.926285  0.150788  4.317599      50.174995    467.046570  134.818619   8.268293  0.615069  314.669769
111  12.614959   7.011614  170.984680  0.141540  3.130545       8.614698    594.975586  221.847183   6.789201  0.563353  343.964966
112 -27.691067 -11.539012  171.830215  0.151254  3.698237       8.527330    654.674683   50.861397   5.256392  1.354719  420.374481
113 -18.392248 -14.309769  181.500244  0.135311  4.467640      23.030939    954.161865  175.764709  11.449681  1.543694  346.351379
114 -19.872753 -20.362144  199.553345  0.162003  3.635717      39.514328    683.798340  203.787430   5.422852  1.985278  351.845215
115 -16.100620  13.023490  176.071671  0.148034  3.871664      26.351194    707.910034   40.987419   8.010300  0.846461  319.391876
116 -13.692464  -1.676301  181.880707  0.124333  1.302621       6.789389    590.625610  180.185272   9.584606  0.957347  373.457733
117 -20.254551  -0.092230  161.089813  0.131648  3.283597      11.516502    938.892090   -4.804626   8.224943  1.480683  373.088318
118  -5.557810 -12.073526  177.544785  0.162154  3.504959      18.502760    493.253754   55.449215   5.967124  1.643840  359.769470
119 -15.494735  14.579375  140.565765  0.125765  4.149497      49.538948    485.085449   -3.402301   6.657566  1.340488  318.756683
120  -2.453939  -1.114072  169.705276  0.127236  2.690564      38.333721    508.260986    8.861049   6.118288  0.705136  280.491241
121 -12.990689   3.013376  184.524506  0.136818  4.998663      33.458210    806.243774   84.240013   8.020738  1.848430  316.344452
122  17.117809   4.562033  187.173843  0.183925  1.008871      50.471977    954.518555  146.059555   8.104683  1.835837  306.471680
123  -7.486935   8.544369  175.840668  0.122702  4.693727       9.612919    490.469452  175.351303   7.972111  1.812656  387.951874
124   9.209897  -6.835966  189.528488  0.136492  1.727463      65.796196    506.786804  -82.648087   6.145215  1.670385  269.380249
125 -16.472385  -9.598326  182.722076  0.158149  4.202075       5.004277    736.122314  214.838211   6.846170  1.656291  388.293488
126   0.334493  -4.932998  155.510239  0.142757  1.007476      40.722565    719.058838   -2.170244   6.093914  1.476286  297.086517
127 -18.798788 -20.802128  180.043274  0.167078  3.998647      41.329624    984.695801  207.713272   9.193044  1.740425  322.504181
128  20.925943   7.102811  166.210220  0.168781  3.188499      17.379618    432.302368  190.932129   5.939680  0.432892  432.406372
129  -6.423821   3.535899  173.165955  0.131096  4.139468       9.956190    494.227966 -102.315277   5.999679  0.204157  272.013367
130 -12.644739  -8.273028  172.579712  0.136674  3.231632      37.706364    889.797729  153.913635   7.412801  1.389721  290.260254
131  -5.374049  23.507729  202.293213  0.197986  4.613735      32.258808    407.625702  239.255722   7.442998  0.641866  296.070374
132  -6.494422  -6.149789  171.314362  0.147943  3.774861      29.422401    402.894531  187.723892   6.272583  1.573418  351.965729
133  27.217207  17.717186  179.180984  0.177323  3.917229      25.658453    474.829285  223.707062   6.796021  0.270400  374.847504
134   4.833037  14.291190  181.732727  0.158077  4.013081      13.209444    547.841919  230.664597   7.893385  1.357332  364.897156
135 -15.023963 -11.194983  180.607422  0.124773  3.335467      13.086699    798.179260  125.661583   6.876770  1.859464  369.269348
136  -1.304762  -1.424204  182.500916  0.131716  3.606200      20.520399    686.750000  130.729004   8.624705  1.386320  331.881775
137 -12.518778 -13.037994  170.366653  0.139448  3.345912      28.106461    882.413696  120.705986   9.942838  1.757145  330.769806
138  -9.100306  18.261251  183.727585  0.176778  4.610518      30.886549    440.611816  214.123276   9.268936  1.361909  323.190948
139  -5.572431   3.915193  189.626862  0.142637  4.373993      21.824297    401.250061  217.075897   9.513014  1.354025  375.740936
140 -10.558669  -3.364654  128.170319  0.124610  4.278013      28.141487    787.467041 -229.457413   6.641070  1.411518  311.223053
141 -11.364385  -7.922251  168.370804  0.155284  3.379019      18.610916    577.276978  -59.263233   7.535017  1.880639  354.368805
142  -6.845212   8.872078  176.811340  0.153853  4.840154      25.734011    454.747070   -4.675420   8.647941  0.329638  277.945068
143 -24.476906  -1.099354  169.793152  0.132082  1.395066       9.682734    615.760742  237.992081   7.253431  1.707572  412.779968
144 -17.845619  20.036882  174.228363  0.181183  4.643394      32.859047    476.468567   99.900200   7.862406  1.265855  348.552246
145 -22.995724   0.078914  164.039780  0.127894  1.190933      38.150829    985.046448  248.686401   5.113841  1.851538  354.418549
146  -8.089214  19.457106  161.937317  0.178862  3.993353       9.049439    636.852844  194.990494   6.430083  1.663620  381.612091
147 -22.633799 -15.629377  164.955078  0.162669  4.901306      26.129448    895.069336   17.977705   5.165647  1.460056  323.857666
148 -19.427906  -9.922410  174.358932  0.155423  2.827587      26.956621    532.048523  223.160309   7.084923  1.833775  371.398987
149 -24.293749  -5.386023  188.291122  0.145707  1.503656      17.713100    697.779541  141.056702   9.063280  1.878268  383.070190
150 -11.582521 -11.733258  181.108368  0.144790  4.567394      40.854877    897.715759  206.219666   8.501616  0.964981  270.253479
151   3.108805   7.259215  163.554459  0.173049  2.049241      17.216352    811.411987   59.027912   7.332570  1.477254  354.726013
152 -26.146093  -1.035534  184.113327  0.149073  3.197364      20.907969    554.140747  104.692947   5.450911  0.560647  359.323364
153  -8.989126   5.655413  162.501175  0.121055  2.745907       5.789930    461.182770 -118.166214   5.197848  1.266669  396.916046
154  -1.108786 -10.341084  161.338242  0.154035  3.240296       9.657837    917.488525   94.213020   7.759565  0.833717  313.995087
155  21.530840  16.736593  186.577103  0.168519  4.001252      14.982485    556.512451  150.017517   8.416326  1.914119  401.281525
156  -4.654233 -14.357550  206.650360  0.148165  4.695082       9.925936    943.354248  224.548737   7.042659  1.472682  343.436859
157   0.448079  18.899704  188.549011  0.184894  3.974869      18.767130    830.616333  101.695763   9.743269  0.499502  260.803375
158   8.970048   0.926309  169.845993  0.156960  3.528697      13.210921    807.000061  128.149139   6.079413  1.263305  337.990845
159 -16.286152 -12.624244  179.702576  0.124926  4.023129      25.537304    408.025848  224.633408   6.365887  1.620893  378.347168
160  16.906420   3.847328  164.774963  0.145208  2.996765      41.998966    460.072052  226.740051   9.384966  0.415266  286.833801
161 -14.936525  -0.903185  177.839142  0.134757  3.328991       6.476214    550.413513  194.662262   8.873456  0.581998  352.638336
162  -1.605754  -1.969648  180.149780  0.123193  2.795007      20.038212    435.960297  132.799988   7.161538  1.914257  367.785919
163 -10.987874  -0.134853  166.979050  0.122364  3.549971      19.494293    434.187439  126.055779   7.306497  0.699694  345.894501
164  -3.779409   4.828314  150.573044  0.123784  4.711294      14.702959    763.534851  -76.656082   7.412186  1.850119  345.650543
165 -18.249886 -12.825151  171.155594  0.148635  3.919509      33.700359    610.802551 -166.513596   8.676963  1.416565  324.172760
166 -11.283690  -6.645198  187.801651  0.120916  1.637972      45.245636    700.609558  222.534378   7.796865  1.271520  278.603210
167 -12.981297  -8.511964  174.988403  0.157192  2.720112      16.239187    610.836914   43.692440   6.650927  0.651707  325.981781
168  -4.092794 -17.093166  161.441422  0.151735  4.499772      31.866203    661.153320   21.681894   6.728716  1.581450  313.739380
169 -24.914587  -5.228222  181.236847  0.132790  3.124648      40.055145    960.777649   56.344784   6.835432  0.748985  287.565582
170  13.683898   5.681254  168.830963  0.130198  3.285793      26.282743    508.899750  -35.085712   7.520332  0.332017  275.562134
171 -14.356962  17.046976  175.028717  0.168088  3.778379      62.929913    546.229004  192.474075   5.405695  1.158531  267.843323
172 -13.421288   8.802406  169.773422  0.141217  3.309330      30.894918    534.312378  169.777084   5.632783  1.700808  344.778473
173 -18.773270 -10.104298  176.779846  0.131254  3.491701      15.974363    496.747345  247.229309   7.002977  0.588291  360.647430
174 -29.905464  11.057250  169.965210  0.126790  3.932414      65.848007    585.243713  104.079514   5.989480  1.634513  327.855316
175 -10.096782 -16.155294  161.346542  0.144987  4.382402      15.228738    595.908264  223.404678   5.624676  1.168602  346.289154
176 -13.303866   0.811860  171.310532  0.134173  2.516184      30.008369    602.725342  132.817474   9.278429  0.546397  282.032074
177 -24.964224   0.743455  147.036102  0.132984  4.625251      29.808205    610.665222 -160.025925   7.685281  1.257850  351.805908
178 -29.339661 -10.151649  182.741455  0.133853  1.722810      24.977936    738.303406  194.774429   8.160728  1.405573  402.179016
179  -8.669960  -6.250387  193.192535  0.120101  2.465126      37.190586    604.697266   87.547653   6.621058  0.869110  286.568176
180  -6.838783  12.456903  199.358109  0.186435  4.402406      16.318544    808.413025  238.096497   7.341673  1.714257  340.988647
181   4.631800  -4.561316  186.634995  0.128017  3.204039      37.653961    815.773743  211.915482   8.037663  1.629004  296.288086
182 -14.140374 -20.094501  201.569962  0.146661  2.687665       7.868765    459.468445  139.869125   6.017574  0.283835  430.701080
183  -1.683900   4.753546  152.858215  0.153473  3.486448       7.961964    628.874084   28.166136   5.190176  0.563115  319.558289
184   2.227737 -17.566328  184.570618  0.159112  4.134963      18.858885    782.742920  164.012512   6.687019  1.125039  317.828735
185  -6.487707 -15.313197  175.287430  0.159664  4.923171      22.282898    640.632141  167.541809   6.697014  0.992197  313.581390
186  24.349707   5.240844  164.453659  0.138627  3.458561      72.217865    841.058044  175.203445   7.017913  1.786625  278.291290
187  -3.960511   7.293364  188.393387  0.170604  2.739915      22.845999    563.798279  139.052643   5.024996  1.063980  332.607574
188 -11.020490 -10.909592  178.302246  0.177339  2.263904      27.251911    664.072021   56.185989   8.720057  1.416335  325.896362
189  -1.117516  -4.625419  188.876587  0.128461  1.309306      21.284813    958.582031  217.397964   9.241368  0.697043  274.650055
190 -23.464043 -21.755569  176.544724  0.169215  4.143473      41.623653    898.710571  237.253815   9.025439  1.793476  332.758698
191 -28.799719  -0.938053  192.763214  0.137369  3.455348      26.081017    530.323181  248.313538   7.847066  1.912122  395.887054
192   9.674440  14.954062  168.105164  0.187074  3.609811      36.323009    559.448364  169.738022   6.563850  1.284667  302.581543
193 -13.584202  -3.588696  162.389175  0.122854  1.717194      16.603514    935.124023   71.074959   8.083095  1.731551  358.836212
194 -29.365084   7.990962  154.023056  0.128618  3.808232      11.248164    854.364807 -217.701035   6.179798  0.612983  363.518860
195  -4.884011 -10.557796  183.001846  0.123413  4.499102       7.549557    450.853973  172.497803   6.089882  1.508953  394.778778
196  -2.136832 -20.957682  180.406265  0.149495  4.972029      10.501147    736.599609  233.265091   7.067391  1.392678  346.548401
197   4.111255   9.226523  166.602173  0.150987  4.305326      45.976490    490.050812   88.721573   9.082403  1.361535  293.146729
198 -10.104413   5.141707  168.893646  0.135606  1.699667       8.182623    691.626404  -16.237373   7.032365  1.407486  371.885498
199  19.244549   7.257570  152.483978  0.155199  4.155661      22.732939    626.146667  248.723129   7.141246  1.328960  346.371826
200  -5.934426   0.285288  174.622101  0.135457  2.942486      53.901104    512.268616  171.216171   6.625504  1.732134  283.006714
201  -2.301753 -13.851517  188.767761  0.148889  3.250563       7.210616    488.949951   58.444069   5.984496  1.534100  385.297913
202  11.129164   6.272475  164.348038  0.131767  3.482995      26.095081    985.952820  209.038589   8.075127  1.435127  321.576080
203 -19.135050 -13.918151  174.305130  0.133828  3.846554      37.531616    806.776245   38.597374   7.735217  1.148294  309.580261
204  -4.256955  20.673204  167.287186  0.193227  3.725201      56.830616    631.278870  107.992821   5.732579  1.518077  274.744080
205 -10.866510  20.453192  174.616928  0.171084  4.610384      41.291405    775.231995  127.916595   7.992947  1.947300  305.463623
206   2.768785   7.596047  188.018524  0.135272  2.728603      34.667625    797.906250  211.597198   7.133598  1.280287  293.840515
207 -10.353127 -14.677628  191.868683  0.138090  4.971115       5.986112    440.548523   67.137871   6.835073  0.310367  365.408447
208 -14.827883  11.082584  184.957474  0.147641  3.795714      51.530170    527.262573  203.226013   8.540047  0.762856  272.443115
209  -5.823929  12.848495  182.955978  0.160582  4.631933      33.710964    466.841278  169.046188   8.222546  0.754347  294.559082
210 -28.104013   5.715750  171.566162  0.138977  4.153636      34.009426    673.069824  142.314224   7.062106  1.446884  371.637756
211 -18.846279  -1.559486  184.866211  0.139673  3.828678      49.997971    591.860535  115.257782   8.890539  1.740438  310.904602
212  -6.760429 -15.719363  191.432053  0.140337  4.042575      12.296792    618.353027  210.787201   8.359258  1.615426  360.086182
213  -1.674577   4.496927  174.195999  0.149660  3.560168      11.093459    527.101624   21.431782   7.106893  1.167729  357.902924
214  -8.834772  11.513384  149.419281  0.139214  1.838426      50.356476    691.247131   35.534489   7.791266  1.742769  314.591156
215   8.446521   3.952210  164.426056  0.146246  4.421063       5.907170    778.264648  -73.834747   5.912172  1.559222  356.192169
216  12.650091   6.801120  169.768967  0.130038  4.206379      49.148014    765.256226  113.722923   5.562515  0.970233  252.921082
217 -26.467730 -12.621490  184.787018  0.136998  3.942306      51.336281    513.645630  244.336487   8.470573  1.172134  330.979828
218 -16.613625  -5.761169  206.255447  0.161364  1.289711      21.727182    443.677948  189.549622   9.251485  1.497274  383.840637
219 -26.578642 -10.060216  174.906265  0.136943  3.051090      33.467888    810.372742   99.534492   6.489971  1.651274  369.448364
220 -15.001992   3.522730  192.790710  0.148137  4.053292       7.125189    860.105408  189.536484   5.390503  0.710642  314.486237
221   6.107213 -23.171419  200.944061  0.161664  4.835405      31.280378    451.945251   79.258659   6.870000  1.038316  304.594269
222  -5.076968   2.200099  172.910400  0.137302  4.795977       9.389392    847.238342   -2.107213   5.686401  1.607973  358.864319
223 -14.425282  -8.199782  166.129318  0.139461  3.300740       9.015307    955.570557  246.452591   7.309872  1.522121  355.369415
224  -6.468285  -1.897478  192.573456  0.125032  1.125327      50.033329    592.667297  202.791183   9.366632  0.941752  259.366272
225   5.319446  -3.370962  163.010864  0.125590  3.686170      49.133968    562.105713  242.665634   7.026730  1.625566  286.283173
226  -8.751894   3.692239  185.304092  0.128753  2.385147      35.839993    449.000732  196.855347   7.464112  1.038700  326.950104
227  -8.295430   1.372470  173.842697  0.150098  1.413292      35.295151    938.718018  249.609695   7.461186  1.948077  317.411011
228 -18.095280   2.720607  174.952530  0.125263  4.889814      33.776772    614.685181  118.880646   5.571970  1.757201  342.662964
229 -13.540055  -4.084216  223.106689  0.120767  3.318645      41.100941    517.538208   33.310680   5.449360  1.435205  308.504639
230 -15.981448   0.932368  189.960281  0.130011  3.697914      22.636410    520.307312  243.951080   6.515556  0.705212  326.898499
231  -2.297808   6.451308  151.700806  0.121804  4.611475      36.143482    762.187561 -232.056152   8.579041  1.472609  301.456726
232 -20.919491  -1.329560  179.043961  0.126996  2.691232      24.496788    530.320801  209.048553   6.782822  1.534104  368.895935
233   6.743072   3.630988  177.367828  0.129341  3.359251      16.357840    775.436768  101.635536   8.291750  1.510202  336.593811
234 -23.908520   8.834125  164.896744  0.146705  2.060632      36.936516    506.195251 -225.801834   7.460968  1.069345  352.430725
235 -18.617296  -4.615309  169.696945  0.134656  1.489373      32.398933    678.261230   52.488014   5.342907  1.771074  358.591187
236  10.210213  -4.067954  172.710846  0.138596  3.865424      21.272257    619.019653   51.497009   5.890980  0.679408  301.020142
237 -15.039653   7.559869  193.520782  0.173425  4.134900      23.041134    463.297607  123.632301   6.761431  1.599272  362.292084
238 -22.834084  13.257178  167.026154  0.125510  3.773546      59.932648    582.114868   -1.411817   7.243694  1.363876  302.715454
239 -21.030638  14.655331  181.436615  0.180379  3.910297      20.290033    779.430908 -142.617950   7.350714  1.413606  357.401855
240 -21.074768 -10.479407  164.097534  0.143054  4.084695      41.591858    487.726196  -81.653999   7.742445  1.281712  322.302551
241 -10.480139 -23.619549  195.904114  0.173050  3.816584      60.895954    683.875366  208.445679   7.426282  1.130815  256.934448
242 -18.728546 -17.210003  203.967545  0.158695  1.944309       6.074044    850.752319  244.208817   7.664120  0.659190  344.911621
243   7.207492  -1.281658  168.239731  0.130332  1.726055      33.331055    847.939331  118.991241   9.374939  1.378234  302.494019
244  -1.861032  14.997850  172.203934  0.177099  3.900269      27.628674    851.228394  153.398193   8.815754  1.477811  315.151947
245  -6.644711   5.788365  164.123779  0.121067  4.765666      23.674028    417.907532  228.604324  10.397509  1.197280  364.035309
246   1.722803   2.486316  167.695114  0.155633  3.243465      12.096539    564.630188   88.669113   9.257735  1.382771  360.388245
247 -11.584867   3.944428  171.107635  0.140426  1.758559      35.241173    591.799438   67.208191   5.804248  1.812352  327.234070
248 -23.604551   1.374612  177.642731  0.128782  3.040740      22.877008    490.780853   95.767296   8.115209  0.953457  381.966492
249   2.788849   2.276343  199.283386  0.124122  1.721400      26.030136    679.260193  188.352264   8.332533  1.188814  322.223633
250  -8.695228   5.895164  175.635498  0.148480  3.116835      15.488366    767.630249  159.292007   5.341933  1.416196  351.317566
251  -6.026274   7.924556  177.288544  0.140521  3.490544       7.986804    430.861938  191.985077   8.884192  1.009683  399.582886
252   0.604325   2.551690  218.478592  0.157143  1.984478      22.602669    542.792664   68.457253   6.136440  1.736938  346.411163
253  -1.983271  -3.094175  133.580719  0.141544  2.259500      24.996576    784.182129 -164.228561   7.881601  0.890960  295.053436
254   8.996503   6.169502  176.595825  0.123905  2.611133      20.184614    561.530701  223.107056  10.048646  0.796462  328.033630
255  -2.512433  -8.895137  182.447906  0.170621  2.096270      18.299328    544.056030  217.842682  11.517952  0.882788  335.843384
256  16.855247   2.514828  180.394272  0.164325  1.253044       6.893620    885.041382  186.287399   5.646466  1.892034  401.908997
257  -4.263600   4.245135  178.800049  0.123448  2.391724      34.619904    988.196899  122.278114   7.443134  1.721076  308.254150
258 -11.589538  -3.776677  148.438522  0.159708  2.463999      14.739518    416.978119  244.501083   6.851784  1.426998  421.437439
259 -11.637997   2.793760  194.080750  0.121315  3.184986      63.653843    573.214905  227.679398   9.067256  1.530069  258.590485
260  11.577046   0.279348  157.892532  0.144088  1.757717      12.521373    466.118256   88.774696   9.000461  1.087717  389.411987
261   1.228537   9.640010  177.007935  0.163602  2.844150      38.745907    733.302063  223.042679   7.750098  1.925475  315.770447
262 -17.344929  13.893808  150.500122  0.131603  2.223346      18.002831    454.110443  -18.985043   7.626105  0.244146  356.212952
263  -1.155233   2.023279  169.515884  0.120705  1.765258      52.476166    683.517212  194.054916   7.499980  1.319016  270.264862
264 -25.183395  13.821015  189.214584  0.175596  3.991258      60.175060    402.976807  202.549026   5.493502  1.017770  307.765381
265 -25.468321  -1.838928  179.903854  0.129294  3.358925      34.965698    980.828735  167.538467   5.593122  1.396672  329.966187
266 -14.157613   3.390489  179.351288  0.131071  4.914550      12.958074    481.663940   87.691040   7.055907  1.612463  381.616211
267 -11.427710   5.046277  179.497665  0.160207  4.237908      12.361544    458.722198  198.803772   6.159404  0.528226  354.492767
268  -8.392365   6.207377  155.070328  0.136399  3.749887      25.797453    463.222382  -56.955124   9.147447  1.315408  341.667847
269 -17.714083  -1.971093  180.206635  0.124694  1.929010      28.237913    667.990173   55.749504   6.535564  1.486899  344.359558
270  10.817602   9.661928  185.620102  0.170782  2.926782      12.832747    652.626160  222.356339   9.314220  0.712268  330.743042
271 -10.622432  -0.409312  182.940445  0.158635  2.467190      17.518625    483.820526  238.758560   8.446702  1.530359  370.369537
272  -3.666658 -10.184550  178.233292  0.155831  2.336926      36.525970    705.196411  190.655518   6.344062  0.663968  263.757629
273  -9.378409 -17.332895  188.584213  0.149056  3.691170      21.363096    573.956421  106.667694   6.031721  0.891608  330.056580
274 -22.316282  11.207755  173.048843  0.169225  3.515207      11.855500    504.316040 -165.843536   5.787617  1.817047  422.200378
275   8.351472  -2.845773  174.795380  0.123834  3.742297      21.970737    754.193054   77.471573   7.383005  1.024445  312.490631
276 -15.788568 -16.937080  168.079361  0.143626  4.859840      16.328625    673.169495  217.223236   8.358857  0.635256  307.289093
277  -5.925565   4.487716  175.132812  0.158908  2.781873      21.024080    484.073273  -14.340560   6.557982  0.828657  338.609589
278 -17.896742  14.468938  162.434723  0.154115  2.572794      36.925964    885.820496  149.792984   5.487176  1.296217  326.115845
279  -3.138959 -14.621122  157.757599  0.162297  2.738736      10.883771    749.225830  -14.188275  10.200049  1.015787  344.598145
280 -20.978361  -9.345399  157.362579  0.172460  3.680879       7.850132    835.147034   40.907841  10.597213  1.526786  369.371063
281  22.675495  -1.060335  179.964828  0.133414  2.555122      27.961716    715.487366  124.334572   6.228316  0.770131  325.471008
282 -19.613918   5.516556  146.414703  0.132711  4.552288      39.134769    934.112244 -237.173401   6.033705  1.779608  328.706055
283 -15.686412  -9.395610  169.754181  0.137132  3.428445      32.801262    777.799866  184.028259   6.931512  1.070077  305.453552
284   0.131449 -13.117857  152.920502  0.127833  4.298945      14.062130    919.862976 -177.621536   7.954778  1.774615  341.224915
285  -4.456458   6.976036  150.635513  0.145480  4.680355      20.557621    456.658356   70.658516   7.485535  0.472211  324.683594
286  -3.614358  -5.561648  206.030457  0.127048  4.303582      15.461666    595.046448  232.851837   8.839641  1.560800  348.089447
287 -16.108946 -10.359973  184.825073  0.131499  1.704215      41.141262    488.126678  142.363037   6.295085  0.979700  329.610565
288  -8.600312  -6.868780  152.860626  0.132770  2.131528      54.301319    463.770050  -49.235985   7.323578  1.754032  294.492767
289  -1.270115 -13.928953  173.505646  0.192953  2.476973      26.721413    414.834808  143.701752   8.906534  0.706358  356.602142
290 -25.574074   7.324449  162.573227  0.130612  4.841124      26.098772    588.592041   14.170225   6.365142  1.235709  382.617157
291 -18.566488 -12.230277  187.807175  0.139855  2.028327       7.688260    634.944031  109.978630   7.960447  1.465664  402.650238
292   4.771092   3.605489  159.044449  0.126536  4.806980      21.188307    536.732178   45.370819   6.166044  1.116065  323.435913
293 -12.840139  -9.668050  180.026337  0.154029  2.719041      55.195881    404.468262   44.124050   7.263721  1.101751  294.219635
294 -14.770184  -6.935678  174.336853  0.144302  2.470825      41.659786    752.967285   74.575439   7.119691  1.201230  295.150085
295 -24.741215  -1.351689  193.402695  0.128012  3.984885      59.986542    458.837860  184.231049   7.497946  1.992507  323.006378
296 -29.553873 -14.025953  165.113510  0.182902  4.688804      39.072845    441.345917   66.200623   7.728608  1.210113  360.192657
297  -4.631049  14.936572  164.832047  0.177683  2.871205      36.103371    899.965454   22.372042   8.411453  1.596447  316.505157
298 -15.480962  -5.920442  173.341400  0.129683  2.022551      18.276863    452.865692  121.238350   7.545339  1.823442  397.089417
299   0.267040   4.553905  152.951340  0.187199  1.112093      22.822344    714.042297   22.422619   7.379549  1.475752  357.053345
300 -10.847055   8.723620  184.102417  0.180439  2.287740      22.440010    489.600983  146.251221   9.428474  0.523861  333.505096
301 -14.731877   7.466711  168.201187  0.148036  3.036770       5.393648    475.922150  179.886169   7.642732  0.739452  389.826324
302  23.266586   2.578322  173.534592  0.160859  1.644219      20.306513    869.490051  186.819260   8.410791  0.754834  352.941254
303   2.102618   9.261469  185.270340  0.144347  2.766888      18.708778    609.381897  151.186996   6.774927  0.938661  332.283569
304 -14.235696   8.392290  149.149734  0.145597  3.278262      16.310072    792.977356 -139.329544   5.455549  1.627248  367.792175
305  -7.479430  -0.452431  201.729614  0.161542  2.490747      19.667099    441.467072  225.493027   8.217403  1.516656  371.244873
306 -22.175304  -5.415244  165.879013  0.140165  4.024902      54.653236    983.045837  203.302124   7.229316  1.665507  291.957214
307 -17.603086  -6.644740  148.793823  0.145959  3.226444      36.203262    459.020050   55.171452   5.177285  1.699459  347.056366
308 -15.052874   3.598656  183.426575  0.131549  2.431784      16.554008    607.207825  200.668884   8.045525  1.242132  361.151886
309   7.662870   9.388414  192.087143  0.159109  4.183455       8.495080    797.517639  194.360703   6.996145  1.466057  356.209412
310   8.190882   4.223545  179.267548  0.122420  3.034130      13.240039    846.502808  172.545822   5.966746  0.875368  313.947662
311  -9.782943 -13.186677  194.723938  0.152318  4.986411      12.124130    409.531464  154.890091   7.092669  0.360893  406.948303
312  17.965374   0.229944  179.081299  0.129140  1.183582      51.393898    795.331787  168.382950   6.007309  1.931443  300.168945
313 -14.988440   1.757538  188.171768  0.159912  2.032704      15.074640    754.370239  110.433014   7.987165  0.729818  322.344971
314 -14.187215 -14.489614  178.937622  0.137402  4.968640      21.946173    566.955200  163.705185   6.801710  1.554737  344.912079
315  -4.222548   9.799541  166.578796  0.150518  3.769644      36.424946    786.355286   41.789516   7.658935  1.838572  312.357727
316  21.360004   8.171680  181.744324  0.190435  1.978673      32.480690    535.327454  212.099152   9.061240  1.032438  361.270294
317 -13.080393   4.342822  177.314804  0.154988  2.183287      65.924324    448.645355  165.986038   5.626898  0.847406  256.698883
318 -19.914875  10.567092  172.274796  0.133872  2.968925      32.802464    497.865509   47.005184  10.455100  1.164040  363.335876
319  -5.244601   9.222618  167.644485  0.152334  3.776741      44.951923    406.349731  180.866943   6.789115  0.704534  285.637115
320 -25.462044 -10.029345  170.258575  0.141673  4.119520      15.498266    660.458252   -3.726842   6.197176  1.200285  382.108276
321 -13.285697  17.691662  178.895859  0.156465  4.729548      24.258354    525.376038   66.306885   6.116351  1.144234  337.775177
322  13.212436   4.995025  162.995514  0.150396  2.521428      24.380873    484.259430  151.251572   7.267537  1.306715  359.736084
323  -7.278919 -22.650141  190.130859  0.166055  4.086941      33.315533    548.353638  246.503372   5.826495  1.653182  325.869995
324   3.796841   2.049011  181.834167  0.137659  3.723855      37.513771    690.548645  223.242386   9.527189  1.385858  296.453766
325 -20.962757  -5.776054  167.395157  0.130269  3.700815      22.063725    768.583252 -116.173271   5.800953  1.654891  355.117340
326 -11.233954  -9.063921  167.455902  0.123949  3.238501      35.462440    673.807678  200.441376   9.086002  1.631586  314.553711
327 -27.169441  -3.887301  188.221375  0.140157  2.210047       9.171245    875.460510  120.601845   6.776148  1.513275  398.806366
328 -13.996677  17.767691  163.631622  0.186281  4.716886      12.308928    499.644531 -159.163025   5.769325  1.011971  381.867218
329  -4.631234  25.673748  137.139526  0.133986  4.604567      68.540154    463.144562  204.089554   9.008856  1.233814  286.177643
330   8.101379  11.859980  202.107101  0.125243  4.050202      10.044515    675.013000  148.144409   7.816013  0.972298  353.493164
331   4.669023  11.383517  170.403381  0.137781  4.244063       8.129357    576.109680   50.963947   7.600488  1.668438  372.359589
332   1.147396 -12.592634  179.717316  0.147270  2.492574      22.725456    633.487732   68.945351   6.694642  0.935753  316.554413
333 -20.027771 -17.190786  180.598907  0.129387  4.945479      39.904144    772.719666  246.186859   8.506131  1.278670  315.919403
334  -7.600671 -12.131176  192.069183  0.131899  2.198951      49.824505    431.916534  105.613991   5.248730  1.914714  314.936615
335   2.636653 -22.127592  165.207672  0.184996  4.172602      38.652039    965.168030   97.175873   7.196370  1.051087  263.815796
336  -5.629015  11.660051  176.023529  0.166118  3.295804      18.027514    557.260620  171.711563   7.439178  1.407084  353.093231
337  -2.457016  14.909471  148.488998  0.171320  2.745657      44.321373    542.067261   57.149952   8.955084  0.914417  304.436127
338  -5.452956 -22.820435  185.278198  0.176557  4.070912      10.738042    849.827271  186.446548   5.181953  0.692612  294.799316
339  -8.586112 -12.652238  168.321060  0.149958  3.206470      22.496309    504.351959  104.255936   8.605501  0.856500  334.416473
340 -15.143344   1.551353  186.165939  0.127207  3.436548      30.111357    552.991760  180.328476   7.556234  1.604394  343.026093
341  10.052091 -10.660856  175.721298  0.166102  2.162191      17.818674    907.278992   52.377079   8.266951  1.043222  329.130493
342 -19.219816 -15.835079  178.870621  0.193945  2.845760      50.456779    545.637146   28.095619   7.814137  1.175824  311.037048
343  -6.081842  10.006242  163.496613  0.162114  2.152323      57.650967    558.258301  -32.398567   7.117971  1.127748  276.859314
344   2.318005   6.807123  149.282089  0.124130  4.823577       7.236745    425.786041  108.958092   6.676871  1.043418  401.642120
345 -10.441711   8.315074  181.207306  0.159585  2.559281      62.506557    751.160156  112.604698   6.310522  1.487604  261.279297
346  11.940740  -0.657224  155.958481  0.174410  2.440584      14.327380    648.684509 -155.425339   6.221688  1.829857  367.773621
347 -21.390255  -9.714608  170.144089  0.183817  2.851348      26.941338    463.426147  -16.291946   5.779038  1.066877  366.626556
348 -14.060265  -3.044343  180.812164  0.146863  1.897472       9.753633    920.464844  192.600601   8.990154  1.384263  349.833191
349 -22.068502 -17.444649  187.498657  0.167631  3.225386      15.057085    448.164001  201.693939   8.693997  0.721990  443.111206
350  -7.767448 -10.510433  185.708740  0.187810  2.588924      10.065285    963.154480  229.246033   6.366360  1.842131  365.437927
351  21.308514   1.064861  176.359390  0.158965  1.831595      38.111362    744.012512  157.292984   5.114679  0.896944  308.979065
352  -2.440954 -14.907138  176.426514  0.136377  4.427609      14.843431    455.533600  158.273926   7.826070  1.110282  363.626678
353 -13.685464  -6.684835  200.597275  0.160717  1.809400       6.018713    794.021057  192.264954  11.016857  1.137667  362.031067
354   7.444651   8.432641  170.929535  0.166866  2.775073      21.898098    809.283630  167.591492   7.525103  1.697214  343.803253
355 -21.064985  -1.548493  174.090042  0.123723  1.989932      27.465219    767.022888  157.845230   8.267606  0.678012  307.179138
356 -15.556306   0.372004  180.531448  0.141879  2.720126      36.195110    448.145660  193.168747   5.509555  1.074432  325.609894
357  -6.853820   5.285588  173.497849  0.122198  2.357853      31.252197    745.580688   61.839706   6.795754  1.689319  325.892303
358  -8.031804  14.581190  166.975800  0.124554  4.576854      33.478619    455.182343  186.428024   7.868993  0.579423  311.402466
359  -2.046091 -21.813457  190.761215  0.192249  3.785504      27.349957    684.350342  246.626099   5.456506  1.381127  309.194244
360 -24.411661 -14.029344  167.916946  0.156414  4.912625       5.615892    775.479980  216.696701   9.767257  1.850744  400.613159
361 -27.000711 -25.788555  181.822250  0.191451  4.814643      20.103947    483.522247  167.755020   6.928654  0.843337  411.395905
362  -8.831430 -22.275852  162.307358  0.186715  3.822085      52.545177    608.891907  119.700935   9.070136  1.556601  279.246063
363 -22.961084  18.509268  173.915955  0.167341  4.984910      12.266926    853.958435   41.127724   6.724791  1.379737  382.746429
364 -28.502991  -8.028512  170.543365  0.128301  4.148591      53.705761    439.195465  224.447281   5.073280  0.270806  276.161285
365 -24.291172 -14.567631  184.489532  0.162304  4.502655      25.045046    931.656067  244.950943   6.117073  1.475390  360.996063
366  -0.969257   2.780324  155.535400  0.143201  4.314053      40.771858    406.504395  -31.444857   5.605556  0.976434  312.764954
367   1.428568  -2.254229  182.047058  0.150284  1.526780      15.408232    691.700989  241.170715   7.164286  0.938417  324.585938
368  21.319565   8.812583  181.477524  0.193607  1.999728      18.572407    589.325195  166.299835   5.897508  0.679289  376.823639
369  -5.901243  17.501188  202.772369  0.162052  4.911147      33.259392    416.269531  233.847443   8.108781  1.451867  321.605774
370  -6.579973   4.786519  164.285156  0.132184  3.243595      14.681564    400.594574   52.642246   7.598442  1.614602  421.566010
371 -15.748191   9.052329  174.695297  0.139666  3.172226      45.635639    852.623230  202.315735   8.951480  1.890870  312.585388
372 -17.029654  -8.850843  181.682388  0.120214  3.202418       9.106865    816.099548  -35.082520  10.156812  1.701888  376.197235
373  -5.023999  10.491914  159.908035  0.135757  2.581615      19.367725    651.134399   88.042038   8.223953  0.786647  328.891327
374 -24.265165 -13.570116  163.093719  0.148108  4.163026      44.840691    427.312317  196.673553   8.229673  1.743440  344.721680
375  -6.854026   0.081554  176.937164  0.144836  2.098236       7.220024    967.711182  121.451233   5.854313  1.026234  335.737305
376  17.138460  16.942123  217.600082  0.145580  1.935405      36.477573    416.997589  247.887131   5.913937  1.382794  387.596222
377  -4.181258  -5.293406  193.388367  0.138898  2.839303      28.191549    778.907898  135.265335   6.190881  1.194396  307.306671
378 -26.186129  16.024828  172.586029  0.141288  3.538590      53.870815    821.042053  211.571426   7.675088  0.555886  276.596924
379 -15.963133 -11.958170  173.201080  0.184832  2.118270       7.911569    573.923340  116.992592  10.386861  1.346452  411.473755
380   9.620291  17.161669  191.411667  0.136443  4.772411      19.812519    505.083893   29.361301   6.090658  1.507200  351.635925
381  -1.618922  16.709730  161.897598  0.173467  3.710695      23.826258    448.583191  182.622116   5.960862  1.621591  350.096741
382  -2.435030  -6.118579  167.501038  0.122303  1.519254      51.033234    674.475098   93.959435   6.399301  1.279863  268.971069
383 -27.746773 -10.184753  180.550171  0.131401  4.107503      21.483521    752.417969  237.821579   6.966084  0.965387  361.516418
384 -17.445200  -8.099806  188.984680  0.157782  2.076552      24.687199    414.539612  158.127533   8.446328  1.797691  383.343536
385 -17.874994  -5.975438  179.416489  0.141711  4.450780      15.339138    484.319183  179.635254   8.089731  1.036461  383.181976
386 -20.513174  19.136271  159.185074  0.161930  3.081885      69.520432    861.617737  105.773239   5.057695  1.841729  301.541901
387 -11.870399  -3.356433  141.733063  0.133008  2.139263      51.346382    483.028320  159.907486   8.869046  1.561715  304.645691
388  -9.506776  12.392744  163.462631  0.135050  2.839484      35.140263    772.459106   60.146324   6.677269  1.352834  320.498077
389 -13.370947 -23.862377  182.196365  0.197288  3.684307       9.739877    496.962433  140.804016   8.493709  1.501439  388.013245
390 -22.063635  -8.108223  184.335205  0.127976  1.807379      61.744473    473.026917   87.949173   8.129844  1.960486  302.631592
391   1.818705   6.778131  152.388123  0.135294  4.157795      41.079346    713.144775  137.126663   8.634172  0.783387  254.221619
392 -12.504575   0.183351  176.483185  0.142951  2.994363      28.483604    549.428406  206.412125   6.769498  1.792560  341.049652
393 -21.102270  -2.971189  154.792160  0.145923  2.194168      53.046909    524.529419   23.310207   5.944286  1.831931  331.060791
394 -19.699837   2.694621  151.926178  0.122894  4.524012       7.006599    488.044769  183.984741   6.059868  0.528476  385.766663
395  -4.479019  10.647781  177.669464  0.129918  3.659573      11.702395    579.681580   75.558723   6.750006  1.318681  365.877441
396 -15.681784 -16.102917  179.916946  0.158528  3.237714      19.053785    631.201416  -49.257065   7.382205  0.453512  304.043732
397 -24.916279  -7.219654  185.227798  0.174713  1.649277       9.189496    468.628448  234.522110   7.456623  0.510874  426.541351
398  -2.319418   4.487486  176.319550  0.130151  4.440577      24.897346    463.198944  121.114716   7.910464  0.876592  331.197998
399  11.727199  13.456985  204.087936  0.179554  2.258608      15.357238    737.558655  244.152313   8.222677  1.692154  378.154602
400  -5.706754 -18.089537  175.470856  0.135954  4.878031       9.474177    419.016174   68.764603   9.100179  0.205340  356.666351
401 -18.498196   2.486762  148.868439  0.122781  3.964338      22.302006    620.177551 -129.642273   7.286652  1.636168  356.900482
402 -12.612944   0.854903  190.446030  0.128932  2.718637      11.812985    491.798187  149.940613   7.673412  0.926312  374.784271
403   0.338012  12.418509  142.475388  0.167032  4.828377      23.956484    436.180481  142.120636   6.399444  1.530302  357.562195
404 -17.520346 -21.268465  191.666702  0.190142  2.880884      24.388744    423.733551  106.732651   9.521691  1.477436  431.177948
405  -2.168397   5.852479  166.422348  0.143263  2.982927      55.300056    582.744080  222.268921   7.782454  1.390711  271.763733
406  -0.813562  12.543704  173.461685  0.142426  4.092041      42.633865    499.078949  200.779999   6.093161  0.959815  290.032196
407 -13.726294  11.539512  179.814728  0.167655  2.863589      24.911930    698.909912  243.723877   8.134046  1.270253  342.360809
408  -2.384285  -8.648232  173.317001  0.134522  2.672971      31.074099    955.215576  148.439957   9.590184  0.957450  275.096039
409 -22.203148   9.522170  131.173187  0.141009  2.426373      16.248310    671.574280  -73.569061   5.140870  1.250254  388.303772
410 -11.413137  13.536546  179.114639  0.147028  4.084029      13.435647    472.642731  189.256378   7.840241  1.919401  387.891876
411  23.440952  -1.869457  181.209076  0.132583  2.052640      14.008446    514.751160  115.413498   6.606856  0.451192  357.760345
412 -11.034799  -0.333693  178.880157  0.156064  2.487949       9.131854    495.133728  243.120956   7.714156  1.927374  386.276886
413  -7.288218  -0.230287  215.431473  0.127647  1.774561       7.663063    813.946472  168.706009   9.175184  0.955645  343.553833
414  -7.574169   5.662629  149.479813  0.121563  2.357414      10.625155    949.546570   36.490704   6.001330  1.999097  364.018890
415 -22.689428  -3.365550  158.166443  0.162480  3.686776      28.741341    741.267944   -6.365708   6.611409  1.509483  343.893341
416 -21.698334 -24.338118  193.356323  0.171880  4.448559       7.921058    876.433350  201.608109   6.338552  0.975533  383.980255
417 -14.995096  16.554171  166.090118  0.153249  3.982796      29.724405    557.921265    5.593626   7.037201  0.619770  307.230530
418  -9.500827  -7.616549  200.454422  0.132810  1.622413      20.759995    601.615723  246.316635   8.167626  1.432968  342.712646
419 -13.839200  18.680319  157.236740  0.155684  4.315536      10.275452    817.396240   99.139542   7.637060  0.833698  350.937134
420   4.986856  21.480524  178.238525  0.199760  4.219493      29.716850    407.921844  230.653839   7.929005  1.652375  338.954987
421 -15.209878  -6.025498  151.823380  0.132537  3.085388      32.687908    597.829651  109.558563   8.704254  1.281932  321.613586
422 -15.261588  -2.653455  190.411606  0.145056  1.278380      25.048826    989.304443    5.994627   6.896650  1.220154  316.647369
423  -7.405948  12.425922  146.266113  0.150933  2.390388      25.408400    619.656616  169.060974   6.307808  1.457691  347.023468
424 -23.671333  17.215603  173.549988  0.155100  4.700942      33.910870    871.816223  156.181046   6.755813  1.206599  333.713959
425 -15.008507  -8.692683  174.294525  0.169428  1.736238       7.367480    880.806885  147.986160   8.294183  1.689798  383.794312
426  -5.997960   8.599990  176.805527  0.182434  2.311704       9.157723    434.599426  205.117584   9.520903  1.514491  410.631836
427 -12.605889   3.407530  150.760864  0.156806  2.162560      25.073294    411.200897  180.711487   7.570982  0.789021  373.031830
428 -13.233525   6.777765  155.871216  0.141582  3.423445      25.225492    927.198486   -2.641111   7.254191  1.595993  339.012695
429  -9.688005  -2.323459  154.687485  0.144260  1.510641      23.023842    572.366089  -25.756754   7.395031  1.735448  355.871368
430   9.235084   2.904938  175.079346  0.132844  2.576354      13.186877    406.904114  175.278793   9.019306  1.793244  435.308197
431 -14.496719  22.130709  175.111862  0.189983  4.950490      30.279905    747.246643  -49.417301   8.944479  1.367165  309.951599
432 -25.496254  -4.935946  168.804108  0.154730  1.883731      17.517879    459.364899  185.683960  10.697684  1.780084  440.172028
433 -24.034275   6.856013  166.233444  0.142131  2.623599      27.958511    593.945129  112.422691   7.113091  0.392065  309.272766
434 -19.598433   1.664840  172.425873  0.122844  4.238067      46.708508    787.712463  196.588821   9.480472  1.590947  309.748932
435  -4.501157  12.784925  168.473953  0.156129  3.138903      17.591452    770.605347  178.272064   7.610785  0.485364  275.917969
436  -5.130999 -11.222831  192.693008  0.153097  2.880278      27.191391    410.753937  180.834671   9.445556  1.234131  346.980896
437  -5.110356  -7.334968  175.694046  0.142733  4.518117      22.622066    422.328979  -31.788683   7.214393  0.735027  351.398438
438   9.734511 -12.359168  175.052307  0.146881  2.369710      24.757126    930.098877   96.077530   6.007114  1.237883  323.204071
439 -14.828800 -23.014244  193.042175  0.171355  3.797364      10.548393    491.771637  218.362976   6.822053  0.250403  350.925720
440  -2.497497   3.415880  167.156052  0.166660  1.080156      15.599273    461.771698   29.992212   7.358047  0.773888  374.136230
441  -8.946092   5.772655  174.965103  0.134620  3.086506      13.137310    508.518677   82.166969   6.528634  1.045660  361.141541
442  -4.410848   7.718757  173.019897  0.130045  4.431778      46.318039    811.165100  -34.302975   7.348890  1.854651  283.436432
443  -0.857390   3.380348  167.411011  0.163081  3.645411       7.192989    446.869110  218.857452  11.043262  0.852471  387.933105
444 -15.157709 -18.718185  180.058044  0.160740  3.656666       5.151912    512.678711  246.951569   6.380841  0.421166  355.560181
445 -16.136377 -24.428997  200.644928  0.155264  4.239448      44.405952    670.972351  181.616714   5.923006  1.953307  335.111664
446   6.264068  13.320828  184.716843  0.160539  3.846958      30.377251    467.223419  136.613892   7.998576  1.127968  323.967255
447  -4.131711  12.618458  188.587296  0.153026  4.077685      24.173309    820.709290  134.393387   7.992136  1.201432  303.195282
448 -23.305079   8.511003  166.462128  0.131334  3.838139      13.391532    588.770630 -180.210388   5.401874  1.522904  395.910126
449  -9.638165   7.640486  176.362534  0.153126  2.700281      35.675026    624.700195  144.189972   6.268980  1.778336  328.162048
450 -16.906036   1.309839  196.524139  0.153548  3.322310       8.274454    427.070404  199.572021   5.721373  0.215140  422.527893
451 -13.164823 -10.301768  179.876572  0.131870  2.369110      31.788645    525.403320  109.221313   7.778579  1.175764  329.992371
452 -22.205370  -9.495590  166.715790  0.166390  2.538963      22.615627    763.619141  226.604996   8.908175  1.972293  376.059601
453  -2.816126   3.956961  173.488434  0.188831  3.256639      10.961352    436.607574  133.320618  10.219472  1.772644  394.520355
454 -19.390463  -5.568267  166.711517  0.124302  2.840742      21.509445    802.883118  248.083557   7.122946  1.673563  364.826569
455  14.087805   6.818162  149.801132  0.135411  3.780905      30.392906    686.406738  204.029724   7.148562  1.160388  307.601868
456  -6.577353   2.258769  170.142624  0.130979  2.144961      15.963992    451.904907  243.343460   7.026828  1.385398  377.428375
457 -29.989819  -1.252401  163.314331  0.145635  2.880468      24.914549    617.410461   52.614132   7.122608  1.798845  398.425812
458  -6.417896  -6.857398  148.187805  0.121416  3.418850      31.054512    530.677551   21.448822   7.467587  1.111130  315.159241
459   1.377911   1.011220  174.309189  0.155759  1.602557      38.920696    726.361084  182.963226   9.823863  1.537427  301.501312
460  -6.067199  -7.901892  164.080734  0.183322  2.230395      14.617110    480.173950 -237.703751   8.019026  0.798276  358.972565
461 -16.941334  -6.124956  174.982178  0.127109  3.274313      28.282295    659.507935  143.025970   9.395229  1.394347  341.809204
462 -14.749520  -5.670645  193.611282  0.135546  2.154369       9.240292    731.383240    9.444077   5.990539  0.555053  312.653137
463  -1.061388   0.960995  185.037903  0.123861  2.236121      25.345583    762.676025  236.102615   7.983983  1.531860  317.105469
464 -11.273685  14.023484  159.963470  0.138156  3.677203      30.524231    739.611023  109.176315   7.007024  1.690016  339.832245
465  -5.389979  -1.144539  164.037582  0.148426  4.833381       8.916260    742.581970 -150.167786   7.682026  0.681976  313.031677
466   4.805464   4.343702  170.909988  0.175370  2.508363      17.556181    940.647522  155.923447   7.005808  1.365315  333.719971
467 -29.401291   6.027668  155.883789  0.121187  2.396933      30.981407    607.496399   49.929146   9.257692  1.815771  406.552307
468  -2.735793   6.981738  173.149414  0.137719  2.395922       6.826921    831.198730  115.429085   8.319865  1.162993  350.965271
469  15.238260   0.449993  179.475037  0.148144  1.188674      21.118073    433.376251  155.264404  10.426090  0.221643  347.550537
470 -18.340380  -1.907675  164.342728  0.134363  3.709392      10.816530    574.989502  194.621902   5.634188  1.822553  392.851624
471 -19.399971  -3.407692  194.890518  0.142986  3.675884      36.459255    683.454895  203.113342   9.293450  1.816843  332.925262
472 -14.758398  15.734138  161.362778  0.138181  3.454143      46.131783    763.873962  170.587280   6.867793  1.102872  301.103333
473 -11.716988   8.577155  178.112595  0.141638  3.251147      27.781895    818.594666  180.747375   7.229157  1.213484  309.832428
474  16.755026  16.395525  189.411240  0.164166  4.090527      17.934973    474.449402  112.234222   6.920785  1.852779  382.767395
475 -24.246723 -17.813311  184.092010  0.172534  3.987821      39.763199    716.135010   70.229729   6.861761  1.537379  341.566193
476  -4.824387  -3.484223  173.902893  0.127838  1.851081      19.064253    895.287781  -40.924206   9.015211  1.353560  327.533661
477 -17.904020  -5.564034  172.590439  0.133835  1.680041      23.478548    687.530273  149.083862   8.039634  1.254788  351.988922
478  -3.279765 -10.643055  181.627213  0.134983  3.408139      14.873752    407.784363   15.546412   8.945798  0.774337  403.803528
479  -6.750770   7.163332  168.151611  0.135899  3.665993      20.293888    638.868530  249.407654   7.463035  0.732237  304.327545
480   8.598954   2.892851  180.716202  0.153221  3.599146      11.713511    696.125366  210.218170   6.942016  1.337570  355.891998
481 -16.952398  11.501327  160.805984  0.151767  2.115473      67.607025    938.542908   63.074432   6.746180  1.244891  255.131851
482  11.229516  16.028929  167.378281  0.153738  4.649382      15.044536    417.253235  214.445175   8.624182  0.255755  331.484253
483  19.128605   8.452056  185.478394  0.128048  2.346914      21.365412    971.239319  153.959686   9.062827  0.458779  276.984772
484  -6.333076  14.787491  173.814301  0.131405  4.312133      13.320265    862.663757   87.427841   7.070204  0.934682  323.139771
485 -20.577303  -4.695613  155.057266  0.164057  3.441598      27.251352    647.546814  147.094589   9.979358  1.354571  333.937714
486   5.480567   5.805229  174.924728  0.156180  3.487451      21.138659    767.136353   85.148880  11.053795  0.794017  297.306793
487 -15.106782 -28.905443  179.988007  0.186835  4.832129      19.902349    756.230896   82.322868   8.329689  1.944976  348.219299
488 -20.595871 -11.935618  172.402908  0.154627  3.682763      13.810928    503.326569  240.139206   6.306461  0.289425  332.242004
489 -23.689096 -14.427453  171.916306  0.189820  3.148690      24.758808    794.848450  103.825485   6.570408  0.857068  332.801025
490 -11.879024  11.768227  165.736877  0.127201  4.051301      27.610071    411.336700   73.029701   5.528589  1.130119  366.085938
491  -5.088196  -3.703844  176.209885  0.148008  4.960419      18.735340    583.905212  211.377441   6.879670  0.813413  320.677460
492 -10.525834   7.248001  158.664871  0.127257  3.986953      33.436874    449.551758   15.781634   6.572626  0.611608  316.478485
493  -7.203546   8.938780  172.608871  0.153828  2.380024      65.213242    540.414490   88.525574  10.759849  1.767600  276.052643
494 -15.625440   0.955990  184.962296  0.124530  4.548908      19.356489    925.368835   98.791176   6.052136  0.972807  316.724762
495  -0.668849 -12.676413  163.542358  0.173366  3.136368       9.023836    727.913269   81.029282   8.695355  1.271372  341.701233
496 -13.443257 -15.362683  176.132584  0.159656  3.854765      27.233559    819.384583   36.641853   6.245202  1.314073  319.755188
497  16.920687  -0.909354  165.211182  0.166253  2.317390      19.342810    785.994202    6.904496   6.183179  1.551478  350.537048
498 -22.038527   5.764222  151.481613  0.122431  4.300555      13.523971    755.728821  -12.072308   7.783771  1.445175  372.231628
499  -9.140697  25.748505  144.239334  0.185799  3.187157      10.512611    553.000916   11.896378   6.122073  0.487265  387.632324
500  -8.729774  -1.710859  191.584183  0.143390  2.167448       8.599122    410.987854  200.328568   6.328871  1.868075  418.675720
501  19.009253   0.915224  189.031662  0.154843  2.884661      19.092274    477.809082  247.214661   6.834555  0.905210  378.984802
502   6.204759   2.995156  159.471420  0.143957  2.832976      19.751095    645.248230    2.544646   6.447151  1.219144  337.043640
503   2.791761 -11.313175  152.655884  0.127187  2.974036      54.825886    651.907837  -65.064796   7.383515  1.200745  257.898376
504  -3.123307  14.836009  165.370178  0.144810  3.709454      11.938236    510.056061  213.402206   9.217111  0.416568  328.799377
505   3.784858   6.540405  172.002991  0.160320  2.969776      14.683622    659.738159  136.433029  10.550434  1.529443  354.342682
506 -26.685932   3.486429  182.395996  0.158169  3.174281      21.188406    554.179077  153.858994   7.498263  1.332589  387.774506
507  -5.062182 -11.069414  177.287643  0.151446  3.286272      21.696802    524.751404  146.454926   5.489610  1.384652  335.081635
508  19.921791   1.165938  146.894745  0.165504  2.885531      16.986094    493.570953  238.830414   7.758714  0.898678  383.712708
509 -15.483200  -3.181888  190.400787  0.144227  3.934870      41.196754    493.379608  198.978882   7.547271  0.729698  298.665131
510  -7.783228 -10.944515  175.156433  0.126216  3.818598       7.988919    452.658997   42.600166   9.431740  1.015296  381.497314
511   0.227634  11.078112  173.436401  0.155788  2.827883      42.981331    429.766449  156.884918   7.245084  1.794761  327.699097