            lon        lat         inc      D1AU     delta  launch radius  launch speed    t factor       B1AU     gamma         vsw
0    107.934143  18.553751  131.459930  0.290616  2.718670       6.980518   1025.660156 -196.045181   8.155537  2.779275  147.192200
1    107.155983  23.804064  135.957855  0.344763  2.430120       7.334020    864.765869 -181.708618   7.925535  2.546916  253.712372
2    112.499893   9.260118  140.799881  0.332672  1.241367       5.837646   1191.080444 -133.618652   8.964737  3.779005  194.076569
3    119.214935  10.807079  124.271706  0.295393  2.699098       5.912854   1221.627563  -97.336121   9.099857  3.657654  158.265335
4    121.984680 -11.366173  134.112747  0.263880  1.874726       5.717017   1114.540405 -136.533005  11.120941  2.497295   70.741562
5    107.730019   9.283922  139.434769  0.288586  2.250843       7.601241    776.488708 -135.101700   8.057063  3.197004  180.344131
6    117.494621  22.457481  121.688652  0.277795  1.149849       6.010309   1334.692017  -92.361328   8.525787  2.704539  105.767708
7    116.432777  28.633213  113.857353  0.319849  1.014511       6.819811   1275.221436  -83.090416   8.565928  2.127934   52.169437
8    117.535133  24.886929  122.261848  0.223122  1.353267       8.251265   1072.322876 -157.179092   8.643502  3.498271  102.166405
9     98.602882  27.525427  147.828888  0.226981  1.267119       9.773623    912.907654 -208.093170   7.946633  3.356484  276.555115
10   113.095619   0.712239  105.157631  0.279933  2.960452       6.630751   1131.371948 -134.367264   9.027243  3.634387   50.177895
11   111.790367   0.018567  129.690964  0.327484  2.907263       6.381297    823.475281 -176.513397  10.149358  2.463983   80.871834
12   102.853867  29.808346  141.533798  0.253213  1.305635       7.379835   1056.107910 -103.123741   7.521024  3.601115  372.472687
13   104.925468   0.731409  122.683937  0.267353  3.216567       5.313163   1395.269653 -142.428421   9.222335  3.620252   99.640236
14   113.147736  34.452614  124.611069  0.346544  1.040187      10.070717    972.641235 -123.720634   8.111883  3.456331  211.109940
15   118.886421 -12.009862  114.729286  0.331191  1.416712       5.520852   1512.287598 -103.505157  14.271185  3.273121   96.078064
16    99.157631   5.649238  142.945923  0.282653  3.067389       7.123448    991.429810 -245.928146   7.767097  3.542494  197.943634
17   116.464668  28.974684  119.271111  0.289933  2.404139       7.311742   1002.820679 -197.396545   8.548644  2.130775   93.790657
18   114.171738  -0.341218  116.982750  0.313041  1.564318       6.012681    951.553040  -95.166237  10.387448  3.351526  147.537323
19   121.285713 -15.239788  103.476875  0.310885  1.451657       7.999961    881.220581 -125.511467  11.584904  3.211961   61.714104
20   107.868324  17.137297  126.556755  0.326733  2.841692       6.271182    903.472168  -85.308403   7.798459  3.690950  272.564178
21    98.146576  39.617592  141.809921  0.324793  1.215851       7.362488   1688.640137 -200.048431   7.989406  3.260794  507.716431
22   102.651909  -9.047606  126.317009  0.342059  3.481252       6.705930    748.284119 -113.548111   7.224531  2.715611   98.451927
23   119.231934  20.986940  124.026100  0.323667  1.318792       5.448241    719.614685  -59.513287   9.675403  1.253125  218.644638
24   119.583435  -3.161103  110.069984  0.305620  1.695389       7.176098   1063.669800 -173.621658  11.695578  3.499141   64.586609
25   103.231735   1.845942  139.225006  0.240531  3.270423       7.965280    713.026794 -156.501205   8.030962  2.098071   66.575272
26   109.170921   7.184340  143.498932  0.263762  2.315314       5.759689   1637.196411 -202.880295   9.324890  3.781367  128.837097
27   104.596519   5.372501  115.130707  0.275096  3.521148       6.219380   1130.554077 -113.135826   6.280211  3.436942   79.190453
28   102.022278 -17.059431  123.280144  0.314661  3.600213       5.180836   1047.866699 -116.539207   8.581143  3.168914   85.035805
29   102.474495  17.788622  130.546143  0.317548  3.673406       6.828393    947.333923 -231.711182   7.200734  1.712500   73.564667
30   116.401894  15.727618  134.515396  0.212125  1.357490       7.512471    891.420776 -124.843407   9.326657  2.695207   72.663559
31   107.903061  12.859591  119.274170  0.303443  2.703515       7.202321   1097.011963 -170.522415   7.692050  3.728390  145.788651
32   118.871452  -3.194676  109.636559  0.330320  1.304558       6.994009    886.335754  -86.485222  10.542447  3.177980  127.584633
33   112.901901  -5.623785  130.174530  0.326571  3.064545       5.093765   1059.416016 -184.954971   9.756272  2.468714  110.507271
34   103.948540  -7.607014  126.643005  0.295976  3.528918       6.659954    991.263977 -141.006271   7.181624  3.287401   78.914429
35   108.690681   5.027519  127.864792  0.248822  3.012336       7.841830    977.175232 -176.949432   8.967479  3.973979   70.445068
36   106.838631  26.422812  136.724380  0.254874  1.299411       8.852368   1002.842590 -167.193420   8.178649  2.489496   94.749359
37   106.107292  -3.974621  117.061150  0.277603  3.218452       5.953473   1558.068481 -173.348572   8.702716  3.713234   56.663986
38   106.401772  -6.923562  135.152954  0.349491  3.856487       5.825397    832.388672 -170.672943   8.250613  3.136576  149.561264
39   123.034775  15.985508  114.045479  0.330354  1.397725       7.834356   1134.957275 -107.159225   9.913896  3.510612   61.097336
40   109.995773  -0.977926  126.856499  0.329372  1.841676       6.807929    775.069092 -108.505608   9.361438  1.819770   60.316566
41   118.522575   9.773379  125.688164  0.269593  1.124125       6.148469   1189.592896  -87.240417   8.927219  3.159286  110.685692
42   112.462921  25.810158  130.828857  0.235519  1.128551       7.738722   1280.255371 -190.537811   9.923397  2.796824   73.616096
43   118.945709  15.521393  126.997650  0.252445  1.015746       6.954882   1488.688477 -177.547424   9.264839  3.558814   70.985458
44   118.317032   5.337368  125.858864  0.313767  1.635845       5.495615   1138.691772 -120.786369   9.906720  3.147362  119.447266
45   108.952583  15.799911  120.285187  0.270414  3.285606       5.760925   1007.309570 -198.954361   8.778248  2.757417  170.835876
46   111.972397  -6.225221  119.503136  0.325019  2.391778       5.422587   1293.505615  -64.554161   8.815050  3.405900  124.315109
47   104.456749  -3.776571  125.942436  0.291090  3.656399       6.685881    883.263977 -163.515137   8.539983  2.505676   64.620964
48   117.052231   3.272727  117.241615  0.297031  2.955532       6.620335    943.688904 -195.950607   8.195606  2.414935   57.807320
49   113.202271 -14.546215  143.371490  0.315173  3.190526       5.867887   1068.991333 -233.648254   9.570409  3.039583   77.735382
50   104.748703  -2.840639  135.454865  0.338722  2.655257       6.221020   1027.491089 -138.646973   8.807543  3.278851  104.358719
51   127.374580   2.507451  101.703133  0.342119  1.026086       5.870160   1372.761963 -144.916214  11.267709  3.523383   69.409065
52   106.026833  10.472396  129.825775  0.344268  3.641208       5.032781   1084.833862 -180.594833   7.944873  2.933774  213.889954
53   106.667450  -8.407473  132.434982  0.257808  3.684376       6.452558   1345.575684 -147.419083   7.763560  3.966552   58.740856
54   105.926346  28.759956  137.188324  0.332458  1.070488       7.512310   1254.065430 -216.257584   9.094248  2.431551  182.643265
55   113.268951   9.533564  131.538651  0.232541  2.021242       6.833768   1014.582153 -209.399048  10.481357  3.706103  141.546036
56   110.133904  35.544201  127.999626  0.311574  1.447828       6.892618   1427.778320 -145.590500   7.581175  3.562887  317.755463
57   102.730873  -4.051653  129.587555  0.272501  2.890002       6.289001   1199.059326  -98.010834   7.491571  3.400527   85.510078
58   119.803757   5.050423  131.073349  0.267633  1.105870       5.204606   1613.792358 -108.783669   8.004119  3.667792  103.342323
59   108.092361  13.709170  129.756271  0.324992  3.200733       7.229579    861.056274 -191.807449   8.875653  3.134202  191.943512
60   117.297592  30.754332  118.382935  0.294858  2.541083       5.334421   1205.855713 -194.773743   9.665300  2.139352  182.647110
61   125.120171 -10.982978  102.497429  0.299057  1.365252       6.926665   1086.408081 -205.897614  14.599638  3.999885   85.629822
62   101.092392  10.179326  134.490021  0.285393  3.917435       7.231913    925.790283 -226.939651   7.072764  2.696697  104.671089
63   121.827934 -15.589064  121.098747  0.338074  1.954523       5.583091    964.688477 -136.352356   9.834777  2.307543  117.509224
64   123.413612  25.588242  105.224953  0.319714  1.033088       7.232717    886.885498 -110.739250  10.496152  2.056316  131.814392
65   105.916771  -1.948035  129.332336  0.260003  3.662979       7.086881    985.761108 -180.281006   7.331858  3.096930   65.982697
66   109.777313   1.476932  117.909332  0.346988  3.815439       7.342649   1093.601196 -204.210754   8.233649  3.913259   56.524834
67   126.610992   2.158642  116.931465  0.277281  1.257757       6.883031    823.041992 -142.273560  11.792345  2.948009   96.116226
68   115.446495   4.388105  129.356232  0.303474  1.880827       6.715964    800.545471 -126.785118   9.526738  2.768187  114.785622
69   121.897591 -19.660759  111.192238  0.304852  1.684661       6.318300   1673.483398 -216.301727  16.453999  3.817664   84.003433
70   112.996811  -3.730523  118.698997  0.333043  2.269693       5.742514   1151.050171  -98.973564   9.747882  2.911464  103.952850
71   115.762474  -8.853137  136.301849  0.253088  2.666252       6.164856   1104.255493 -158.958954   8.900170  3.203218   59.040039
72   118.796967  22.323320  126.946838  0.254758  1.549728       5.279942   1586.261963  -99.996910   8.333250  3.923244  189.626038
73   115.720070   3.750510  128.473938  0.252503  1.974052       5.059798   1626.745239 -209.941177  11.214727  3.256809   66.556801
74   112.332207   9.426664  134.089310  0.343318  1.888802       7.094921   1034.228882 -131.054901   7.213526  3.192851  116.697128
75   122.557976  -9.340581  115.188164  0.276900  1.468437       7.379802    950.398743 -142.395889  10.193952  3.370424   77.277390
76   113.214577 -19.288002  128.952301  0.348782  2.425239       7.183620    728.184265 -187.031860  13.061492  2.048941   57.034966
77   115.776192 -10.621247  127.773682  0.324993  2.158377       5.810009   1009.444885 -148.514511  13.298743  2.442660   97.334351
78   111.788124  12.360915  134.030045  0.219183  1.572016       8.182550   1059.047119 -146.164993   9.925367  3.707345   68.158150
79   120.306870  12.865828  110.847214  0.282593  1.355466       8.745184    759.419312 -104.834991   9.311297  3.317657   50.632790
80   127.782974 -25.071878  103.068176  0.345341  1.023440       6.485580   1083.854248 -214.493637  22.813356  2.625766   99.251907
81   122.945862  -0.500981  102.262230  0.331578  1.314026       6.853652   1289.144043 -169.485046  11.345702  3.723624   58.181984
82    95.632675  32.822582  145.995544  0.278877  1.033275       9.493785   1073.852173 -225.801682   8.645395  1.307059  196.583115
83   118.834259  29.447319  112.955078  0.257873  1.892709       7.118662   1845.918091 -237.478256   8.930289  3.620899   73.280525
84   108.060966 -17.929586  128.149017  0.336658  3.136629       6.444242    870.782104 -162.209122   8.515811  3.940400  155.469208
85   111.310631  33.537228  127.186729  0.328458  1.031049       7.955805   1057.241089 -147.163940   9.573462  1.796594  132.520935
86   117.503983  -7.832818  114.193031  0.312362  1.540807       7.856318    804.024536  -92.571434   9.810297  3.518143   86.216980
87   122.843353   5.219527   98.219879  0.327748  1.047745       5.053698   1563.863159 -111.192818  12.732993  3.788475  145.719482
88   102.175224   0.635003  136.226639  0.242260  3.539207       6.135818   1030.483154 -152.521790   8.327724  2.492030   87.261444
89   104.516914  -3.308622  130.002274  0.305610  3.544583       5.910559   1127.044678 -216.366608   7.324960  3.129271  116.720970
90   107.186516 -16.965860  127.767494  0.286309  3.469880       6.158961    712.527405 -107.221367   7.710819  2.328318   62.883770
91   109.944038  -9.693705  130.824890  0.346056  3.890750       7.137932    810.485474 -216.826935   8.278423  3.165984   98.417648
92   100.914612  42.926571  133.682800  0.343766  1.320296      11.382318    923.443970 -176.594650   6.836875  3.350065  426.687225
93   114.241135  25.786938  121.799072  0.305570  1.503495       6.454058   1152.303711 -145.977859   8.653873  2.938714  183.051239
94   101.508942  -6.084058  118.794907  0.311603  3.352221       6.352815   1203.338867 -153.104568   7.854665  3.647069   65.205795
95   116.167152  -9.135338  131.172134  0.297960  2.965941       6.641220    821.396667 -159.224319   7.784679  3.496062  151.371887
96   127.687141   0.279612   96.847054  0.285818  1.084932       6.590717    901.030518 -151.771667  10.801003  2.500289   51.500069
97   116.530655  -4.960608  128.707687  0.265982  2.727177       5.750318   1400.441528 -184.361221   9.918425  3.232535   75.412369
98   120.770409   4.390991  121.279198  0.279971  1.498354       6.551908   1177.959595 -116.248947  10.094252  3.976055  128.332458
99   125.497581 -14.816151  101.126175  0.286026  1.701297       7.793422    834.450012 -230.671082  12.846416  3.494364   54.087467
100  111.690186 -10.364318  112.801399  0.329078  2.357245       8.136538    748.035889 -194.892670  13.145941  3.310109   65.985619
101  109.377838  34.651989  127.542755  0.314810  1.007419      10.583743   1154.515137 -203.449982   8.311408  3.682018  167.942322
102  113.638954  15.155947  130.188736  0.247792  2.033520       5.976141   1382.833740 -194.874329   9.092742  3.983333  180.253281
103  105.517227  -1.214402  125.361664  0.322236  3.394438       6.656195    903.266479 -157.927567   8.537135  2.976543   86.291924
104  120.916534  -0.987593  106.036522  0.337002  1.311076       5.174615   1011.754150  -89.376190   8.848428  2.431716  102.511581
105  126.462517 -11.631291  112.017052  0.257539  1.402690       5.118358   1816.745850 -229.985229  13.452826  3.269694   58.805374
106  104.819221  35.840706  132.754242  0.229685  1.366713       8.807276   1085.745239 -231.760422   6.824710  2.312993  190.180908
107  118.366524  23.090803  120.847557  0.248178  1.892640       6.362950    923.540833 -197.369324   9.425666  1.895861   98.578407
108  119.502068   2.355653  117.399338  0.332231  1.706878       5.157314   1338.577026 -145.406815   8.379013  3.593634  130.508286
109  105.663910  -0.092265  128.505585  0.278567  2.985900       5.376552   1141.045166 -160.670120   7.741359  2.262512   72.074181
110  107.629990  15.183994  143.668427  0.289201  1.508401       6.709949   1391.634644 -156.472534   8.140167  3.790029  160.432800
111  105.877975  30.646795  134.272507  0.222897  1.067860       8.294499   1197.975708 -159.970001   9.764974  1.651609   64.104279
112  119.630402  20.016052  120.190773  0.265235  1.403656       7.559174   1088.431396 -172.637085   9.609910  2.867144   75.604660
113  109.647430  -7.121793  125.084259  0.348379  3.288991       5.403795    995.346008 -189.511169   8.777541  3.165201  136.657181
114  101.155670  42.335182  135.384476  0.290688  1.243307       6.843397   1444.369873 -237.146133   9.022534  1.867969  376.151764
115  125.328819   0.819706  117.443024  0.312639  1.009171       6.769412    972.771240 -120.084724  10.682570  2.823926   56.363861
116  123.113983 -11.136508   96.623405  0.341898  1.003771       5.645479   1007.900757 -203.740753  18.154806  2.146665   79.280380
117  111.311371  -1.723492  143.041245  0.301596  3.112328       6.324067   1035.097412 -162.609314   7.837514  3.652279  129.244171
118  124.058823  25.194435  108.270248  0.294549  1.453284       8.670732    912.555420 -137.681015   8.840184  3.397898   86.793213
119  118.799973  -5.434646  126.817162  0.343408  1.607178       6.839581    835.865295  -70.552780  10.297333  2.935166  109.213135
120  118.475441  16.902239  119.517479  0.323675  1.478046       5.022555   1511.362061 -142.714600   9.959858  2.656824   85.389244
121  112.897415  24.690947  129.757202  0.271867  1.511554       8.622653   1023.144226 -199.512543   8.424304  3.140043   85.874138
122  115.339455  25.276608  122.490318  0.310508  1.327604       5.818264   1153.796387 -132.963486   8.596344  2.098921  104.420868
123  109.673119 -12.119243  133.303177  0.315828  2.919051       5.528025   1401.023560 -181.748459   9.194924  2.998564   52.674931
124  110.311874  26.476746  135.967010  0.251971  1.066701       7.119580   1755.824097 -124.664085   7.383224  2.651355   67.270866
125  106.341675   0.627162  137.768372  0.273306  3.014131       5.345355   1699.729248 -112.809319   7.327325  3.854758  116.946609
126  113.842178  20.221607  128.477661  0.215281  1.337451       8.183627    780.427124 -131.677689   9.236675  2.967995  131.230743
127  122.478340  -9.807360  108.916420  0.326493  1.179990       6.272510    919.968811  -96.538284  13.050344  2.482287   57.909157
128  106.070114  -7.852563  129.085114  0.292361  3.721850       5.590516   1128.421265 -201.345947   7.587949  3.558239  139.517883
129  120.240456 -10.338665  115.413467  0.319883  1.932567       5.947217   1354.234009 -130.095856  10.083844  3.745069   94.798996
130  113.933731  24.785797  126.871811  0.309257  2.613307       7.270678   1005.566467 -192.921097   8.414241  3.627146  190.341614
131  111.470146   8.741959  116.448990  0.336792  2.340619       5.890428    955.494263 -144.753738   8.612290  3.050501  149.110260
132  113.514053  11.230232  125.904861  0.287161  2.522301       8.271522    795.683777 -232.368591   9.164938  3.843017  123.579758
133  109.216805  -6.927246  123.168320  0.339746  3.178611       5.093593   1481.745361 -203.513779   8.006093  3.526412   96.568611
134  113.209633 -12.273295  124.023178  0.330512  1.957786       6.178849    798.640381  -74.354012   8.634001  1.813511   67.304611
135  108.981758  -0.890088  119.017479  0.282012  2.859867       5.041005   1292.379395  -99.519623   9.587991  2.998323   78.888023
136  107.324768   2.320118  138.276520  0.334089  3.359032       6.220149    759.587097 -165.749390   8.121047  3.045627  217.311325
137  109.621078   6.394635  124.703827  0.341019  2.532284       6.696362   1079.219238 -180.828323   9.590196  3.035736   96.591667
138  112.510460 -14.425967  118.834892  0.324507  2.272369       8.127447    707.092896 -161.702606  12.124958  3.441818   73.707451
139  115.164612  32.206417  122.004822  0.294150  1.830422       7.568645    888.510864 -217.123810   7.809237  1.799124  141.058945
140  113.964684  15.738045  132.671677  0.265380  1.584737       6.719552   1755.203979 -204.278168   8.958711  3.960436   75.443794
141  109.178192   3.049609  124.398460  0.299220  2.723721       6.995676   1146.281006 -130.714249   8.597412  3.130853   57.075687
142  112.753906  32.897087  124.098679  0.284801  1.533837       9.586990    953.661682 -231.510147   9.699416  2.863991  133.026428
143  105.948166  22.917583  129.696747  0.276828  2.605245       6.248621   1176.653687 -230.586838   8.269216  2.865034  195.522659
144  109.591515  -5.592636  124.418762  0.344332  3.110270       6.496581   1192.995239 -190.404297   9.378457  3.689590   61.535660
145  112.381905  16.894796  121.662468  0.291234  2.725006       6.921931    923.419434 -179.168655   7.603863  3.029357  159.006500
146  110.392899  10.659204  131.044235  0.297805  3.130339       6.340774    933.061157 -147.469528   7.733697  2.904786  206.096909
147  108.815765  29.223326  135.455185  0.258241  1.263849       7.010617   1440.703003 -106.714661   8.266082  3.662331  251.477234
148  111.062042   0.380274  118.579216  0.336351  2.482521       5.901874    972.748901 -124.135582   9.266575  2.226919   57.090206
149  110.890968  17.167803  122.239960  0.276662  2.296138       7.222324   1041.290283 -127.862854   8.197420  2.927708  101.166206
150  113.975143  10.373291  127.004333  0.255332  2.020401       5.894150   1557.036377 -216.697845  11.419933  3.115768   61.467064
151  105.687004 -10.225660  131.489304  0.302781  3.185413       6.670086    832.454529 -135.583023   7.985462  2.838911  105.140671
152  112.013855  16.385178  129.899704  0.238152  2.216901       7.082883    882.581238 -157.608078   9.007252  3.769044  180.198975
153  124.395691 -14.448577   84.159622  0.313188  1.054885       6.771347   1071.006836 -245.682678  19.805834  3.384043   77.478447
154  104.014206 -15.445308  127.082100  0.283387  3.778182       5.329436   1227.825317 -164.341415   8.416172  3.425928   85.376160
155  122.286728  -9.807773  114.957016  0.332729  1.481258       5.370674   1364.717773 -108.696114  10.143269  2.853385   80.715706
156  116.502380  -1.265252  114.246750  0.324788  1.753890       6.541114    746.303528 -146.947571  10.208906  1.914301   59.811058
157  110.874802   1.957559  127.272636  0.310243  2.262326       6.134812    969.236023  -94.600792   8.336390  2.848788  124.670197
158  117.549522  11.063622  115.481247  0.258194  1.959996       6.557371   1242.220459 -131.164871   9.419222  3.534395  101.116669
159  110.214996 -11.667185  129.617294  0.309908  3.247319       6.341873   1067.257690 -123.795486   7.763762  3.387758   87.417603
160  115.008545   5.124521  133.147354  0.298317  2.430607       5.842068   1515.559326 -185.030792   8.367028  3.348378   67.616913
161  117.419266  -2.499983  123.205490  0.303432  2.313794       5.874500   1221.726074 -167.740616  10.105094  3.468278  108.345810
162  101.209717 -21.162138  130.182007  0.344859  3.926347       5.742249   1182.901855 -117.011795   6.780303  3.996433   76.461548
163  102.083870  -3.494901  131.540619  0.337393  2.985447       6.655275    779.543884  -98.322235   7.380063  2.302800  118.561905
164  109.086983  43.717560  126.429489  0.335789  1.037363       7.824764   1614.071899 -107.848404   9.414913  3.346181  422.070801
165  115.718224  30.353460  126.664253  0.274820  1.223548       7.461306   1000.431580  -85.754105   9.209013  2.193929  197.813049
166  110.291573 -18.877489  114.508171  0.322154  2.613797       6.756615    992.157654 -175.435669   9.544863  3.937449  128.686646
167  120.151039  21.805382  118.203964  0.230578  1.757675       5.823730   1493.574829 -188.099289   9.531541  2.590940   51.295151
168  106.650642 -14.081644  124.284836  0.293029  3.541571       6.743648    982.086304 -189.302887   8.141884  3.668025   71.894203
169  118.808716  29.367016  118.301933  0.276325  1.181605       8.863272   1047.881836 -130.713654   9.397110  3.041245   92.601181
170  122.908066 -14.074684  117.882164  0.281962  1.627744       6.109081   1446.890015 -228.915756  15.112052  3.807250   99.932831
171  117.082558  19.927429  127.474365  0.266752  1.000300       7.268871   1232.589966 -111.947327   8.590718  3.281484  105.646690
172  119.476418  14.151039  124.956856  0.313219  1.316882       6.906178   1032.825439 -146.441940   8.769850  3.205669  127.054314
173  123.373924  -8.001506   98.079712  0.341471  1.023954       7.468063    942.757996 -140.312622  14.590492  3.854075   71.552597
174  120.926102  18.613237  120.769218  0.340243  1.091741       6.305954    993.942566  -92.160103  10.170030  1.959700   57.953278
175  110.688629  -1.517872  128.077271  0.332259  3.155539       5.999739    734.224182 -103.323189   9.080141  2.093530  138.063629
176  110.082397  26.476416  131.894913  0.323342  1.582230       6.997196   1431.372925 -194.358170   7.359735  3.665426  198.708405
177  113.591362  -0.515357  115.926506  0.336868  1.944027       5.261869   1231.272949  -86.669273  10.310897  3.425811  137.763794
178  105.087463  -2.642825  141.511169  0.309599  3.035392       5.307625   1318.647705 -162.834442   8.455194  2.563379   86.987228
179  113.071274  29.308105  126.832581  0.278282  1.018831       7.385678   1335.419067 -136.113464   8.056181  2.829763  162.237823
180  109.762390 -12.302834  121.767853  0.301162  2.217630       5.442353   1431.925537  -74.640182   8.441158  3.255977   68.068825
181  118.658951  15.891857  122.293060  0.281852  1.019326       7.794264    988.608948 -135.770248   8.307836  3.271638   70.703629
182  111.142960  29.394093  129.488434  0.297651  1.029553       8.004214   1635.364502 -156.309662   9.984107  3.872422  141.250275
183  102.500801  28.255306  138.302795  0.289539  2.049837       6.952614    952.735779 -201.254990   7.118817  1.210394  163.317337
184  124.868324 -25.683828   95.745888  0.329355  1.097183       6.943631    865.714294 -216.387314  18.147665  2.067285   83.010361
185  113.542511  25.453157  126.474335  0.298980  1.558896       7.391727   1240.645386 -170.762451   9.745357  3.267654  168.305405
186  107.170631   0.931940  139.395203  0.261598  3.048421       5.418974   1194.962646 -192.179306   8.787797  3.310214  150.067429
187  110.163292  19.082857  128.271194  0.268302  2.095618       6.514874   1416.448120 -160.624146   9.199380  3.499564  135.762863
188  112.031120 -11.876048  132.061737  0.328939  2.841852       6.518094    766.991333 -145.882767  10.120408  3.712713  209.123749
189  111.261436  12.151929  124.623192  0.218558  3.203157       7.730811   1118.248657 -221.041992   9.489345  3.890777   92.645103
190  110.798904   3.473320  133.744415  0.263986  2.641550       6.461546   1536.108643 -195.278748   8.373472  3.776731   70.888947
191  110.988991 -18.438999  135.889343  0.313861  3.214127       5.207253   1336.096680 -174.256958   8.348624  3.247369   87.113197
192  119.680771   7.640146  118.329750  0.334659  1.725356       5.607822   1320.437622 -131.127808  10.767676  3.041842   92.584518
193  111.854965  17.354197  124.890167  0.315827  2.237505       6.632548    791.886230 -215.856567   8.953203  2.259667  216.958725
194  116.411263  23.783047  121.382866  0.241593  1.179782       7.795936   1623.796509 -216.614471   8.047689  3.656425   63.182922
195  125.760628 -14.262212   98.065216  0.305207  1.118873       6.865172    973.034790 -150.452545  16.196018  2.638053   52.513367
196  109.853851  25.560371  132.546112  0.250150  1.395982       7.591389    996.027649 -169.927811   9.017592  2.923842  167.223434
197  112.903923  -7.045154  126.362907  0.268253  3.380865       6.054935   1140.928467 -248.526215   8.176853  3.622181  114.488213
198  113.508530   2.110863  122.741829  0.288020  2.455492       7.352518    938.674744 -144.214691   9.771826  3.968573  101.024559
199  110.312813   7.788438  121.528992  0.340723  2.115655       5.254417   1124.309326  -79.213799   8.998919  3.706710  227.559784
200  107.247124  -5.386461  121.647301  0.344381  2.776422       6.379017    828.622375  -65.429649   8.165015  2.784112  109.530304
201  121.557327 -23.704792   96.798332  0.349579  1.367573       5.524643    999.716003 -245.704803  17.585711  2.135810  123.394012
202  106.896332 -15.148495  137.409973  0.317019  3.780434       6.597380    792.216797 -196.321869   7.440309  3.506310  144.126129
203  121.663536   2.032074  118.357803  0.321748  1.714550       6.554733   1109.672241 -190.884872  11.600922  3.841327  111.439926
204  113.436966 -10.499907  114.656830  0.326027  2.106393       5.236948   1584.765747 -160.062241  11.837283  3.550427   98.059700
205  115.171364  27.742252  120.431885  0.299934  1.659887       9.259988    735.795105 -213.285400   8.454500  3.467424  179.500824
206  104.599411  -2.728490  131.324203  0.305292  3.506205       6.011234   1041.121094 -130.918167   9.235163  2.824557  113.275940
207  121.565170  -0.270486  132.444351  0.331032  1.186546       6.593407   1032.575562  -84.352745   9.602757  3.062255   67.226837
208  116.970695  25.062813  119.846695  0.219239  1.770327       6.083119   1778.738037 -221.117813   8.951421  3.495292  107.577682
209  107.366592  32.515598  134.435760  0.259608  1.971749       9.444870    821.576660 -244.633514   7.994090  3.719844  290.623962
210  117.939857  -1.687693  126.417938  0.329694  1.770799       6.314179    738.548035 -115.227081  11.287497  3.687716  199.272079
211  108.671059  19.321911  133.764679  0.291304  2.198857       7.054594   1055.682373 -207.931717   9.085681  3.606701  204.207092
212  125.848396 -18.269531  110.907471  0.307251  1.171813       6.260852   1100.398438  -98.904022  12.543895  3.356511  109.425629
213  117.244141  -2.721059  125.233963  0.271960  2.345333       6.728246    959.965698 -176.006119  11.007196  3.723308   94.455650
214   97.798225  21.256550  151.002579  0.237078  1.030809       8.221749   1696.751831 -230.509949   8.063811  3.520910  153.512054
215  131.560852 -22.207373  117.364227  0.342986  1.148093       7.042817   1103.203613 -182.089706  15.100916  3.851201  160.081360
216  100.538719  -3.834354  128.009628  0.266565  3.110378       5.872315   1553.960938 -138.658051   7.510580  3.939338   88.660667
217  117.022240  12.795890  124.591888  0.310348  1.600473       6.928290   1206.437256 -143.619751   9.292289  3.968674  127.240669
218  120.103554  16.641779  116.309319  0.322696  1.737345       6.884083    900.239563 -104.347580   7.709566  3.897991  205.924301
219  115.036079   9.746554  120.174553  0.326452  2.017443       6.474367   1290.574585  -89.777344   8.247725  3.897720   96.975388
220  111.545830  27.903383  127.865494  0.343978  1.076170       6.213465   1235.127197 -136.885071  10.089911  1.877910  104.175514
221  106.006851  26.902128  135.646027  0.310043  1.286929       6.250517   1985.906494 -159.476257   7.387086  3.766626  178.460800
222  121.131721  -5.668470  120.882912  0.334785  2.147043       6.609319   1200.786255 -176.593292  10.810469  3.892285   93.102379
223  120.348343  -5.240070  115.975578  0.256543  1.693018       7.326467    967.597961 -113.764969  10.731684  3.506426   78.026817
224  109.215546  10.516116  124.492561  0.263220  3.828705       5.600770   1263.718628 -240.759521   9.151460  3.319140  134.506516
225  107.739349 -11.823331  118.271217  0.301348  3.010828       6.280218    905.350220 -117.335144   9.922694  3.578155  118.597267
226  114.559113  22.993469  126.486443  0.331592  1.109663       9.102131    757.227966 -125.912788   9.073003  3.573000  125.499496
227  112.035118   1.108500  126.453804  0.312141  2.593807       5.847284   1076.289673 -202.939499   9.205221  2.713802   74.054626
228  112.959061 -10.575798  117.312691  0.298544  2.561171       5.538869   1341.178833 -158.937103  10.295653  3.561456  104.706284
229  118.035522  15.605487  111.563354  0.273114  1.779115       6.185861   1280.971558 -101.745308   7.924129  2.913148   96.657318
230  108.618378  32.092072  131.803223  0.322371  1.107386       8.987214    995.395142 -184.516617   9.375894  1.917438  147.687103
231  114.805809  18.733892  111.252174  0.340983  2.344099       5.409568   1229.204346 -129.599335   7.491498  2.299275  108.751175
232  119.046150  -5.640178  129.676498  0.325272  2.393797       6.036067   1386.525269 -179.174118   7.013285  3.326118   63.020668
233  112.887863  38.673965  124.619957  0.298115  1.544716       8.971077   1339.549316 -217.366440   9.812385  3.845765  249.380035
234  118.900810  25.536470  116.555595  0.253067  1.788150       7.673425    924.161682 -131.779556   8.088734  3.506212  158.242020
235  106.539185  29.510107  137.839569  0.303335  1.576380       5.071681   1446.858154 -149.963043   7.929908  2.076122  236.664261
236  111.700531 -11.859856  129.734238  0.305076  3.049133       5.898700   1198.830078 -187.815643  10.020620  3.619536  112.083687
237  118.828972 -20.676689  131.418961  0.336719  2.183056       6.277185   1351.415649 -180.823303  12.074728  3.798186  107.345512
238  105.734009  26.261969  134.523026  0.302200  1.451058       9.206219    863.100830 -224.574188   9.640365  2.326488  120.278374
239  121.495247 -17.005386   97.935600  0.334945  1.279303       5.074430   1457.448242 -169.930954  15.654211  3.460508  137.742340
240  116.164604  14.527638  130.340149  0.348337  1.007844       6.006556   1406.520874 -105.246498  10.831672  3.331072  137.972092
241  109.462448   5.378161  122.648071  0.341334  3.413631       6.770049    889.783630 -198.802979   8.585360  3.584568  129.971664
242  118.526161  14.895345  122.632164  0.336066  1.105709       6.039433   1188.149414 -169.764236  11.005899  2.415746   70.979912
243  124.097191 -13.728191   94.538269  0.340330  1.016376       5.775701   1806.114380 -116.636353  16.218544  3.631406   53.617355
244  109.330254  21.808641  137.188232  0.248501  1.254293       9.582212    743.207764 -194.086960   8.667362  3.227495  138.705994
245  109.107574  29.862894  129.430420  0.239844  1.230425       6.427499   1660.024780 -192.981689   7.457440  2.520180  133.642700
246  103.841530 -11.071766  113.400352  0.327557  2.584805       5.063755   1556.659302  -85.020081   7.869386  3.670707   89.179657
247   93.123192  33.641277  149.695175  0.286433  1.287866       9.864095   1034.509521 -194.841690   8.663992  2.687631  415.987823
248  125.265259 -16.975695  106.982285  0.320415  1.227759       5.404717   1514.863647 -160.087845  15.487751  3.393878  108.265900
249  120.607750  -1.272598  115.127144  0.342646  1.584119       5.379990   1307.769043 -160.881058  11.254129  3.411022  117.708862
250  124.951042  11.158678  109.663208  0.300912  1.263067       5.249916   1834.109741 -137.080475  10.429817  3.789920   85.638733
251  111.579994  -6.023877  134.252609  0.240908  2.623713       6.513972   1362.123657 -154.794373   8.586816  3.915991   84.202667
252  115.142784  21.701309  120.266838  0.274727  1.966541       8.393681    887.267517 -237.818436   9.324945  3.687298   99.689735
253  112.126007  11.808908  125.021370  0.290012  2.342001       5.603186   1792.525879 -120.318336   8.066973  3.445721   86.909378
254  107.563065  32.400501  133.227188  0.329854  1.171505       8.949542   1131.181641 -161.591553   9.197248  3.457987  265.023407
255  119.091400  14.946939  119.330513  0.297401  1.128452       6.691642   1202.368286 -112.064537   8.327722  3.005418   55.543022
256  109.759270  29.684395  131.777527  0.235150  1.164030       6.729640   1495.014771 -170.618637   8.315670  1.964751   76.031647
257  110.522224  -0.734915  136.872299  0.293466  3.104024       5.586349   1081.442749 -219.409149   9.116089  2.203934   80.364807
258  103.920540  -5.703521  129.240265  0.264701  3.377826       5.802297   1241.509644 -151.540283   8.223005  2.834209   54.895187
259  120.148590   5.178011  124.495422  0.280413  1.301003       6.182613    905.198364 -113.980705   9.320525  3.299617  164.286270
260  108.587357  -5.960394  125.115211  0.313972  2.989177       5.739801    982.570557 -157.794601   9.138817  2.837603   80.153236
261  118.008026 -10.088533  119.907593  0.331791  1.876121       5.094724   1319.353882 -124.642174  10.906996  2.752840   62.277008
262  101.594246  -3.531969  127.035843  0.341431  3.454900       5.007063    853.610352 -124.309067   7.484645  3.132519  258.371033
263  112.032997  15.680999  129.707291  0.296167  2.625206       7.481549    704.215271 -193.559952   8.988961  2.259472  182.235168
264  106.293602  30.177095  137.549850  0.309067  1.122280       6.098256   1894.499023  -98.456261   9.098960  3.508541  282.621674
265  126.393951 -15.921523  106.728539  0.331623  1.263436       7.449337    876.822449 -157.628891  13.494655  2.642137   57.584812
266  103.465485  -8.271702  140.299728  0.318772  3.222345       6.060976   1049.812500 -124.582832   7.605115  2.752098   83.358711
267  119.740036  21.591593  119.453087  0.300457  1.311908       7.962398   1158.598633 -213.864975   8.865042  3.054012   68.283836
268  112.116943  12.686913  125.728661  0.312533  1.867007       5.086680   1143.943604 -146.061371   8.762508  2.433251  166.245712
269  109.971016  10.953921  130.395828  0.272593  1.945132       7.251076    758.637878 -130.529373   9.825231  2.461237  141.703430
270  122.461838  14.297899  119.985680  0.237468  1.265378       7.591449    886.406067 -128.536179   8.773283  3.359085   98.488670
271  118.086678   3.186159  120.673019  0.342052  1.710998       5.733795   1065.957153 -126.879684   9.722407  3.710560  198.386353
272  111.606232  20.991053  128.895233  0.306370  2.697219       6.694999   1083.770142 -180.078751   8.250395  3.868406  196.644699
273  104.261421   2.910025  120.826637  0.349635  3.746387       5.081313   1232.631470 -124.288399   8.370719  2.807397  108.913353
274  119.167160  -3.060596  109.840439  0.344571  1.963331       7.935682    970.902588 -119.308479  10.167216  3.854131   58.219284
275   99.828773  -8.219915  122.938438  0.266587  3.882527       5.711904   1462.721558 -189.504044   7.582159  3.742542   62.781166
276  110.009857  19.376528  116.412003  0.288781  2.661970       6.463706   1037.019775 -209.002869   9.017423  2.485960  108.710556
277  104.580841 -11.615569  123.829155  0.327128  3.192574       6.091975    904.141663 -123.760185   6.652188  3.022635   90.311874
278  110.643562   6.318140  128.753143  0.333311  3.377636       5.093593   1047.074829 -165.618011   9.398038  3.491733  267.475220
279  107.308083  -1.060820  134.313278  0.337250  2.863049       5.055719   1578.795410 -214.879562   8.406489  3.757539  157.163055
280  112.136772  -4.592754  124.905937  0.301514  3.511583       7.360021    714.586243 -200.184921   8.236462  3.974284  128.490173
281  115.048065 -24.622379  127.674446  0.331552  2.144160       6.165039   1140.842407 -136.313217  11.911225  3.516209  115.350883
282  121.486664  10.942975  117.368233  0.334578  1.054764       5.938048   1472.697144 -117.937752  10.028152  3.583928   79.998260
283  110.315575  29.984520  129.173538  0.323622  1.352480       6.979584   1007.476746 -163.876266   9.118909  1.504191  123.111420
284  111.994423   7.882373  128.903625  0.302826  3.404552       6.666101    941.845764 -192.947815   8.088879  3.360982  152.277969
285  100.728638  25.331593  147.797867  0.220040  1.318905       7.203076   1854.981812 -154.213135   8.365214  3.988119  255.092896
286  100.106880  -0.057797  140.417664  0.278525  3.532312       6.234481   1718.850952 -183.093582   7.556583  3.924137   97.620201
287  121.301491  11.222650  119.159569  0.296188  1.168541       6.286178   1371.363892  -77.207741   8.151520  3.834479   96.760147
288  115.103439  26.676090  123.930428  0.306353  1.017400       8.807649    708.040894 -165.654739  10.301326  2.641729  173.601120
289  116.554893  20.165951  126.688881  0.324128  1.000395       6.794327    994.111694  -64.979134   9.318666  3.508966  213.698380
290  118.223930  -4.504771  119.434204  0.349317  2.079018       5.720252    942.565063 -171.507614   9.857798  2.316039  103.004936
291   95.121994  39.968769  142.262665  0.308732  1.172544       8.740160   1466.625244 -199.939423   6.893720  2.616358  454.663208
292  124.613747   4.902294  105.632584  0.330002  1.214615       5.666329   1172.974976 -163.093246   9.390875  2.716275   91.572144
293  113.707649   5.434100  110.639702  0.334926  1.924951       6.079787   1671.583008  -86.317444   8.419221  3.979642   57.079159
294  115.601311   5.130497  123.405334  0.330683  1.587218       7.115598   1071.336548  -82.448875   8.635558  3.706390   97.322647
295  104.389565  26.512493  143.305954  0.239830  1.575633       7.716928   1207.256470 -239.766312   8.303763  1.983419   83.388084
296  110.506996  33.449062  128.405853  0.303203  1.204387      11.072539    828.415405 -160.526093   8.241116  2.332879  102.989952
297  110.034767  26.896904  132.244385  0.252385  1.300013       9.986386   1125.956055 -180.562561   9.299462  3.655795   91.431702
298   96.820694  32.924107  144.552963  0.276454  1.095952      11.518463    937.672363 -192.308548   6.222764  1.969964  163.949829
299  124.709557 -15.891486   97.720207  0.319627  1.267187       5.800488   1483.382080 -237.976028  19.853653  3.772659  111.900162
300  107.974319  -5.996270  145.183777  0.287129  3.712640       5.657958   1005.084351 -192.256622   9.178560  2.696833  150.767441
301  114.737999  -5.037168  116.826141  0.335825  1.962895       5.156469    999.553955 -111.224396  11.264375  3.699663  228.109482
302  116.641388  -6.219785  122.576523  0.327187  1.745072       7.767044    879.129761  -99.468971   8.805572  3.488439   60.763279
303  123.566544  24.732595  108.087761  0.301320  1.409449       9.741225    981.862122 -206.914612  10.558881  3.914930   51.064991
304  126.137695 -11.536779  119.085747  0.301995  1.448537       6.157328   1226.086060 -144.665268  11.967230  3.038872   78.404388
305  103.889473 -16.292042  129.202072  0.327489  3.304365       6.309459   1150.523071 -145.116959   7.671655  3.789048   62.176865
306  106.236061  -6.550676  118.629868  0.348730  3.637002       5.781759    738.998108 -119.821518   7.984495  2.427835  115.802628
307  107.280724  -4.531979  118.360489  0.317365  3.291457       5.649369    975.443542 -128.671555   8.156721  3.529651  145.437057
308  116.567757  33.942142  117.586151  0.301240  1.032339       7.342268   1332.093384 -201.902985   9.518857  2.940612  176.437332
309  112.030647   7.477823  114.647408  0.346236  2.776181       7.474362    775.255615 -183.786880  10.315287  3.587398  170.490250
310  109.398453   0.639894  130.694824  0.281661  2.951741       7.487496    933.848083 -151.585541   8.277592  3.353421   75.157852
311  121.099358 -14.634269  110.890968  0.309724  1.352143       6.998385   1089.217773 -145.641754  15.734825  2.896306   53.713058
312  113.204353  -4.606975  126.904724  0.339588  2.043250       6.682384    967.090088 -122.541100   9.252219  3.288261  118.981613
313  118.701462  34.699104  113.365318  0.238736  1.114080       8.806907   1518.388916 -133.591629   8.195294  3.504185  104.123367
314  115.269104   9.545338  125.748268  0.258509  3.492356       5.257503   1282.535767 -242.423798   8.429858  2.671323  119.347397
315  118.027016  23.021048  115.061882  0.303945  1.101518       5.191621   1354.730957  -97.689285   8.356245  2.990710  163.889130
316  105.216919 -22.956266  104.517090  0.347173  2.574128       6.302648   1077.318359 -240.361084  12.442940  2.780257   56.963139
317  109.285522  -2.082640  125.571762  0.323384  2.377259       6.210965    871.511292 -110.498772   9.764564  1.996120   70.285881
318  107.104706   4.452806  130.830200  0.319262  3.425573       5.394719   1207.457031 -168.215469   8.408833  3.943225  208.513046
319  106.277885  16.568089  114.565109  0.334911  3.182107       6.349538   1506.962158 -226.930649   7.751131  3.864637  123.568214
320  122.143234 -10.921144  117.915756  0.269493  1.744159       6.099353   1231.990479 -154.431458  12.875231  3.173005   71.339188
321  109.987968  27.339638  133.252991  0.270480  1.408155       9.273924    723.877258 -168.816315   9.417683  2.653147  183.835526
322  105.725327  40.203770  138.515839  0.348053  1.465714       5.821574   1767.561523 -139.438416   7.932706  2.744308  441.923523
323  109.527039   5.980182  126.540123  0.280946  2.369961       6.579462    985.453918 -116.180725   8.103475  2.922073  137.299454
324  107.392853  -9.128537  138.771545  0.302525  3.673535       6.031991   1395.297607 -182.596466   8.639072  3.597813   76.880226
325  115.248627  22.251841  130.739532  0.278685  1.480562       7.109240   1024.126831 -107.985344   8.855318  2.700252  120.497070
326  116.566078  34.399742  118.259750  0.269557  1.441852       8.584310   1768.963623 -152.992371   7.546939  3.420937   97.128731
327  117.505325  23.744898  120.810097  0.301242  1.056600       7.941592   1343.622437 -169.778976  10.347759  3.258795   56.542583
328  112.825378  25.748760  127.709106  0.220524  1.368393       7.288817   1719.858765 -214.709656   9.131523  3.941560  142.900558
329  115.711014  -0.722175  115.695587  0.257503  2.580713       6.836715    836.349854 -182.645142   9.940880  3.530249  114.434570
330  123.052429  23.029060  112.966568  0.266417  1.355864       9.201244    913.686462 -100.100876   7.040244  3.799006   88.780548
331  109.446274  33.188519  132.912094  0.345294  1.176143       8.194425    924.299255 -142.594650   8.984646  2.995798  305.924225
332  107.994484  28.203672  132.270798  0.308325  1.234478       5.660230   1191.717407 -136.133072   9.271289  1.449996  147.291763
333  101.733673  29.176855  143.221054  0.272142  1.164925      10.871318    773.535645 -150.495880   7.958801  1.805554  148.377411
334  115.664581 -11.804261  115.960594  0.322118  1.949663       6.665313    853.024902  -99.938217   9.517327  2.941746  106.519699
335  110.665764  35.007885  122.964287  0.269560  1.461184       6.337261   1313.589600 -163.978683   8.464879  3.115479  287.017242
336  115.022392  11.528196  123.639130  0.292021  2.416289       5.266759   1961.475220  -84.907310   7.828065  3.777911  111.638344
337  114.131668  -3.532846  112.529060  0.313651  2.094609       5.968293   1267.711426 -164.614182  11.616951  3.255114   83.105431
338  112.406410  18.214766  128.105286  0.257499  2.004273       7.175463    937.279541 -105.370995   7.841078  2.512496  107.930855
339   98.692337  41.664341  139.707565  0.349873  1.647146       9.043172   1088.435303 -199.356964   8.583818  2.677898  499.623749
340  113.240906  30.869104  123.210213  0.338559  1.094890       7.262322    900.610291 -139.774490   8.705955  2.013094  204.682755
341  124.739471   2.588044  111.909279  0.280955  1.435155       6.762259    770.058289 -191.898682  12.062067  2.308509   56.886639
342  108.982536  -9.820608  128.206345  0.341138  3.368522       5.671466    990.242554 -144.818848   9.248655  3.276543  128.645935
343  112.225060  20.938887  132.877548  0.249662  1.475119       5.959060   1623.578735 -198.843811   8.718993  3.215841   95.526054
344  117.100853  27.584078  120.363724  0.302934  1.007750       7.042661   1495.492065  -97.586662   8.715663  2.474649   57.044479
345  105.127747  -8.070985  134.700821  0.337583  3.773786       5.844139   1440.941040 -182.433182   7.166584  3.731529   80.349403
346  103.056099  30.754684  139.172928  0.253690  1.301052       7.442908   1508.092896 -231.965759   8.153991  2.712317  172.238388
347  107.230476  -4.122127  110.802826  0.339945  3.252413       5.600531   1145.297974 -169.329071  10.189247  3.332775  124.558128
348  122.973747   5.597695  112.535225  0.297199  1.097713       5.198316    882.484314 -106.830307  11.398948  1.568126   63.004616
349  113.119423   0.701966  126.632553  0.303632  1.701640       5.496858   1057.057007  -90.332947   8.304680  3.089828  177.205811
350  109.341560  -0.040539  132.585205  0.344501  3.543641       6.902377    833.466736 -243.816071   8.537536  2.574109   97.385834
351  121.242249 -11.361879   99.961243  0.288927  1.559440       7.202095   1108.494141 -244.682144  13.409803  3.616615   70.665466
352  125.857460 -11.601851  109.439659  0.319391  1.353770       5.414160   1674.253296 -155.745682  12.676369  3.143665   58.401016
353  121.528450   1.299356  124.756233  0.248727  1.445772       6.714220    921.072083 -137.949219   9.933517  3.585315  102.291847
354  110.678986  28.398424  132.244965  0.205311  1.119403      10.603515    778.294373 -186.439758  10.198884  3.323775  139.685303
355  104.907776  28.401997  137.204147  0.324158  1.077914       9.578361    794.299377 -146.634384   9.424680  3.095608  273.143188
356  126.502045  -0.590677  117.062180  0.272440  1.479916       5.227625   1527.186157 -162.416992  10.345467  3.779833   94.365677
357  110.560638  -2.626130  106.910553  0.329865  3.300056       5.582197   1087.995117 -172.535828   7.738942  3.335468  104.038986
358  114.937714  27.402931  125.205696  0.225836  1.334798       8.394512   1421.991211 -170.187027   8.575885  3.613341   73.680611
359  115.066902 -12.006383  123.164360  0.331298  2.051416       5.262507   1256.355469 -145.753738  10.978583  2.595614   76.063858
360  108.102158   5.083145  122.119682  0.343299  2.616930       6.686230   1160.015259 -138.306274   9.447217  3.714316   93.877480
361  105.896446  -1.189806  116.001129  0.305406  3.094061       6.237165    958.436707 -151.952423   8.857608  2.631614   73.472847
362  108.604362  39.925583  129.856033  0.293068  1.313315       8.983901   1200.263062 -161.655609   7.227381  1.979919  223.710648
363  104.649666  35.094353  136.050751  0.301989  1.159689       8.009748   1533.496216 -145.043945   7.966422  2.152315  175.872971
364  124.990257 -12.137163  111.196388  0.337777  1.190329       5.648667    979.698486 -125.382034  15.462099  3.217244  170.322159
365  110.712959   4.332662  130.720856  0.242871  2.551041       7.799818    818.300842 -191.692749   9.846290  3.822078  125.248810
366  117.918381  27.988825  125.858040  0.234146  1.473279       8.753449    898.914001  -75.633553   6.776523  3.707772  186.509857
367  115.952972   2.197034  124.646957  0.232472  2.438260       6.424873   1323.808472 -186.223083   9.591037  3.686112   68.336464
368  121.012924   7.060478  120.516731  0.255554  1.354769       5.411602   1266.294434 -173.846176  10.088611  2.751781   85.857742
369  108.677193   1.145195  121.012360  0.340708  2.297440       5.460226   1318.139404  -82.782013   8.044677  2.939429   58.777943
370   98.976837  27.218641  146.776489  0.275470  1.472169       6.455040   1741.394775 -247.495636   8.449311  3.991770  301.925110
371  120.754646  24.422518  117.626228  0.272947  1.632838       8.616262    820.827454 -158.790558   7.774764  3.401773  120.661140
372  103.028786   3.840153  129.808426  0.315265  2.449930       6.555180    928.062744  -74.642906   7.503760  2.295772   79.445473
373  115.359825   6.080554  132.501266  0.303541  1.963143       6.381877    827.424072 -163.742371   9.596382  1.874101  107.417778
374  112.409775 -11.052360  125.151405  0.346248  3.651967       5.555211   1427.549683 -180.462402   8.902778  3.532580   59.560009
375  106.483017  20.570744  140.415939  0.290305  1.224359       6.836728   1122.865112 -134.570908   9.235416  2.521133  130.067886
376  104.944427   3.046120  134.170609  0.327729  3.074437       5.832085    779.886292 -125.409859   8.365062  1.369298  133.339340
377  109.855522  24.907940  128.948456  0.235878  1.839552       7.502559   1679.589355 -228.549774   8.130434  3.812824  106.529938
378  107.191971 -12.183582  133.302277  0.324183  3.868227       6.230858   1011.857910 -171.652161   7.669483  3.737518  106.452301
379  108.479012  -0.259431  129.114502  0.345487  2.744061       5.094498    769.153381 -120.759407   8.472713  1.161508   54.246319
380  116.210129  32.000961  118.413780  0.285170  1.363262       7.588937   1066.970825 -214.163757   9.128257  3.272577  212.945450
381  105.174400 -16.506336  132.895782  0.330402  3.546259       5.452823    802.557190  -81.343170   6.465541  2.463697  142.110916
382  118.019653 -19.918583  117.804474  0.331580  1.762679       6.054072   1319.528931 -120.792915  11.283941  3.697579  121.161400
383  102.202240 -15.430422  122.941681  0.349952  3.558546       5.019953    942.722290 -136.206116   6.989366  2.974808  120.378357
384  102.542915  13.616119  125.879303  0.200081  3.425544       8.688891    837.010681 -152.938461   7.314992  3.126819   58.843956
385  104.364716  -7.018403  138.009338  0.315083  3.879069       5.597978   1046.909912 -179.574860   8.074983  3.157254  144.778961
386  104.644089   3.193539  115.519516  0.336113  2.122194       6.409906   1188.218994  -55.744110   8.149461  3.498923  113.697342
387  105.852417 -19.141993  126.525421  0.290717  2.722503       5.148288   1600.862915  -68.170380   6.759338  3.860088   63.998367
388  120.246719  11.532370  113.577148  0.340424  1.276075       6.738654   1252.246216 -117.899864   9.224700  3.243382   56.308586
389  119.674377   0.384421  116.952713  0.329128  1.788085       6.986831    803.395325 -112.834679  10.515972  3.946511  133.852371
390  125.034843   1.078129  116.503525  0.321768  1.042526       6.399539   1278.861206  -89.865608   8.167985  3.873572   85.142105
391   94.463844  39.409470  143.171906  0.337228  1.263815       6.527929   1927.357544 -231.129730   7.465567  3.741791  573.495850
392  128.091904 -15.793785   94.196281  0.325653  1.035221       6.204024   1191.606445 -224.416245  17.649628  3.279878   65.157562
393  105.956039  26.748350  137.164017  0.288418  1.112034       9.475619    739.696655 -199.798233  10.140487  2.556491  182.212479
394  114.671082  31.833008  121.302956  0.283222  1.230874       9.626326   1313.502686 -221.322754   9.647135  3.381456   57.275646
395  112.962830  24.821098  128.312363  0.326267  1.070920       6.486451    970.844666 -135.703613   8.012545  2.301213  204.259933
396  107.041885  20.332777  142.811081  0.270582  1.073435       6.412510   1526.298950 -193.681961   9.688656  2.922858  133.016388
397  109.727699   1.335248  120.451759  0.325335  3.133726       5.964684   1020.549438 -157.826874   7.445347  2.419190   58.024860
398  103.612190  -8.881137  127.433495  0.319464  3.606850       5.750630   1243.822266 -248.685364   8.232046  2.966058   50.627842
399  119.932518 -14.012062  107.584175  0.321217  1.368703       7.079647   1010.725281 -146.205490  15.291143  3.277412   85.484756
400  118.654404 -24.509449  101.761635  0.346845  1.810726       8.278560    984.023438 -249.552383  17.169083  3.072552   52.014229
401  124.567772 -19.292002  107.217125  0.337045  1.375480       6.401387   1261.867065 -178.110840  15.021411  2.841185   55.837757
402  116.823608  -0.081537  129.041321  0.291022  2.458247       5.218237    825.529419 -188.138016   9.928834  2.365730  156.669876
403  107.854027  -4.854253  136.605682  0.332262  3.551293       6.113636   1141.215210 -198.898148   8.025319  3.124062   71.382133
404  105.571373   2.019211  116.630676  0.334624  2.161973       6.385011    953.725281  -81.748001   8.104439  3.826767  156.881577
405  107.632515   3.791941  121.399284  0.261386  3.207199       8.140904    747.366638 -231.354004   7.683484  3.564367   99.011513
406  109.406029  29.015062  129.606308  0.283971  1.212994       8.015799    991.317932 -133.730667   8.060308  2.549481  150.567764
407  121.688744 -20.572889  100.069817  0.349268  1.498965       5.605909   1495.054077 -218.844696  15.856771  2.936290   78.746262
408  124.837433 -19.798346   99.719437  0.325099  1.200375       5.529797   1565.223999 -241.406525  20.564487  2.734581   56.526527
409  122.103798 -20.682850   99.929482  0.349147  1.177508       6.154052   1141.297485 -143.166412  13.557032  3.360217  147.659134
410  109.592964  21.343407  127.335533  0.246171  2.038284       6.083210   1450.325684 -104.170074   7.886735  2.572643   55.864109
411  112.495132  -9.640909  113.223030  0.332021  2.514470       7.317927    905.480957 -182.269363  10.805696  3.553717   74.687729
412  108.198578   8.170771  131.786667  0.289052  2.572690       5.890245   1035.645020 -137.857590   7.843031  1.951095   54.031193
413  102.497612  10.092752  137.457092  0.232892  2.367404       5.098946   1754.501465 -157.224625   9.245801  2.974744  104.277588
414  113.651649  34.284069  120.928909  0.268433  1.301856       9.109886   1640.617065 -214.142914   6.919460  3.399165  105.474098
415  117.474586  16.900499  130.864471  0.251946  1.194326       8.921695    779.667908 -125.788284   9.980151  3.843235   97.659119
416  108.106491  -2.845360  110.657379  0.335674  3.047702       6.540988   1084.556396 -130.168335   8.310555  3.591502   58.933365
417  109.618118  31.022831  132.691818  0.243457  1.200017       5.524449   1351.286743 -101.565498   7.504216  2.078754  203.887955
418  104.346718   6.299476  127.469559  0.319608  3.340950       6.436992   1000.695312 -190.146591   8.072954  3.343620  145.398941
419   93.672447  34.029003  147.278015  0.338504  1.115524       8.730915   1462.631104 -181.726761   7.205282  3.152975  385.632202
420  105.874763  28.922718  141.772476  0.290566  1.414955       7.683104   1063.692017 -185.667648   7.740822  3.863035  348.909363
421  120.048729  -5.717871  107.268257  0.304994  1.792832       6.744825   1198.062866 -173.728470  12.355573  3.377592   59.218536
422  106.137779 -19.680464  135.556046  0.314792  3.238740       7.083739    743.346375 -185.056946   8.828118  3.633011   96.827034
423  104.812500  37.620369  131.529190  0.335611  1.058837       7.458548   1956.018433 -207.394867   9.383299  1.801187  100.703575
424  122.954147  -4.293560  127.921036  0.348844  1.342413       5.995883   1044.295532 -111.519829   9.957896  2.616289   76.615479
425  112.776642  21.177876  129.321609  0.252723  1.938442       6.151491   1424.594482 -137.064117   8.201150  3.376406  134.737183
426  106.347290   3.418779  137.529007  0.334622  3.962102       6.571339    993.412598 -247.822067   8.439119  2.830271  134.320984
427  119.745209   2.964278  129.351074  0.290451  1.794662       5.837221   1558.379883 -173.108337   9.215302  3.573620   77.081825
428  104.980522  -6.700261  122.609734  0.278233  3.349899       6.642207    810.773804 -134.324860   8.255530  2.993774   68.651016
429  115.711449  36.400471  116.830620  0.265772  1.193847       9.509324   1273.634766 -207.514633  10.817210  3.599024  145.330444
430   96.193146  34.877308  145.620056  0.258183  1.389260       9.092534    924.021973 -156.332581   7.246218  1.955001  393.055847
431  116.680099  -2.920616  125.093063  0.337171  2.050629       5.047897   1739.495972 -143.239075   9.894134  3.668395   81.138809
432  109.911659   5.747182  131.332047  0.308647  3.288371       7.778575    705.587402 -205.955612   9.684931  2.432595   84.137909
433  127.102829 -13.966982   98.394920  0.310816  1.057888       5.777293   1125.848511 -226.925293  15.619201  2.355678   82.471077
434  114.352745  -3.763350  127.801262  0.279175  2.811599       5.671151    887.031555 -202.329178  10.646673  1.730469   53.193100
435  119.626495   6.616130  116.198418  0.303799  1.572526       5.286329   1889.307739 -138.176132  11.492667  3.803174   83.618027
436  123.318245 -16.185251   99.759529  0.345041  1.115366       7.606504   1003.486755 -180.585602  21.594828  3.982599  104.433472
437  111.646965  22.003147  123.145164  0.269194  2.652611       6.115773   1177.299438 -211.750137   8.384962  2.165966  101.646233
438  115.002785  -6.094078  123.948166  0.346401  2.290840       5.137883    892.132874  -91.056740   8.435696  3.335823  208.372162
439  120.804642   3.205480  105.609093  0.292342  1.689210       7.816326    778.223022 -215.359695  12.073302  3.519607   82.762642
440  107.809090  12.432843  127.603661  0.259515  2.659917       6.589434    901.443604 -163.093094   7.383861  2.688712  134.786911
441  107.195984  25.273701  137.387054  0.252250  1.267665       7.477414   1418.800659 -200.598969   9.185671  3.490324  152.125366
442  109.271477  11.162919  127.863167  0.272622  2.958104       5.024668   1339.022461 -181.178650   8.410480  2.652253  100.093102
443  118.688370 -13.222647  108.683823  0.323401  1.503841       7.117345    832.013062 -149.198547  14.150255  2.606348   83.897224
444  108.081161   8.420539  129.546265  0.236453  2.881932       5.247859   1734.607910 -160.091919   8.544815  3.114602   56.938732
445  121.057350  12.692389  104.565987  0.332765  1.134801       7.295032    855.825867  -84.936020  10.161433  3.133926   88.332573
446  119.809647 -15.930457   93.238037  0.328520  1.462147       6.541987   1214.325195 -185.390106  15.715903  2.985476   65.883652
447  124.502975 -21.223024  109.119865  0.348193  1.326564       6.518557    995.139465 -193.326706  16.454103  3.361059  150.702118
448  103.958786 -19.802706  137.023468  0.282099  3.827277       5.845084    800.548218 -120.030518   7.765894  2.393840   80.490143
449  106.202888   3.499725  124.870560  0.305610  3.625662       6.727451    841.659851 -167.795197   7.855435  2.875728  119.152168
450  111.241585   9.682887  115.062202  0.335177  2.924170       7.910563    829.667053 -193.262314   8.842099  3.568902  100.564804
451   99.018295  44.028778  141.632019  0.331042  1.561712      10.220711   1346.370361 -207.227478   7.976537  3.024042  526.949890
452  116.278580  -7.635241  127.029335  0.346092  2.002847       5.116581   1477.889771 -122.092072  10.252071  3.317437  118.831795
453  113.947121  17.254974  122.478500  0.313120  3.253230       5.482694    964.879211 -140.745331   8.654426  3.661427  257.738800
454  113.008408  -1.002632  126.989540  0.292868  2.270958       6.706056    871.172363 -163.107620  11.517906  2.752480  116.356033
455  115.551117  19.918333  129.006317  0.344349  1.400853       5.712293   1068.316040 -127.037079   7.469355  2.581924  177.658035
456  110.379509  18.887867  120.321465  0.287426  2.214207       6.817951    986.718567 -156.231613   8.283879  2.115731   89.154449
457  114.412399  18.138044  118.205231  0.309013  2.495644       5.411586   1718.403076 -192.806183   9.892381  3.421435   99.433205
458  107.832603  15.557895  132.251389  0.296756  2.909328       6.732523    879.117981 -192.412537   8.503898  1.689648   88.916344
459  112.864670  17.825645  127.116005  0.275149  1.607069       5.550053   1498.005005 -118.878006   7.915101  2.488820   67.583763
460  113.860474   8.945056  126.221085  0.254786  2.329385       6.674501    949.022278 -165.786118  10.393302  3.354277  146.487976
461  108.849937  19.916084  141.291351  0.271877  1.050016       8.059333    817.738464 -156.024139   9.712877  3.307448  175.197556
462  101.929054  34.788616  136.944550  0.301218  1.079285      11.968904    839.094299 -166.288208   7.710606  2.508523  172.539276
463  115.771439   5.453457  115.034798  0.285975  1.505032       7.556689    956.787537  -93.764992   9.630069  3.933212  118.202850
464  109.018700  24.630268  137.212570  0.260164  1.677952       5.325896   1854.259033 -172.434387   6.916806  2.438539   99.278687
465  107.741096  -5.253605  135.394318  0.268981  2.902333       6.843810    981.916931 -111.023575   7.414313  3.554872  120.814308
466  107.700928  26.596922  136.651337  0.303829  1.023086       8.696458   1384.203491 -106.470215   7.818185  3.054387  136.694016
467  112.990494   0.850445  118.165489  0.298223  1.969926       7.312795    842.649719 -105.363235   8.384616  3.556816  139.495529
468  119.485596 -15.130706  113.117630  0.342759  1.556775       5.480558   1193.993286  -87.275169   9.456109  3.095765  121.090942
469   94.689606  34.668835  144.967285  0.269066  1.029749      10.583589   1229.177612 -206.913361   8.824466  1.625054  196.024216
470  106.313782  32.607601  134.308807  0.233193  1.202845       8.698417   1401.024414 -186.782120   9.213768  2.113172   62.842857
471  122.519180 -10.384917   93.931343  0.337068  1.008924       6.150454   1204.777466 -105.259277  15.453009  3.922782  108.881317
472  115.195045  27.053602  124.690529  0.277611  1.117422       5.793429   1692.178101  -97.976227   8.873174  2.205871   83.065849
473  117.182014 -18.272734  125.924492  0.331845  2.898325       6.426080   1020.342224 -197.083221  11.417458  3.595305  127.102936
474  108.052460  11.737492  133.542145  0.341566  2.686485       6.657997    926.856079 -182.765762   9.177163  2.774372  139.171844
475  108.929108   1.505865  125.503593  0.276208  3.534593       5.378466   1520.056152 -185.397049   7.878541  3.946764  125.273293
476  105.701118  -4.161125  123.874054  0.343671  3.280144       5.354959   1671.937012 -131.178101   7.220754  3.698968   76.049652
477  120.074356 -14.843996  100.301872  0.326301  1.493437       7.318657    932.590149 -162.778168  12.673137  3.099926   73.972778
478  127.167587  -8.528032  102.220871  0.327060  1.004451       5.960131    934.354065 -149.796066  13.972614  3.441054  151.537781
479  111.777710  22.027205  136.600830  0.269246  1.334957       7.210436   1558.540527 -161.078781  10.733239  3.538777  109.197380
480  116.179535  20.183365  127.303528  0.315005  1.664523       9.148617    706.836243 -202.288483   8.585979  3.676279  121.868416
481  105.240051  -2.489139  131.833557  0.331460  3.137048       5.958091    760.784729 -136.395065   7.467674  3.369604  227.758102
482  111.879189  27.228598  130.042557  0.277788  1.866911       8.728224    790.528992 -233.005768   7.943834  3.406233  202.211380
483  107.520142  -3.137893  134.279617  0.278618  3.363070       6.293515    962.438171 -121.269783   7.273921  3.018534  139.282532
484  106.812286  28.832670  134.845856  0.314227  1.038906       6.187862   1819.959839 -216.031647  10.544786  2.471135  145.582825
485  109.534767  -5.562421  126.126732  0.278713  3.021764       5.736852   1051.557251 -149.794205   8.320295  2.513335   71.236481
486  111.645660 -14.759770  137.089111  0.268508  2.761499       5.269295   1413.277588 -218.582001  10.469893  3.420143   87.805656
487  112.649971  -2.592618  121.451813  0.282191  2.646132       5.340965   1487.827393 -151.157394   9.337294  3.259565   78.221024
488   95.099907  34.239868  146.747910  0.259123  1.438726       9.371092   1125.192627 -220.592697   7.035693  1.201877  168.368042
489  114.884834   4.367791  122.521629  0.308384  2.208277       7.580745    710.052124 -141.081985  10.201898  3.491099  110.770920
490  107.671394   3.626401  129.354080  0.280347  3.045502       6.783133   1384.576782 -212.516342   7.470791  3.660839   75.003960
491  109.116791   8.791543  138.522537  0.316252  2.080894       6.632715    830.706055 -159.031815  10.300951  2.189791  163.169464
492  116.423828   5.817444  126.818291  0.257773  2.132618       7.269676    899.704529 -192.158707   8.460063  3.294991   69.814034
493  115.419296  -3.005168  101.353668  0.308809  1.876650       6.130919   1103.860718 -188.982330  12.909337  2.959119   66.738091
494  124.303665   3.983441  117.593582  0.295215  1.156717       5.269946   1725.582520  -91.587402   9.553826  3.635708   66.835182
495   99.012474  34.992023  141.215973  0.268655  1.170389       8.935903    766.665039 -170.721207   7.811834  1.258620  362.273773
496  110.507065  -8.383937  121.351952  0.299276  2.959275       5.713023   1258.022705 -199.022110   9.336104  3.785688  131.626709
497  121.538223 -24.499643   90.530342  0.349263  1.380137       9.078088    848.449707 -248.026627  19.623672  3.713315   57.827969
498  123.509674 -15.240788  123.551926  0.321706  1.666654       5.379999   1155.059692 -111.942574  10.508133  3.446162  174.423615
499  108.616821 -13.329814  123.491013  0.331561  2.637535       6.784712    718.561890 -118.476105   8.597592  3.696689  187.131500
500  108.641541  13.179168  130.227814  0.340917  1.768538       5.681703   1259.864502  -79.056000   7.776881  3.696673  228.477341
501   87.589142  31.343748  153.234161  0.320019  1.151816       7.918642   1075.099487 -221.715439   8.373816  1.366226  509.752289
502  105.446259  34.852551  134.795975  0.261899  1.676738       9.879539   1412.094360 -239.747772   7.946935  3.582387  167.548553
503  101.105049  30.504932  139.418930  0.329792  1.051498       7.255397   1332.585693 -216.035843   8.554742  3.660219  333.862610
504  106.449409  36.329830  131.411423  0.287578  1.256239       6.910488   1593.009644 -196.535446   9.610044  2.939893  295.488098
505  106.305344  29.131516  135.244324  0.345001  1.227033       6.712375   1052.290649 -128.709686   8.946010  1.224709  124.595772
506  118.855446  26.120525  116.437241  0.239729  1.263159       7.026090   1560.322632 -212.992294   8.503537  3.073928   79.051384
507  114.751007  12.511498  128.939133  0.240170  2.248477       6.425189    930.872314 -125.949478   8.336886  2.603043  101.143219
508  114.253922  27.132160  123.230774  0.264672  1.231879       7.168680   1072.130859 -111.810066   8.923032  1.973078  107.936600
509  125.558586   3.526596  116.736519  0.268313  1.048729       5.636981   1378.537231 -105.367775  11.422873  3.565809   68.430519
510   97.256531  34.024845  146.234497  0.303180  1.048352       8.207778   1010.005859 -124.633980   8.388779  1.168660  379.778046
511  102.707596  -7.428936  123.759933  0.343265  3.544208       5.730514    764.520752 -133.066330   7.800254  3.482999  187.702240