           lon        lat         inc      D1AU     delta  launch radius  launch speed    t factor       B1AU     gamma         vsw
0   -29.681067   4.508507  146.760147  0.135721  2.862321      14.719495    750.688721  217.393784   8.540049  0.517127  343.996155
1   -22.387901  -0.806713  150.448730  0.172135  2.645044      46.188713    689.605896  130.125198   8.539331  0.953677  277.118500
2   -21.235443   4.944452  143.731720  0.146363  3.671889      37.549271    691.483093  -28.590605   6.882032  1.034254  295.465973
3   -17.194019  26.679993  127.836876  0.113211  3.903994      72.163788    400.649719   70.442558   5.924271  0.531642  298.765930
4    -3.363600  20.001997  143.802780  0.203667  2.909818      16.705391    493.554993   25.997564   7.208005  0.326879  307.095612
5   -18.600332  21.413170  122.073074  0.123361  1.885087      82.327774    453.131836 -181.915619   6.820678  1.736260  284.619202
6     3.247834   1.656333  167.995773  0.113599  1.503578      35.802502    821.713806  216.722198   8.784040  1.433772  291.774750
7   -10.670530  16.605963  160.055573  0.113046  4.494280      46.948151    560.275452  167.746521   5.963694  1.479949  291.327728
8    -9.017880  13.481330  149.057526  0.102030  3.152212      13.468766    499.539948   68.367790   7.754837  1.724918  370.438293
9    -6.735748 -12.082359  155.392715  0.106857  4.955143      12.002051    597.616577   48.979382   6.952008  0.778166  306.715637
10    7.838953  11.541574  137.221756  0.173995  2.905786       9.306726    735.607361  119.819481   7.847610  1.257409  351.371613
11  -10.788953   9.065975  111.486084  0.153521  1.410334      55.420532    467.401764  -96.358681   6.639087  0.530479  251.598663
12   -5.530849  10.776197  144.825882  0.157972  4.159444      13.810454    777.633484  186.939667   8.591018  1.462998  333.324097
13    0.347999  10.909143  139.677597  0.170385  2.629924      17.439732    926.280762  188.712723   6.930291  1.032621  301.419800
14  -16.142241  10.842846  160.773682  0.128456  2.985010      40.329716    686.660889  -35.695545   8.009000  0.616418  259.368805
15  -12.141509   0.439778  144.933533  0.124310  4.359219      17.289764    556.795959   10.495023   5.813388  0.922637  318.669556
16  -21.466568   8.923256  157.845688  0.115321  1.415594      24.904356    404.230560  121.807022   7.511918  0.287510  393.112213
17  -17.699654  -9.525009  135.011597  0.159007  3.682232       8.435891    919.206055 -165.221359   6.527865  0.761766  304.672668
18  -37.008972  17.137318  148.833282  0.103791  2.772116      86.050148    808.615906   94.743080   5.898281  0.713948  281.700714
19  -12.001955   7.820267  138.540573  0.104845  1.819404      15.812757    922.105042   50.278362   7.138549  1.347115  322.539642
20    0.653238   4.819077  152.152039  0.124317  1.837271       8.368826    772.826294  196.098022   7.573114  1.877897  362.228546
21   -5.989459   2.894053  110.232498  0.115923  3.318222      36.454247    787.006042 -195.928329   5.206769  1.738065  290.677704
22   -8.007743   8.687620  105.628998  0.101808  4.579913      24.423607    660.276917 -104.454994   6.259120  0.752640  284.255432
23  -28.839096  -8.911104  175.382935  0.113020  3.573477      45.970413    698.406006  113.946968   6.628637  0.952179  305.314728
24  -21.000866   6.926098  138.456055  0.126420  3.955706      10.280605    846.931152   50.052742   7.562829  1.238036  350.375763
25  -25.384050   0.150932  147.905365  0.145635  3.895775      52.649014    779.608215  -57.787971   6.411434  1.322365  279.991302
26  -27.042967   5.051612  164.400284  0.100691  4.333272      35.553299    599.377502 -124.569008   5.825387  1.029254  329.443878
27   -2.888329   3.925348  109.858429  0.115869  3.892362      20.861164    582.408386 -237.347244   5.349658  0.726499  292.842896
28  -31.257372   3.843398  161.772751  0.106710  2.994546       7.885650    834.628235  201.569366   6.763472  1.452746  409.866455
29  -10.989466  -4.853950  131.643280  0.120469  4.614748      22.695601    815.773315  -88.450981   6.681516  1.852918  312.991028
30  -20.834425  -7.424908  155.078094  0.163150  2.735151      48.131657    421.570557   46.157993   6.087806  1.540105  323.211884
31  -15.384352  28.673729  136.431320  0.150412  4.477909      13.076099    829.265015 -219.654800   6.616190  1.601290  408.552704
32  -16.951513  -1.257804  135.422775  0.202620  1.895850      48.571259    884.842834 -151.770859   7.185463  1.811450  295.076874
33   -9.357594  14.814774  151.063797  0.114105  3.656795      61.108551    641.372375  247.018875   7.694409  1.908643  268.081207
34  -20.536371  20.174957  146.738922  0.141675  2.915911       7.173546    537.469788   12.115417   5.723407  1.356751  420.186157
35  -13.705470   3.257441  142.183548  0.105682  3.736555      27.183262    404.074493 -242.640335  10.253654  0.913942  333.040436
36  -37.958641   7.881684  162.359543  0.135380  3.941045      38.858395    612.360596   76.428032   6.585241  0.717590  380.863525
37  -22.363197  -2.607871  132.491364  0.177690  4.150456      10.991888    861.486023  -58.619122   5.731647  1.410770  335.219910
38    9.561184  14.825050  139.628555  0.182379  4.191721       8.648095    509.263367  202.443283   6.069827  0.548022  305.160828
39    0.669941  33.526512  109.309616  0.137827  4.968438      49.197533    569.078064  -25.547966   6.805619  0.948310  333.659485
40   -9.339046  -9.422738  112.988403  0.178928  2.579782      15.600871    875.831970 -140.992065   8.232854  1.281858  315.891968
41   -7.197125  -2.598234  137.984924  0.140898  4.438106       8.969285    869.660400   11.517210   7.983620  1.086704  312.893433
42   -5.813093  -6.752386  147.079498  0.125082  4.867851      22.952513    830.982056 -161.833450   8.933598  1.205724  290.947723
43  -11.658039  21.918554  141.372192  0.108587  4.156814      27.881931    519.821594  232.799835   5.515193  0.746548  339.769836
44  -25.227953  17.473051  143.014282  0.111058  3.022588      22.394855    872.442932  113.172783   7.827460  0.691628  335.411316
45  -26.604671 -10.678846  131.258362  0.220701  4.456915      14.647200    673.899658  -32.897831   5.743401  0.499863  260.602905
46  -18.060993   2.479745  161.231644  0.152658  3.575496       7.310147    803.152649  142.038544   6.250143  1.097382  344.025726
47   -1.982065 -13.831096  194.220627  0.184479  2.935748       9.844481    492.624542  226.397034   5.462015  1.690910  353.708649
48   -8.046378  33.577042  120.575676  0.140531  3.757508      11.115136    575.830444  -61.840370   6.363964  0.407884  394.519806
49  -31.858717  26.290829  131.251282  0.117301  4.619649      84.952072    689.062012 -218.205826   5.796124  0.441629  259.811310
50  -20.832380  18.351696  139.949158  0.130294  2.891291      45.669834    413.326752   10.701375   5.878646  1.894245  354.403076
51  -31.013676  19.172733  163.783966  0.130910  4.796363      41.924648    748.563232   38.438492   5.177817  1.887264  378.196472
52  -15.171356  28.382425  109.297180  0.120585  3.542897      36.003616    429.519501  137.168152   5.483332  0.959260  415.960236
53  -24.563667  21.739946  142.430603  0.132688  2.885550      31.084318    897.567139 -124.206932   6.794571  1.008701  348.266754
54  -31.839401  18.080229  151.052414  0.121762  3.458896      51.781773    431.351959   12.527842   5.616305  1.792558  394.676727
55   -6.176574  13.300875  144.405136  0.136058  3.132708      52.073231    808.779907   13.734452   7.377708  1.358182  259.737732
56    0.995801  17.030909  147.437424  0.172095  3.376883      26.832674    626.410950  193.736801   7.277207  1.100637  311.867889
57  -15.405514   4.283349  143.831589  0.123317  1.255743      28.499624    490.847809   32.672798   5.922700  1.444242  344.120361
58   -4.409595  11.445341  150.363327  0.142567  2.328344      16.445568    652.826965  201.333817   6.506262  1.493816  350.092926
59   16.899254   0.270981  150.472778  0.148434  3.450417      41.036175    475.528687   59.094929   6.245371  1.713057  307.394379
60   -6.298163  22.160753  117.000496  0.105814  4.943341      18.329613    794.631653 -116.623718   6.480976  0.557556  299.143341
61   -2.775022  20.297770  166.345764  0.173104  4.627568      36.178207    403.054382   76.488747  10.682777  1.531462  302.186981
62    1.165245  12.054998  146.424942  0.202028  2.397159      32.406170    722.655029  170.936844   8.039602  0.773096  267.468201
63  -21.914406  -3.260196  150.390945  0.167024  3.783200       7.070233    912.778503  117.556053   8.085319  1.324884  349.988525
64  -10.279453  26.715633  116.652443  0.111484  2.167238      83.622498    494.446320  -71.832718   7.414195  1.803136  276.109009
65  -14.125955  25.472401  138.444977  0.131474  4.324547      22.988060    507.895020  171.386887   7.920681  0.361195  338.318573
66  -16.217735   0.766477  127.183853  0.106520  4.926867      20.030569    475.982605  108.629860   6.065177  1.229374  334.374817
67   -9.618644  -9.199108  140.828049  0.149511  3.145092      32.073448    403.676086   -3.945037   8.655185  0.820593  312.766388
68   -2.094788   5.220488  172.376678  0.170087  2.655769      10.453911    818.759888  234.603699   7.448517  1.757249  337.483612
69  -13.559184   2.942078  142.236130  0.129135  2.182092      18.475609    837.981873  135.544144   6.391922  1.516822  328.487152
70  -17.538532  13.222150  139.159897  0.122264  4.736052      32.069141    988.086060 -198.480042   5.171203  0.948973  291.294525
71  -23.759048   0.328886  143.176636  0.128655  4.302176      33.770386    422.884369  147.480225   6.973483  0.948470  330.425049
72  -27.692625 -10.755863  161.499847  0.174668  3.598140      31.572470    423.535858  108.958824   7.100441  0.368077  332.955017
73   -3.971181  18.102240  118.422943  0.155846  3.863323      12.590723    872.730286 -219.520355   6.459336  1.860720  358.205536
74    8.307402  15.839649  123.546982  0.119609  4.883557      27.526173    803.568481  -55.470619   6.728663  0.605209  250.293182
75   -8.193995   8.553308  164.076660  0.157137  2.573899      22.384100    530.822937   86.953094   5.495379  0.576393  296.862732
76   15.479522   7.395412  148.562836  0.130483  4.512584      49.081089    520.516907  161.521774   7.366498  1.185400  265.929321
77   -4.763960  -0.196479  154.037064  0.136141  2.598149      20.032135    527.913269  227.543442   6.496818  1.262949  319.616180
78  -17.803444  15.304493  142.023804  0.137227  4.985772      21.578489    532.713806  102.818810   6.307583  1.486810  367.788544
79  -10.802369  16.147650  152.829529  0.103778  3.896802      33.655865    841.834839  207.451797   6.524146  1.506630  311.937073
80  -35.857040  21.343874  160.681946  0.111008  2.921312      19.032742    699.798889  179.905914   6.198538  0.249899  378.873260
81   -0.740995   9.522150  149.253952  0.200448  1.734805      44.371391    466.942261   69.457047   5.536283  1.810725  309.360474
82  -29.678944  -7.700544  148.294434  0.220705  3.567239      21.402164    609.615051 -106.751633   7.960353  0.774894  328.121857
83  -23.268694 -12.606453  155.613419  0.173371  4.244187      17.121107    542.772156   63.751389   8.131989  1.520740  351.398102
84  -17.649834   0.346771  133.514893  0.152754  4.316830      34.632160    471.000763   31.025816   6.638423  1.294014  307.784180
85  -28.511032   0.019650  154.310745  0.101533  4.933520      37.947613    499.617645 -173.344101   7.106245  1.294224  340.043365
86  -20.901447  19.350378  155.591507  0.133585  3.645223       6.706417    606.893188  207.440048   7.271944  0.710936  380.987457
87    1.907604  20.841656  123.012192  0.176673  2.983096      46.000835    905.974670   83.714607   7.197892  1.008769  270.317932
88  -29.026766  18.050953  153.247711  0.131837  1.571574      62.753834    407.127655  -95.020241   6.367123  1.397692  362.052704
89  -10.414398  16.908381  148.576630  0.131705  2.811912      34.025925    928.401306  178.054596   6.594967  0.837098  290.879791
90  -26.478344  24.979435  128.826553  0.127650  1.765799      51.228138    985.914917  239.697952   9.684032  1.787193  375.256531
91  -32.233673  19.857576  150.154053  0.120242  4.272748      55.409615    548.176331 -170.892197   5.811468  1.774972  379.528290
92   -4.088632   6.275686  160.508102  0.125076  3.014600      32.346943    776.511780  186.688736   7.093425  0.726363  252.663483
93   -5.917040  -7.183976  156.891541  0.157637  1.830731      45.354424    442.097961   73.939209   6.102533  1.989346  300.447144
94  -24.378910  10.241829  162.061310  0.132013  4.497246      41.554337    709.131897  240.526306   6.152533  1.055112  309.411041
95   -7.152408  26.298130  130.020660  0.127935  4.348865      32.309826    748.931335   -0.856208   6.059949  0.797883  310.620392
96  -10.484667  27.163818  113.781784  0.108907  4.343669      22.231800    487.796570  -26.344391   5.736113  1.631076  401.502533
97  -35.763443  10.177547  154.221573  0.114122  3.179466      44.126537    472.981171   21.358229   5.959979  1.193582  402.044281
98  -25.259848  -0.942121  140.785294  0.144473  3.986159       6.057936    514.025757   61.335812   6.348771  1.840593  399.429504
99  -22.670622  -3.672537  154.288651  0.169976  2.734464      23.891155    696.946716  125.647926   6.883398  1.281539  339.016968
100 -30.151199  12.834509  158.543655  0.129723  2.083216      51.472099    604.119934   58.145981   5.508333  1.983428  353.182098
101 -28.880079 -22.678040  198.799515  0.172775  2.085007      45.508152    705.975098  219.990891   5.107643  1.573305  368.296814
102 -19.456810  11.782595  169.362381  0.141282  4.131440      13.018449    442.195618   68.832573   6.361801  0.980455  379.936554
103 -22.469809   9.462549  156.114334  0.147165  3.770260      34.456200    529.818848   14.250199   6.333524  1.344680  341.682953
104 -18.915030   2.209226  176.603851  0.104314  3.481786      25.318085    978.483521  229.984573   5.667859  1.118333  302.352142
105  -6.864466  13.673068  136.516647  0.130915  4.107967      26.667482    518.532532  -24.685163   6.967487  1.682658  333.619995
106 -22.496113 -11.374720  173.563492  0.183431  2.919503      18.160751    641.375732   98.545502   5.460071  1.918436  365.198151
107 -13.622997  26.808243  126.255569  0.115222  3.746140      76.502197    717.171326   44.527264   6.122692  1.026250  258.095276
108  -4.310575  17.290649  146.138062  0.181931  2.980615      35.587269    512.251343  128.180862   6.510062  1.171423  309.672913
109 -28.077801  -5.795440  128.789047  0.194671  4.223706      27.273041    762.947693  196.243210   8.601418  1.812367  324.248077
110 -18.911997   6.250892  143.083206  0.101406  3.991790       6.577809    853.995789 -120.794426   7.070058  1.593700  366.964111
111  -8.663885  -6.905512  155.997208  0.113500  4.074144      26.059597    674.978394  164.958099   6.723889  1.468214  306.605499
112 -13.272558 -10.748349  138.575256  0.151551  4.851729      26.183573    635.605286  -12.506635   8.733999  1.888880  308.973572
113 -19.606642  17.099514  128.247787  0.101873  3.984290      45.727409    792.182617 -154.014053   6.474840  1.428059  309.211243
114 -23.765059  25.565916  149.509048  0.101173  4.680044      71.309799    464.860809  223.340790   7.230564  1.029429  322.368866
115 -15.381557  -3.222677  166.184753  0.139073  3.042487      26.334000    460.687164  227.602158   7.494095  0.616085  306.712250
116 -14.944446  -7.441323  171.572968  0.179020  2.281807      16.822268    562.593201  176.858276   8.362787  1.166438  339.510223
117   0.498169  -7.592534  128.009598  0.127772  1.172560       9.628422    724.903625 -136.830399   5.434704  1.442348  336.204742
118 -10.689316  17.988863  149.626526  0.215362  1.822364      20.098932    667.731323  174.336060   8.103586  0.899659  358.504791
119 -18.460831   0.212821  154.873276  0.129094  3.654934      10.311154    466.079163   66.790588   5.725667  1.102772  372.143402
120 -18.961462  13.313806  156.657379  0.133952  4.525150      51.576359    473.097656  232.429901  10.102346  1.522512  308.099152
121  -5.349530  16.334360  155.399490  0.208746  2.515099       5.025828    619.225159  152.743561   8.749415  1.258027  371.721771
122 -24.733088  14.212610  135.398956  0.112752  4.844672      32.939945    442.800049  -91.898621   6.948338  1.709150  380.880951
123   1.567785   9.846198  139.355545  0.129710  2.722053       7.053745    620.691650  202.130890   8.483428  1.688385  366.289062
124 -14.587832  34.942120  129.070724  0.149516  3.224349      33.006447    845.000488  129.808212   5.484989  1.263406  404.240631
125 -41.870319  13.135171  146.403976  0.142762  3.667825      87.148643    519.345703   41.585922   5.439486  1.481078  373.239197
126 -10.141485   0.508704  162.115906  0.108733  4.262356      32.801579    926.894226  -63.790813   6.812442  1.947626  297.317200
127 -24.167423  10.084301  150.958130  0.105740  4.683707      11.990091    705.088379   71.846817   5.116567  1.341108  377.307983
128 -18.597418  12.522368  155.283279  0.136294  3.546823      49.542839    773.330872 -154.314972   6.431786  1.970038  302.086090
129   2.210203  14.528607  148.861511  0.175090  3.146079       6.319042    616.239624  -10.730411   7.671649  1.698274  364.773010
130 -20.091206  14.815303  134.902725  0.130283  3.619929      26.550880    802.655518   -1.524735   6.735167  1.659736  349.685181
131   2.272955  -5.120581  144.597610  0.113175  4.118230      20.404146    648.102661   69.179253   6.632674  1.440275  313.104462
132 -30.846457  -9.646904  160.908203  0.198734  3.514188       6.144671    474.247314  210.505356   6.925733  1.071175  427.288849
133  -7.347092  17.078352  130.845505  0.120121  4.503622      49.482101    608.576050  181.156326   5.823855  1.498450  287.765137
134   5.694766  23.263111  153.240356  0.177254  4.944733      28.552441    956.353088   63.704258   7.380121  1.439559  284.907501
135  -5.358642   8.394532  145.469666  0.149011  1.385315       9.926607    669.477783  163.664734   7.394081  0.285035  252.506180
136 -24.507614  16.716274  156.805634  0.116100  3.771962      25.194824    495.217712  114.333649   6.153093  0.921662  379.341827
137 -21.884266  25.595684  139.098816  0.151065  3.403403      28.608902    819.961853  -80.537903   5.940237  1.566176  389.143860
138 -14.645137  -9.184757  159.106644  0.176731  3.483365      19.184113    482.558868  124.306824   5.899366  1.738531  344.958160
139 -19.521748  -5.169371  141.069473  0.136704  3.534172      40.268532    549.380859   28.450083   6.996920  1.391789  307.014526
140 -15.551270  -4.018126  132.972046  0.136772  4.383495       7.544373    644.845947  -22.775549   8.155540  1.908323  354.779968
141 -13.060374  15.599283  127.376266  0.112013  2.772114      35.196461    653.754272  111.983284   6.537736  1.026521  305.727539
142 -26.556192   3.850090  153.229370  0.129926  4.667970      27.200312    471.929077   86.040550   5.390111  0.926599  353.711792
143  -4.963141   9.630976  139.827469  0.111671  4.793545      21.844870    466.733459   -5.242655   7.076938  1.455149  337.929016
144   1.924374  27.929766  115.001854  0.181428  3.682909      13.907947    549.390747 -193.032486   8.894781  1.839912  395.919556
145 -25.240223   2.768678  177.659821  0.123052  2.524200      37.868641    492.924011  248.611481   6.343009  1.664099  343.448669
146  18.591175   4.329063   92.316559  0.185646  3.766374      50.197086    844.315125  128.925400   5.193280  1.463839  251.574066
147 -23.053913 -11.585883  140.995712  0.209641  3.551933      21.340000    934.892456  -57.846802   5.718886  1.014832  300.718781
148   0.190746   4.745565  140.892227  0.180372  1.333062      29.050249    796.812927   33.924503   6.137401  1.516167  307.194855
149 -30.833466  15.805386  128.668884  0.134351  4.531715      18.649107    644.493774  -81.000198   6.914595  1.772313  409.837341
150 -42.795906  13.343546  170.209915  0.120044  4.206080      69.682854    469.875702 -112.235695   7.563677  1.682126  422.779083
151 -28.832245   6.033229  150.496384  0.153944  3.066135      38.937809    569.173340 -100.629555   8.246963  0.981331  333.866638
152 -21.228680  15.320394  135.427246  0.156809  4.101733      14.445281    503.757019  -45.035183   6.286224  0.383770  349.985657
153 -20.867424  -8.145490  135.592316  0.174805  4.186287      11.855444    609.356873  205.549728   6.595506  1.774684  350.389069
154 -12.222109  14.786905  160.219955  0.149791  3.579087      21.395073    857.784546  104.772987   7.492415  1.795657  336.569397
155  -5.239361  12.039175  132.040787  0.121549  3.089795      27.334862    769.597900   96.476395   9.575128  1.681750  318.834259
156 -27.112345   8.330626  141.016052  0.111284  4.995448      19.392349    562.465393 -197.047043   6.210623  1.538460  382.295074
157  11.011883  13.172076  105.362808  0.130482  4.297094      59.545429    586.766785    6.658431   5.756714  1.464283  255.045166
158 -11.867914  22.945745  100.916527  0.106171  3.599533      45.210278    651.428162 -111.895370   7.978125  1.118394  308.519257
159 -19.569036   9.407319  158.736954  0.133268  2.181808      47.937866    749.409180  201.541275   8.820805  1.303488  289.225494
160 -23.240999  -9.083462  176.209671  0.132892  3.744281       9.022196    533.193237  -30.873432   5.684992  0.456114  345.376617
161 -10.205993 -12.270795  126.994804  0.160310  3.908447      19.474110    713.016663 -219.902588   5.191960  0.840079  287.895721
162 -13.727830  10.465528  117.294975  0.101832  4.213123       9.371175    447.170532 -212.366913   8.056296  0.759165  367.865479
163 -13.708237   1.991083  132.170822  0.170434  2.333351      14.242083    453.972565   -7.862183   6.254722  1.330050  363.584991
164 -22.674694  11.454376  140.103683  0.139716  2.360137      34.932030    839.794861   59.646366   5.957939  1.272215  321.878784
165  -6.982828  19.589912  144.104828  0.126384  3.744197      27.538395    571.258911  112.273125   5.636371  1.398804  338.629425
166  -4.456718  13.008965  136.194794  0.133516  4.902241      35.384827    798.630310  199.289825   7.260744  1.310707  287.804230
167 -17.626163  13.206793  133.554047  0.113076  4.897282      44.624840    858.316406 -194.252533   6.635136  0.852505  268.632874
168 -19.822842  16.292158  152.676727  0.108535  3.927711      49.226833    551.298035 -124.761917   7.344582  1.554758  314.144653
169 -23.608538  25.187515  128.146469  0.124377  1.824952      46.307819    989.329895 -203.109894   5.975205  1.513239  356.006409
170  -8.654880  -9.387331  154.927612  0.149775  3.853026      43.302616    436.382904  170.343491   8.002323  1.779039  291.270050
171  -8.530059 -14.517392  159.136978  0.148221  4.534904       6.720831    752.435425   99.586639   5.887249  1.064366  321.519653
172   2.269262   9.187680  138.131577  0.134324  3.136847      14.825813    604.748169  -19.910229   5.465336  1.672321  343.632324
173   7.023367   5.181671  170.471161  0.131038  2.946493      24.583717    684.688660  191.629318   8.594151  0.984129  294.912354
174  -9.910028  22.784304  152.645737  0.159673  4.758122      58.822216    881.393433  234.590210   5.950808  1.591308  260.228210
175 -17.450676  -7.315441  158.551224  0.140058  2.859975      45.522591    665.258484  245.677902   5.711854  1.145184  281.768921
176 -18.595140  14.156567  127.731186  0.111738  4.148499      49.901344    727.578552 -136.880753   7.816726  1.075245  283.252411
177 -18.426895  18.222250  155.369415  0.144611  3.830285      16.606487    433.597046  249.964401   7.965653  1.231174  400.297699
178 -10.503632   5.849743  158.379288  0.129934  4.861517       8.281236    420.381866   -9.296277   7.422901  1.822369  386.344910
179   4.032038   5.045744  123.237617  0.136637  4.935123      16.039267    868.127197    1.819298   6.790715  1.786147  323.433105
180 -25.202913   5.581998  179.845306  0.187115  1.445995      48.825047    505.235077  163.428909   5.257413  1.559429  347.842194
181 -16.477369  21.110655  148.502625  0.110848  4.063256      14.968397    487.350830  114.088463   7.987179  1.023561  390.104675
182 -14.204381   9.489141  153.395050  0.131179  2.177082      10.328376    710.076233  109.275223   5.843180  1.276465  349.769897
183  -2.579424   9.465896  125.606850  0.120324  3.426383      16.005959    824.633240  -22.408566   7.238390  1.670243  331.516205
184 -26.620178  11.906659  150.103790  0.103796  2.547639      44.994495    919.221130  145.118851   7.721022  0.787873  282.511963
185  -4.886185  31.398153  129.865173  0.188605  4.498984       9.303168    690.369202  131.486115   6.402067  1.162243  390.043976
186 -14.492958  14.522341  146.642410  0.161595  1.629493      70.736031    451.545593   56.533970   7.606587  1.953592  280.648956
187 -26.381535   1.586839  168.824493  0.122072  1.541723      42.324364    713.556091  178.603363   6.417432  1.373108  318.760895
188   7.666188  13.787481  120.231033  0.250018  2.035801       8.040633    702.549805   40.292404   6.530217  1.272056  359.594147
189 -40.872459  -3.752047  117.435051  0.276356  4.954493      33.404816    443.337097  -60.423557   5.743352  0.765821  280.864197
190 -18.716581  -5.732989  142.850647  0.116126  4.655908       7.847803    634.902649 -151.425354   6.104777  1.683082  358.962799
191 -30.186111  13.729695  161.783417  0.129477  2.416899       9.589357    504.882599  -94.525162   5.902020  0.766371  435.096069
192  -3.048778  14.606079  146.811676  0.100485  4.969325      24.080050    729.473022  110.740517   8.347920  1.063286  301.810486
193  -8.911550   1.337219  168.943527  0.140904  1.447980       6.621123    424.005096  229.832382   9.156694  1.315789  378.734924
194 -12.997213  16.152975  166.547836  0.156650  3.324502      41.500168    483.028107  228.108170   5.657063  1.436062  321.772034
195 -18.813366   8.307201  137.292114  0.137014  4.416509      42.340237    448.549042  105.260490   7.965844  0.987134  305.104248
196 -19.067167  22.056208  141.362564  0.116573  4.481975      21.418560    680.826965  143.837677   5.880610  0.263833  268.088409
197 -21.859776  -3.851256  179.710953  0.111162  1.117283      43.402340    899.535828  231.851685   7.281141  1.868551  305.977234
198 -35.839378  24.126583  154.064697  0.110842  2.408636      78.195992    481.512024  127.350235   5.314897  1.646150  395.775604
199  -5.731042  11.593165  144.161392  0.102128  3.608334       8.170506    767.217468  243.417908   5.426390  1.732767  353.911469
200 -22.982059   5.187281  140.723648  0.126581  3.665552      77.364449    500.979645 -163.513077  11.385184  1.944207  258.283875
201 -14.136441  16.568550  151.642685  0.219488  1.597058      15.223625    634.060242   43.486580   6.281330  0.517660  334.897614
202  -3.877880  -6.567846  152.734909  0.138024  3.009195      21.169399    701.525452  136.775162   6.677147  1.977733  321.606934
203 -13.403009  22.524902  135.542343  0.121798  3.054889      46.727432    627.168640  -72.031219   6.466372  1.586186  323.843384
204 -28.730057   6.326559  150.130554  0.137353  3.023212      70.972488    462.583710  -90.668488   6.398969  1.630226  299.641144
205  -8.502112   9.604409  157.196793  0.143060  2.005605      25.679932    873.653503  162.136139  12.609154  1.508097  320.416138
206 -18.815414   7.427251  148.490356  0.151503  1.166385       9.354832    636.346680  158.405914   7.282544  0.933040  354.018494
207 -30.117470   0.253669  149.553879  0.197579  2.355467      31.835270    989.615784  186.234558   7.190409  1.650859  364.721832
208  -3.574869   5.057084  122.626617  0.120351  3.652979      51.532772    783.753723   26.584339   5.282591  1.661089  260.098724
209 -36.094780   8.704884  166.810486  0.114589  3.830542      66.490646    874.938416 -107.701675   6.286786  0.680828  279.397491
210 -22.032314 -14.618420  161.982697  0.208164  3.404279      11.148058    694.285889  176.687439   6.960360  1.535055  359.399597
211 -11.785259  23.388103  142.474365  0.171698  3.599382       9.028378    916.794617   59.832165   5.854728  1.284939  369.805176
212   9.973626  12.040467  197.630783  0.105080  4.287805      29.875774    801.416565  178.337265   5.161173  1.046239  286.448517
213 -16.942369   9.456279  121.596642  0.186402  1.767529      45.721401    486.472351 -174.431839   5.864175  0.775090  299.707672
214 -23.328979   1.768526  153.502930  0.125967  4.239600      68.492905    457.126404  133.026855   6.000739  1.864742  273.570465
215 -16.991510  13.317025  126.531937  0.152327  4.507474      31.059408    577.813782  158.707092   5.953091  1.381855  333.524261
216 -33.184006   0.702611  145.496643  0.152668  4.566980      57.786423    643.509888  171.112671   5.325306  1.232701  300.844971
217 -23.297188  16.903585  156.776001  0.122115  4.141858      67.016060    845.564148  -22.305197   5.831265  1.264376  270.050262
218 -12.737933  -5.787561  148.435425  0.149788  4.857437       8.792797    946.035828  -69.259117   7.458751  1.600650  332.443848
219 -18.247404  10.059528  161.948593  0.130372  2.634622       9.396828    525.044067  248.672424   5.987033  0.702352  354.702057
220  10.186110  22.924665  158.977280  0.224286  4.548245      25.756357    401.095032  171.854630   6.490733  1.086604  303.998993
221 -37.550476  10.782122  172.488586  0.102582  3.563910      83.108185    645.665710  -41.970768   6.296667  1.470279  322.969391
222 -12.047835  15.999682  146.381134  0.154011  1.803516       8.302299    681.264648  -75.399315   6.344923  0.860288  373.891632
223 -24.353104  -1.913078  146.101028  0.154123  4.823060      16.013937    559.141113  -26.744314   6.700284  0.775057  335.299866
224 -34.366238  10.467326  141.600769  0.142174  3.636402      21.731432    932.753906    1.281366   5.553548  1.712721  408.978119
225  -7.379251  23.065598  107.759071  0.132328  2.161012      40.804146    880.512268 -162.132233   6.249141  1.596263  320.784485
226   1.460248  13.182450  132.329193  0.129872  3.004328      49.518501    538.953369  143.329178   9.405779  0.955207  272.598694
227 -15.298042   5.355894  175.691467  0.131439  2.892224      19.080738    851.522827   59.452858   5.939448  0.982384  309.643707
228  -3.748742  19.349924  134.705872  0.169291  4.051596      21.937986    626.792847  101.506317   6.646632  1.574082  335.209259
229 -10.637379   4.942967  143.604416  0.124710  4.329365      22.251049    531.828064  -40.591782   9.210414  1.535461  335.738495
230 -23.838682  16.779518  128.414764  0.155116  2.826928      53.963768    710.290405  138.192810   6.574077  1.034511  299.093140
231 -37.802612  -1.429734  150.097946  0.192894  3.753389      53.927589    467.175110  232.168823   6.166043  1.256388  364.561829
232  -5.016819  16.511572  107.528320  0.115779  3.054848      10.304656    629.928650  -12.731585   7.051357  0.407134  291.652527
233  -6.034277  20.104986  141.578323  0.172291  4.004484      20.870808    928.833740   49.840767   7.236929  1.686734  334.851715
234 -26.441288   1.491821  130.309418  0.255433  2.466582      28.189238    806.490417 -157.268677   7.312560  0.589337  286.455200
235   2.971498   2.578947  137.275818  0.111117  3.479314      18.143919    929.282532  -60.314445   5.834597  1.228497  303.077026
236 -18.723671  25.860010  117.667137  0.101269  3.737369      54.737598    669.301208   89.990952   7.931976  1.776798  337.344971
237 -16.162523   3.705981  151.802734  0.109467  3.770931      41.753796    414.350494   81.555290   8.611875  1.032484  305.458008
238  -3.766414   4.343800  154.887512  0.141731  4.487171      32.522842    634.772400   38.352566   7.938816  1.744107  298.628387
239 -10.046161  11.880077  129.966553  0.149398  1.539567      25.326906    789.244202   79.122841   8.174969  1.428463  320.959137
240 -21.959394  14.584504  155.933197  0.118395  2.433756      52.495068    608.069092  217.262192   9.096896  1.427441  309.496002
241  -5.616868  20.886036  124.097641  0.143854  2.686902      72.562691    723.822510   62.387749   8.309565  1.843530  263.130188
242   0.825063 -10.259501  144.694397  0.144690  4.729553      15.285749    633.049500  -52.803993   6.626822  1.670205  328.099030
243  -1.846138  18.918394  137.567993  0.147768  3.526004      22.432514    699.521667  210.345093   6.032741  0.912931  313.154022
244 -29.628555   5.250073  156.467880  0.119822  3.546833       5.698869    851.785583   82.346909   7.355822  1.311092  395.150970
245 -24.424648  -0.802254  167.224136  0.132486  1.198674      16.868118    620.653931  169.371841   9.262590  1.296294  373.053436
246 -18.727152  -0.014636  148.284744  0.106958  2.879241      44.344528    523.862000  -46.016338   8.965221  1.415095  304.125153
247 -31.151972  31.117971  144.261810  0.132666  2.960674      70.559563    566.849426   65.272331   9.152701  0.403823  346.930145
248 -12.324317   5.521080  141.457428  0.104789  3.566729      15.252225    900.546875 -162.628723   5.862842  1.305116  324.878418
249 -10.728972   2.563041  144.579742  0.111199  4.842153      24.181017    582.016602   46.292713   6.931647  1.166845  313.085632
250 -11.532535  -7.727063  177.595032  0.113010  4.892246      23.148024    924.501648   58.326851   6.748034  0.943130  278.718018
251 -24.944763  13.748519  123.405716  0.140584  4.476180      16.428585    437.695648  -43.446373   5.243344  0.926872  405.507233
252 -18.177917  19.032349  155.383606  0.132850  3.377060      30.170786    796.881348  140.043869   5.721467  0.870235  316.200958
253 -17.638472 -11.181677  170.825439  0.123883  4.211278      28.211988    648.145447   87.711845   6.734009  1.590507  319.893463
254 -12.870326  12.520531  144.736694  0.143629  2.164686       5.623508    735.823486  -26.344986   5.473341  0.645641  321.018860
255  -7.675828  -5.346190  175.176437  0.144680  4.354817      18.255632    845.928284  212.087418   7.317846  1.473670  316.585022
256 -28.072216  24.529863  129.638428  0.135832  3.766934      36.962093    450.889252 -139.485641   6.352558  1.835420  438.014099
257  -0.851728   9.041269  152.348099  0.158834  2.137321      13.082603    483.263824  179.841843   6.997163  1.874956  370.245209
258 -13.429358  20.718584  145.287277  0.108739  4.749833      44.401722    727.602112   28.069281   6.461513  1.074064  293.876160
259   3.344486  11.552794  132.264038  0.139638  3.574724      22.117983    408.344543  -50.058826   6.480304  1.655233  348.093414
260  -6.585437  21.384089  132.948669  0.134177  3.871202      51.661091    429.300995  -37.353703   7.304535  1.076171  303.546783
261 -11.530774   3.566078  143.808792  0.154241  1.707519      38.605431    442.018127 -162.664688   6.427910  1.722312  314.882172
262  -7.662863  26.077320  124.391701  0.131561  4.785089      29.469347    910.443970  -21.439367   6.801125  1.347316  339.666199
263   0.989961   6.835265  174.561249  0.153400  4.103042      39.904240    508.501984   72.021538   5.781807  0.934539  269.618713
264 -25.149887   5.515486  160.421539  0.121785  4.815498      12.850286    657.455627  187.161987   6.689762  1.640430  381.466949
265 -38.539562  14.186101  147.179214  0.105805  4.356055      37.504669    913.233887  207.330643   7.010652  0.897654  388.687775
266 -12.491224   6.128747  131.906403  0.143519  3.719045      11.803124    599.325256 -157.645218   6.392882  1.140963  339.100220
267   2.874220   8.961494  119.007507  0.138989  4.881870      20.770308    459.057434 -174.613266   6.018770  1.196300  329.784454
268  -4.236528  11.940597  126.608994  0.121915  4.376390      46.950180    562.321594  214.693558   5.629495  1.611676  282.560699
269  15.374325  -7.219737  130.515060  0.114918  3.586314      21.323748    871.186096   78.789276   6.308279  1.514276  317.805023
270  11.201706  22.869532  148.987106  0.232104  4.021099      20.341068    531.006165  161.487900   8.245241  1.723577  321.422943
271   2.535743   8.677587  139.903824  0.127708  4.467182      40.202007    541.304260  -50.794571   6.434728  1.633962  286.189941
272 -10.979836   2.137416  173.630188  0.109267  2.783799      13.610943    656.761414  112.504173   7.516181  1.573305  338.939453
273 -29.125593  13.052854  161.895660  0.103594  2.568900      31.193130    506.662384   44.690632   5.998750  0.754088  374.864929
274 -28.353004  21.753469  162.649033  0.151141  3.270157      43.316982    722.048401  -52.804199   5.159763  1.535599  381.578857
275 -31.530401   9.162764  138.440842  0.187697  3.042821      44.663597    951.451843 -111.202492   7.877150  1.367436  331.651123
276  -6.285616   7.997057  157.271652  0.126185  2.367911       5.191640    535.307007 -158.420502   5.151578  0.413409  319.630493
277 -16.930370  -8.195939  148.509705  0.124332  3.759594      34.911758    723.057495  179.577774   9.336103  1.706276  310.788208
278  -6.077981  11.446744  159.721420  0.173235  3.209743      10.092478    658.072144  206.994446   6.814633  1.736128  352.540070
279 -25.021328   4.444259  153.845871  0.134392  3.369326      40.640842    538.946167 -136.044937   7.159778  1.288279  324.828674
280 -17.809189  19.434483  116.874641  0.168802  2.400338      17.002710    745.110107  -32.980263   8.017630  0.680738  337.592987
281 -28.796551  -3.748677  159.496811  0.118952  4.801005      36.130520    904.116455 -181.737732   7.194435  1.135132  310.151489
282   6.031566   3.287686  183.344223  0.187639  1.566146       7.040270    503.208893  226.931946   8.043011  1.070650  355.656464
283 -23.391209  16.225239  172.118637  0.170698  4.095609      27.598581    724.499329  169.768967   9.321545  1.098551  333.106995
284 -27.624372  18.683792  125.532295  0.144842  4.364873      31.277304    581.624939  -95.458611   5.185841  1.746194  386.270569
285 -30.764856  16.028923  167.416397  0.146489  3.549025      55.940098    719.679016  125.652901   5.878804  0.455607  264.286652
286 -11.400294  14.068403  139.576965  0.137846  1.977653      13.751605    425.221466  227.732651   6.449796  1.874168  395.503143
287  12.539275  -0.321753  121.531952  0.119807  3.630115      16.554365    728.216492  238.054596   7.344066  1.658539  334.505890
288   9.598953  13.585183  121.618706  0.136986  4.924180      37.579678    423.703888   63.984016   8.415270  1.370672  302.002686
289  -3.777047  26.063446  121.637451  0.164462  3.188763       5.351992    878.400818 -194.484131   5.666765  0.778467  359.080078
290 -15.706150  16.904146  161.024353  0.132701  3.420208      15.453494    550.919434   52.023834   5.989980  1.513069  379.114288
291 -28.104338   0.086305  152.836365  0.143319  3.254662      12.646974    607.518127    8.017347   6.650859  1.100874  382.110931
292 -13.275972   5.892470  154.929932  0.114213  4.022659      44.965679    466.942017   46.536583   5.515551  1.422496  296.074280
293   0.394644   8.309804  151.881393  0.133800  3.940086      21.186270    756.071716  222.768982   6.222745  1.684404  314.771912
294 -12.097305  -4.967892  171.866257  0.143552  2.965639      23.842596    700.261230  188.245758   6.391736  1.078196  301.750061
295  -0.624119 -14.679645  113.849686  0.156021  2.358861      27.833887    712.510437 -187.910751   6.965032  1.712882  313.089996
296  -4.895647   7.626807  155.410690  0.136301  3.492643       8.872370    949.618591  209.003677   5.369391  1.413499  329.143127
297 -35.379787 -12.075093  148.204025  0.282493  3.041832      55.080944    992.565735  206.497711   5.283448  1.301167  314.789825
298  -6.747742  23.742887  128.674606  0.120099  4.673835      40.860123    442.295593 -157.446655   5.703271  0.672166  314.679779
299  -3.254551  13.009048  170.747681  0.190528  2.748454      28.950689    615.183655  107.596886   6.353899  1.905658  325.548553
300 -11.144699  24.396017  157.148224  0.232290  2.969034      64.398033    771.613892   93.981293   5.822006  1.507549  275.411102
301  -0.728376  14.223239  136.112732  0.115811  3.607239      17.018736    646.501892   18.646313   6.039828  0.679095  301.690918
302   9.858795   8.793899  148.329758  0.138937  4.530516      32.665642    754.829529  157.976944   6.313043  1.777995  295.265015
303 -24.179426   6.335548  161.247177  0.118926  4.126549       7.103628    437.395538  141.821381   7.880155  1.709240  436.537384
304   9.069632   8.197058  174.006409  0.191978  2.113346       9.209596    561.889893  161.580978   7.039741  1.285310  367.399414
305  -4.465170  10.623947  153.648911  0.136236  4.156003      27.401066    583.274841    0.283361   6.784927  1.327582  304.527435
306 -20.557158  20.386675  156.597855  0.129013  4.482094      34.171368    777.016052 -128.622787   6.947123  1.856206  348.269379
307   2.695518  26.663603  113.330276  0.183506  3.492631      13.785728    489.323853 -214.852829   6.479597  0.228521  325.461853
308  -1.267018  16.366968  142.757446  0.149127  3.299295       7.925817    864.948547  223.381363   5.056464  1.002155  332.767334
309 -27.341450   6.442564  138.339767  0.127384  3.722322      31.143366    613.585693   87.390602   8.579399  1.995578  367.741089
310 -22.945633   7.180968  128.646255  0.164237  3.539049      41.270138    944.192261  -35.566685   5.561471  1.887722  310.840576
311 -22.978710  14.601269  147.012390  0.117942  2.791642      72.386398    404.180267  146.951462   8.613387  1.206843  288.362305
312 -34.528442  18.670357  139.536911  0.166760  1.963698      79.497330    595.775513   11.689203   6.816192  1.326059  355.363892
313 -18.630846  10.702026  160.196335  0.102548  2.808869      42.531284    567.750793   80.164688   7.645132  1.745068  317.303589
314 -39.554676   9.413227  167.355515  0.132343  4.209469      29.006441    534.048340  -12.137613   5.945424  0.747084  434.744598
315 -20.684315   8.679780  136.161270  0.110067  3.942812      36.920589    444.808899 -101.095169   7.380494  1.566951  337.481537
316   2.162504  11.250305  126.933289  0.101799  4.543445      25.415060    733.226990 -186.826843   8.641358  0.802850  274.578430
317 -16.738163   4.773841  124.365921  0.156310  2.701984      34.993450    727.413757 -214.484833   7.226303  1.349592  304.615753
318  -5.950035  20.018118  133.878143  0.118877  4.546851      48.044109    588.406982 -142.555405   6.740994  1.453165  295.707214
319 -23.011635   9.766431  138.573975  0.105488  2.317732      53.384632    782.371399   38.246979   6.871104  1.924035  316.172363
320  -2.990201  23.159908  136.239105  0.146170  3.879484      35.932999    454.536621   15.180412   7.632278  1.944264  352.386139
321 -19.204042  12.052993  135.472275  0.119414  4.540959       6.435387    536.698669  182.958115   6.308815  1.552059  393.001129
322   3.959168   3.498370  122.647858  0.182447  1.184354      27.716249    569.716797   86.715530   5.148642  1.716734  338.440491
323 -28.098417   9.182034  147.831039  0.110969  3.491659      47.131622    510.811646 -119.429939   7.956759  0.772120  315.729828
324 -32.707298  -3.263231  157.022461  0.192632  2.480949      60.829090    881.941772  111.687454   5.360273  1.671130  322.992493
325 -22.592541   1.692972  164.623123  0.135812  3.290684      11.318786    876.711121   35.348450   7.287974  1.808466  369.225861
326 -14.198452   1.957127  172.519791  0.123817  2.517083      50.039005    454.007385  162.116257   7.405664  0.880307  271.062469
327  -7.569430  14.488119  156.382996  0.137094  3.230784       6.140658    603.907410  198.630402   7.296531  0.803621  344.970245
328  -9.275466  11.323535  170.579132  0.231598  1.656584      34.620823    744.204956  187.193069   5.628891  1.834923  335.605042
329  -7.490995   2.513258  155.867874  0.150067  2.581780      25.475355    414.940063  -14.267996   6.379375  1.616443  333.058685
330  -2.892024   5.731966  136.945724  0.116942  3.554533      23.535040    778.134277    1.942114   6.022503  1.115163  295.261017
331 -23.086399  20.306831  151.827896  0.228200  1.284414      50.183544    618.055420  -81.955460   6.160743  1.112794  354.512787
332 -18.743750  13.524108  163.938309  0.133670  4.310978      36.837666    637.936646   79.585274   6.636457  1.408276  320.552490
333 -31.584784   4.629676  162.783142  0.126114  1.639690      44.874424    906.618469  218.898987   6.200682  1.598382  344.145294
334  -6.093606  25.166538  127.524780  0.168264  4.679027      19.562216    655.033875    7.174354   5.406188  0.541983  313.273102
335 -11.946376   9.617362  155.664108  0.176151  1.366819      33.230495    851.416809  103.292953   8.390314  1.216501  302.788849
336  -2.816645  19.493509  140.063919  0.177015  3.978667      11.973523    922.209106  -25.259762   5.395410  1.313727  330.119354
337 -28.481081   1.374834  181.932281  0.196964  1.006207      18.530455    470.992218  156.580536   5.672742  0.402438  394.183990
338 -31.550217   4.509120  154.213699  0.102834  4.023857      77.577682    605.635315  -48.922024   5.951357  1.401862  279.470062
339  -8.150306 -11.233241  180.977142  0.111007  3.570136      24.150387    491.528076  217.054230   5.686209  1.336470  324.302917
340 -17.727152   3.786920  117.273323  0.124722  4.804576      49.695820    811.206726 -211.783081   6.469475  1.459289  262.066681
341 -17.180395  17.135702  144.307663  0.103607  4.583305      10.218191    494.463898   45.759445   5.852811  1.708462  398.041962
342 -22.486887  20.410336  134.701431  0.114024  2.673956      30.097422    432.244629  148.793716   5.693734  0.582175  387.802032
343 -10.137959  -7.823839  133.489670  0.136582  3.596400       6.829047    731.412354   92.814186   6.699172  1.090962  328.603546
344  15.455382  10.859276  136.254333  0.152302  4.926878      20.975946    569.612366   99.444313   6.216177  1.755111  320.532257
345 -31.022263  25.722876  154.188477  0.120409  4.403540      10.596212    711.715149  169.971573   5.637568  0.287072  370.131744
346 -28.903358  18.171312  148.242722  0.118877  2.055921      58.666054    744.907593 -130.834167   7.619981  1.723480  335.292542
347 -21.443159  11.299376  152.713547  0.130168  1.892521      27.212183    427.184967   96.920914   7.012308  1.717465  382.676971
348 -15.120457  22.411860  138.172516  0.126954  4.505985      70.819565    723.885132  -43.891792   6.215140  1.001191  252.211090
349 -33.893429  10.997634  147.534439  0.119484  3.278616      66.007492    601.297424    0.560380   5.316200  1.642097  336.905060
350  -8.940331   6.626569  143.094696  0.115986  2.799913      26.812763    680.201172  -24.655245   5.914208  0.868459  287.492126
351 -27.447338  12.046375  146.901596  0.125378  3.745430      39.182755    866.537842   83.984734   9.232856  1.746833  344.836823
352  -8.782207 -15.961245  120.773689  0.185865  3.206795       5.465889    400.870941 -130.101212   6.974174  1.785052  419.203156
353 -29.886766   6.879889  148.783707  0.110417  4.498092      13.840526    495.644043  244.530426   6.430387  1.411995  418.038910
354 -24.476654  -0.379697  147.649246  0.166129  2.812925      54.546703    958.216431  222.961716   6.787552  1.091038  265.773743
355 -32.196896  26.165350  137.819504  0.100180  2.859478      97.981407    440.480652  -99.228462   5.284229  1.767743  335.511169
356   0.885431  10.009595  139.237915  0.152451  3.324015       5.708142    474.378571   13.871256   6.860963  0.653511  347.375854
357  -9.314607  -5.138059  156.496094  0.116187  3.396817      12.944118    763.811279  167.275146   5.312349  1.730121  337.787842
358   2.215533   8.113285  157.221252  0.137782  2.722986      24.784435    685.738342  160.159378   7.623882  1.024023  299.860291
359 -35.875668  -0.510953  167.161514  0.119341  2.354181      32.828506    709.680847  -29.413177   5.143189  0.475914  334.364685
360 -10.901381  20.379192  133.413895  0.113955  2.493395      27.553858    590.797974   20.988075   5.621022  0.905542  339.563721
361 -17.853071  14.080406  126.736465  0.143179  2.218185      44.689800    530.304077  231.738541   5.905331  1.309185  315.532867
362  -0.330768  13.971366  142.462921  0.212465  1.967896      76.745193    574.110718  -41.402016   8.690324  1.853329  254.270599
363   1.993890  12.478286  155.090652  0.136693  3.988454       6.391051    446.004425   97.575111   7.103078  0.996763  357.754181
364  -2.364619   8.150359  157.281296  0.122366  2.816277      16.213772    838.506042  158.487503   7.454936  0.582556  267.173309
365 -19.705576  20.144791  148.461685  0.120930  3.134420      36.066826    674.262695  -88.514069   7.509789  1.534211  350.289642
366 -19.353880  -2.892851  162.835449  0.104682  4.218271      53.094013    641.775452  -28.646626   7.066529  1.480237  277.559509
367 -30.471426  17.800823  147.226257  0.133319  4.676657      32.004261    481.870087   83.581612   5.837442  1.424748  413.815338
368   7.286670  18.860018  168.999664  0.205828  4.018185      12.826761    447.240295  199.197418   8.707957  0.666674  321.845459
369  -2.091506  -7.778737  156.277924  0.102262  4.227408      28.546234    542.194153  157.243210   7.087531  1.612455  308.080963
370 -18.330095  -3.678780  154.428986  0.138366  4.439914      20.132668    937.639038   86.660530   5.066184  0.858697  287.015656
371  -8.246389  11.440832  156.195389  0.118213  3.529369      45.758148    414.669891   48.919643   6.884240  1.431225  298.815338
372 -18.967693  26.842863  154.483322  0.162180  4.206328      39.739243    609.583801   48.918159   5.569353  1.457273  353.658234
373 -13.140963  15.133862  145.440399  0.118494  3.769448      20.265287    541.280945 -112.864967   5.605515  0.849863  333.643372
374 -28.180882  -7.412339  160.162811  0.159940  4.030803      51.509212    452.776886  153.503128   7.889378  1.039169  302.933044
375 -21.058067   7.299271  147.349808  0.134887  4.504353       8.558403    451.071991  237.270935   5.872455  1.564173  400.751251
376 -10.344495  15.864665  119.323395  0.127847  2.607508      35.869621    501.109375   55.699776   6.110303  0.347651  262.913971
377   1.476665   2.947334  119.635239  0.145563  3.248085      29.903910    446.245514 -200.679855   5.825904  0.481344  274.110016
378 -19.577461   6.054201  136.499008  0.116835  3.538738      31.524624    470.766174 -122.680649   6.296031  1.144577  332.543701
379  -4.237391  -0.968834  152.025894  0.134634  4.544353      29.491875    494.444885 -182.921249   6.819820  1.414884  306.220459
380 -28.675459  -2.501242  185.868927  0.137550  2.445368      37.468460    509.016479  242.707520   7.285019  1.539925  357.273132
381  -7.667327   9.625618  103.415718  0.139420  2.903535      11.785737    453.761505 -107.909821   6.233374  1.606828  364.311218
382  -6.362565  -0.422769  129.506516  0.119068  3.109059      32.035343    658.431030   80.399445   7.506290  0.819656  267.631195
383 -27.393900   2.955417  161.356140  0.157178  2.326458       8.809351    665.729553  143.944321   7.410591  1.464888  393.194885
384  -0.418524  -8.651181  145.324432  0.141688  3.608991      11.712192    693.857056  135.704315   5.759450  0.607616  286.247009
385 -11.267304 -10.964132  134.193268  0.240725  2.033979      12.037939    598.315491 -103.494789   5.661567  0.412395  293.779694
386 -16.606930  30.427822  143.501389  0.147788  4.817449      25.503023    963.058350   71.535629   6.866584  0.755546  339.935791
387 -16.568821   9.668137  157.710938  0.145702  3.033363      22.110075    466.591003  125.670860   7.247088  1.492175  356.303711
388  -7.369997  11.220649  139.061615  0.141867  1.631197      34.122143    813.627502   33.481163   5.496257  1.672151  310.812622
389  -4.123542  -7.790339  148.978348  0.117975  2.258937      16.403818    507.824432  -83.691139   6.574414  1.163506  339.261810
390 -17.048090  16.355663  140.037704  0.142323  1.562206      32.621647    473.753296  148.903824   5.852503  1.016740  347.457642
391 -32.305920  -9.362025  161.289413  0.221116  2.739233      49.934841    459.099182    8.713559   6.518120  1.685009  362.205292
392  14.108398   5.147271  112.244171  0.144561  4.063361       8.584936    538.695557   17.825491   5.847542  1.421337  351.793671
393 -15.238525 -11.675720  139.960052  0.200720  3.271120      28.808743    931.920715 -135.950134   5.836497  1.683695  302.918121
394 -35.503082  19.607758  135.576157  0.146696  4.985199      32.613029    679.164734   93.435890   6.897941  1.608071  421.659058
395 -26.524124  11.699056  122.930779  0.170629  4.548855      24.560684    422.083069   33.231716   5.633254  1.141565  380.538635
396 -11.492545  -3.944573  178.424744  0.148218  4.453457       8.668200    607.370239  153.311737   5.887080  1.794792  359.576447
397 -17.802204  21.542374  134.114304  0.129120  3.142698      10.395037    646.752930  124.044739   6.566556  1.660538  402.693115
398 -13.725184   0.684555  189.563980  0.180671  1.890481       7.118290    425.424591   96.622704   5.875641  0.986521  385.844513
399   4.103831  15.677456  145.701584  0.143705  4.668912      25.365622    576.812317  209.027542   7.652475  1.855390  321.168152
400  -4.091276  -5.395724  142.744553  0.158548  4.041447      22.213785    429.437500  -23.908659   7.218386  1.520967  333.100433
401  -8.892055   1.018993  146.203354  0.122804  1.474299      42.595764    683.413879  154.773621   6.824563  1.868644  284.524963
402   8.320022  -0.080090  137.531631  0.118541  3.422843      46.284740    850.312317  121.792778   6.586001  1.728279  265.622955
403 -13.551776   6.870637  160.516068  0.104501  4.324752      19.362015    735.329834  102.808372   6.064867  1.605745  331.774231
404 -35.070652   0.145327  138.265762  0.156404  4.977693      41.426586    559.903687  230.750351   6.022086  1.741730  354.868744
405 -23.755758  -2.061583  173.314804  0.135171  2.567658      34.321308    604.209412  145.191406   6.296330  1.482599  329.292999
406 -31.409948 -11.529033  157.217102  0.201930  3.468977      45.298813    578.245361 -129.936737   5.472482  1.981979  347.982971
407  -6.686644  30.822613  119.077141  0.138819  3.580136      34.600651    525.520752 -137.782288   6.650486  0.856207  368.510071
408  -5.097716   3.458275  161.248718  0.139041  1.942943      17.554380    436.075684  128.652512   5.620542  1.688473  346.840576
409   1.957496   4.769515  151.618668  0.158880  3.600158      27.614264    420.680542  178.865295   5.469475  1.549819  323.312378
410 -29.011396  16.583967  144.929611  0.104074  2.979010      57.199928    581.677002   58.673313   8.168106  0.757112  307.389557
411 -23.988266   4.164120  129.989914  0.176814  2.933568      37.761440    490.725861   47.875786   7.510975  0.844162  320.174377
412 -11.812545   3.524260  161.721497  0.141559  2.406666       6.068961    410.367645  144.476196   6.244573  1.304461  397.491791
413 -23.373322  21.705238  155.875000  0.178547  2.580585      28.808025    730.832397   -3.499705   5.369803  0.824336  355.804321
414  -0.825638  10.361621  128.363632  0.116501  2.651817      62.965275    575.286316   99.604279   7.726485  1.658113  256.407104
415 -24.844326   9.646040  153.788651  0.115325  2.364951      34.895382    976.267090  150.740555   7.201602  1.728531  333.028137
416 -10.386997  -8.648986  143.016739  0.146382  3.083454      51.928070    831.248657  133.526855   7.200537  1.759092  264.359314
417  -9.253677  20.202433  135.744461  0.122724  3.254866      42.918102    572.342529 -165.779266   5.916694  1.576000  319.385986
418   2.449416   5.878128  144.762360  0.153165  2.776178      31.290051    645.238831  220.069656   6.706358  1.416445  295.417694
419 -18.080648  20.383358  133.289474  0.107151  3.882559      56.106743    453.990875   -0.874314   5.949867  0.347266  267.481628
420 -33.808033   2.495330  167.335098  0.126923  3.026933      10.865561    791.008606   34.858150   8.031928  1.238253  404.299866
421  -6.314649 -11.520752  154.508347  0.105396  3.589479      47.100040    703.554382  142.448914   6.248078  1.029258  254.462479
422  -4.236587   6.711464  171.238022  0.112356  2.561902      18.783039    558.590515  193.177124   6.082551  1.730814  342.751312
423   9.159733  -5.421450  157.719421  0.136240  3.731623      18.241302    662.872559  123.705261   6.072591  1.185481  312.358429
424 -26.022371   8.792059  148.115204  0.143089  2.848850      29.232887    840.710449  -22.376991   6.141596  1.487026  349.448669
425 -40.754227   4.913936  171.704208  0.137328  2.918675      18.088520    555.703979   57.291080   5.915730  0.259899  420.175720
426  -9.416245  14.848412  102.076698  0.117698  3.437399      10.945893    701.149780  -79.763336   6.154822  1.115334  344.673828
427 -24.694279 -23.068134  153.200104  0.220577  4.461752      10.589046    737.091431  192.165070   5.951964  1.504356  338.876312
428  -4.449787   7.644741  149.226974  0.129469  2.336823      37.479923    405.745178  162.237213   7.753989  0.722766  292.978210
429  15.414821   1.748972  138.501862  0.152691  3.402662      15.551702    493.992737  120.732681   5.215710  1.499742  352.767761
430 -14.576324  11.642350  157.792831  0.132583  4.192861      13.510136    406.715759  168.345642   5.564956  1.224907  413.481720
431   7.013399   3.720389  140.702850  0.108787  4.332689      26.049381    472.603577  -36.837414   5.057673  1.216837  309.821136
432 -17.506540   0.877391  160.293365  0.153590  3.275746      24.953194    555.564209  212.922409   6.295891  1.882503  343.737030
433   3.696220  21.506350  118.770805  0.173698  3.496806      37.995953    436.257782 -161.805817   5.175231  1.356118  331.361633
434 -24.697224   1.626635  160.118042  0.139494  3.825998      24.304354    485.079315   37.598602   6.850471  1.192999  363.213654
435  -7.733880  16.549301  123.256805  0.103725  3.742704      33.892231    700.444458   -8.550601   7.328574  1.322660  309.431915
436 -22.658045  20.048691  117.253792  0.109781  4.940859      15.136031    985.301575    2.796440   6.827496  1.144011  367.639526
437 -24.666082  15.542855  146.732178  0.121362  2.593103      40.750931    537.501892 -119.909058   6.855712  1.038898  343.164154
438  -4.130657   1.525303  142.839508  0.127241  4.677087      24.029566    970.903015  150.364029   5.071047  1.033422  278.280182
439  -0.142995  26.219465  106.491249  0.139801  2.486957      17.522356    466.333954 -106.459381   7.685901  1.619255  411.546234
440  -3.298555   8.355364  132.005539  0.113466  4.636981      23.798653    409.621582  -93.222298   5.575922  1.117271  336.559692
441   0.466005   5.203820  102.466171  0.133717  3.481656      17.225386    514.763245 -241.832947   6.645818  1.577008  336.190918
442   3.677012  -3.301118  176.054596  0.132541  2.415397      20.484951    727.981934  212.704605   8.355938  1.690067  317.928589
443  -2.151284  25.301338  116.598709  0.179757  3.199928      15.556475    757.351685  -27.611193   7.896499  1.450578  366.404907
444   2.978752  -0.807717  131.333862  0.126779  2.637346      45.517883    466.356354 -123.036133   9.830617  1.605023  282.446625
445 -20.030933  13.029514  116.887215  0.143395  3.902284      49.841331    411.418549   43.638844   5.288727  1.557396  316.346649
446 -23.346893  10.286741  129.635376  0.163797  3.342607      28.385189    590.225647 -147.450089   7.622455  1.108388  337.744110
447 -24.771296   3.568029  167.332199  0.116919  2.271526      30.924919    549.509033  183.812134   7.288865  0.835919  328.588440
448  -1.814342  21.327728  137.385483  0.119072  4.868661      11.168009    763.713989  203.542191   6.530978  0.933055  327.727661
449 -12.907060  -9.883295  169.964981  0.105593  3.230165      37.234783    653.750671  100.601089   7.039641  0.979208  281.371063
450  -5.105577   3.531816  158.640747  0.138830  2.547663      21.739187    537.434631  -33.184536   7.788047  1.027830  312.492920
451 -14.921912  -6.485793  165.153824  0.133346  4.289392      11.064297    412.216553  233.730057   5.074113  0.752347  365.537231
452  -1.839598  19.933208  106.457375  0.100905  3.563651      15.113882    711.835754 -224.424835   5.118594  0.864972  331.205811
453   4.105094  15.825059  103.037781  0.240157  1.246977      26.038511    562.438721  -33.021809   6.454793  1.346669  351.761688
454 -17.231312   7.026531  115.718254  0.138870  3.634539      24.290018    512.615967  -63.600555   7.037080  1.054639  329.945099
455 -16.258383   0.707549  159.980408  0.128477  4.376838      35.546726    549.248657   93.115219   7.264426  0.959940  289.872467
456 -18.936546   5.723940  141.830048  0.122389  4.104765       9.078063    965.685974  -80.718536   5.100863  0.760029  309.810486
457  -8.637187  21.640139  149.366714  0.146614  4.186209      11.355609    545.438354  -35.179462   6.499973  0.962813  356.222260
458   2.563102  16.914434  154.736862  0.229250  2.905786      11.245465    568.958984  234.324646   8.819445  1.664627  356.306641
459 -29.924770   4.055979  163.810654  0.132181  2.349567      30.860373    671.189575  -20.273441   6.985278  1.699132  371.567078
460 -21.921869  23.575480  152.927124  0.230919  1.979955      69.392372    531.004028 -193.914001   6.372105  0.706800  302.848877
461  -3.168600  -8.209726  152.538574  0.132994  2.251682      25.974661    931.582825  139.380386   6.422712  1.222527  292.197174
462 -19.025883   8.441627  146.118347  0.134522  3.106989      14.098942    547.520630  124.377884   7.121982  1.109172  361.867218
463   3.266606  -5.469909  150.656067  0.133175  2.526388      24.538149    607.604553   53.004673   5.525261  1.323337  305.347687
464 -31.692879   6.957155  175.427963  0.104674  4.167424      54.980286    593.392578  173.218460   6.593918  0.871465  306.322449
465 -17.487196 -13.815444  158.799866  0.155297  4.967635      25.583626    592.961853  -84.099136   6.217387  0.907551  295.676514
466 -16.663103  -0.068635  157.723999  0.112717  3.093631      20.368874    821.603760   42.286674   9.798288  1.278671  321.580261
467 -24.451040  29.948078  135.101959  0.112139  1.965597      67.984383    690.843872  -94.889824   6.004488  0.885957  331.773102
468 -14.285759   3.935966  163.284958  0.101271  4.478588      10.813643    589.041138  178.931396   6.776690  0.850856  334.067749
469 -30.117220  10.369784  133.908524  0.153827  4.383767      39.522472    785.282532 -134.633850   8.702611  1.712125  343.990967
470 -17.237854  12.718983  129.600067  0.128912  4.878326      27.389605    742.111877 -249.463120   5.246251  1.621085  335.975189
471 -36.621124   1.568124  165.438293  0.144728  4.377527      44.591370    418.917358  144.876495   6.999352  1.687935  429.559662
472 -30.142439  23.163244  137.938110  0.109171  3.222790      46.705418    719.217712  106.432571   6.215938  0.671601  339.950684
473 -10.658197  11.187200  119.693802  0.101625  3.840048      25.593184    626.203003  118.738373   5.334219  1.490847  329.118256
474   8.597797   1.959241  139.466736  0.168799  3.161262       6.508536    401.385925  127.745438   6.852051  0.901993  392.535889
475 -35.211567   8.082298  146.581329  0.153441  4.408192      26.747068    680.787415   96.057281   6.548401  1.679393  404.949860
476 -24.553566   1.592504  147.037659  0.149534  2.720825      39.476139    425.424011  134.480591   9.115750  1.419016  345.977112
477 -32.711876  17.884203  145.435394  0.113164  3.459766      45.961430    573.270935   69.546501   7.368454  0.698402  354.564697
478 -14.867643   8.915495  150.841034  0.107404  4.261200      13.205435    485.479218 -140.911270   5.357172  1.457413  367.824402
479 -22.162151  23.084631  141.106689  0.116079  3.213700      68.003845    655.640015  -75.623192   7.323274  1.627394  310.737640
480 -18.219790   4.206590  171.038086  0.105657  3.916384      58.986233    572.404602  200.302277   7.671247  1.364671  264.050507
481  -9.640661  11.386554  128.600357  0.124029  3.499255      21.753935    662.495361  153.839478   7.643410  0.679779  295.237701
482 -21.686264  -0.724113  139.503387  0.156416  4.053632      48.779945    526.213074 -230.058258   9.145786  1.005665  275.041077
483   0.597188   2.941494  145.251114  0.131994  1.508362      16.778154    802.533752  227.174728   8.499038  1.477994  328.059601
484 -16.446327   3.400801  165.638031  0.120003  3.186985       8.919543    711.974670  175.345261  10.516418  1.821457  364.423248
485 -19.652449  27.582201  152.025879  0.135157  4.765294      60.941372    563.821472  208.400620   7.181703  1.062435  308.997284
486 -16.308321  23.319609  156.906631  0.166060  3.812999      38.445744    412.984253  227.333542   7.184116  1.763645  366.211426
487 -15.334851   7.157536  169.679977  0.144921  2.446938      25.612780    833.591125  157.699387   8.823442  1.999138  335.988098
488   0.760531  22.107592  110.561714  0.139961  4.268629      44.844250    823.417114 -196.155167   6.149509  0.974909  274.954163
489 -21.554131   1.161579  151.035370  0.107330  2.896624      35.821201    414.787537  155.465439   7.701984  0.280841  299.030060
490 -37.952702 -11.565118  138.430237  0.258476  4.249550      27.768047    888.851013   74.855392   5.465067  1.387267  332.242950
491  -9.460445   6.109377  111.357903  0.144879  1.706802      34.457481    658.975159 -231.892548   6.629554  1.065513  293.407532
492   0.846856  23.745749  125.797958  0.205910  2.892989       7.996729    883.470276  -16.513063   5.877995  1.009227  350.130829
493 -18.570744  12.434761  142.432556  0.102470  2.074655      14.817061    834.965332   21.613365   7.363364  1.014908  340.768860
494 -23.362345  14.821842  134.937164  0.118804  2.752887      23.416061    676.803833 -167.509125   6.537647  1.499695  371.432861
495  -2.318195  15.099342  142.842834  0.173961  3.305984      12.402500    406.582031  -25.152634   7.599132  0.990808  371.700745
496 -19.290077  -2.981655  147.046646  0.178190  2.115585      67.727196    525.972290  122.219040   6.213072  1.141800  258.225311
497 -20.455551  18.665878  150.745621  0.158437  2.750105      34.773201    794.488098   37.545876   7.429122  0.650506  295.235962
498  11.537526   3.446108  156.778381  0.131953  2.787536      13.070974    606.760193  156.790771   7.541107  0.411197  278.828552
499 -11.291161 -11.142222  163.104309  0.146591  4.718603      24.143042    604.850525  193.752686   5.449728  0.657583  273.608002
500 -28.208178  13.377744  155.508804  0.134687  1.122274      48.545071    552.897156   50.647045   5.643810  1.742336  351.157898
501 -14.406960  18.081610  140.668198  0.137084  4.035342      14.370416    886.163452   63.349121   7.170529  1.554743  363.170929
502 -11.070097  26.623617  132.376755  0.170339  2.351242      37.325745    864.872559 -233.112259   6.394475  1.302993  348.310425
503   3.312126  19.475109  102.862244  0.126811  3.717997      25.249010    786.565918  -49.692230   6.556012  1.723785  336.560883
504 -28.894903  18.262917  150.832626  0.105570  4.817999      12.901007    794.358887  178.769287   6.199338  1.019783  399.972473
505  -6.141684 -15.891802  136.191071  0.121615  4.760610      22.176329    411.358917   45.232742   6.683302  0.475473  309.731415
506 -22.933737   1.169744  147.227905  0.144931  2.379027      18.703995    868.752563  120.453972   5.386989  0.433836  274.837524
507  -2.263783  23.769806  126.855270  0.187950  2.584353      43.682835    408.773529   76.962364   5.400733  0.345104  324.566010
508 -17.397858  -3.613296  132.524567  0.134719  4.375735      12.233804    756.927551   43.084572   7.230130  1.039546  318.469391
509   0.518808  15.876749  148.418015  0.142692  3.849185       9.262239    962.322632  112.335617   8.141959  1.877875  351.742584
510  -3.481760   6.222440  138.513962  0.109595  3.126875      13.715764    788.364502  -63.464386   7.174344  0.670309  278.990326
511  -2.262503  21.942413  128.019897  0.104424  4.763311      41.206524    758.329773   44.592213   6.088939  1.122045  293.569031