            lon        lat         inc      D1AU     delta  launch radius  launch speed    t factor       B1AU     gamma         vsw
0    179.111603 -30.516811   99.402817  0.326638  3.803738      74.070694   1715.624512 -206.179596   6.251005  1.411244  415.325378
1    154.716904  14.944129  220.570145  0.139754  3.967005      48.357079   1514.545166 -109.653511   5.303272  1.043467  433.264740
2    142.910202  22.025038  193.220596  0.305228  2.625024      65.343094    698.865601 -200.899780   6.439829  1.178445  412.558014
3   -172.000885  11.423526  190.562515  0.128711  1.752494      64.230804   1874.546509  158.674896   5.725032  0.324075  349.469330
4    117.935165 -14.547390   36.515121  0.162383  1.748459      48.949802   1754.561035  248.816971   6.022042  0.548688  378.448059
5    162.673065   2.118105  161.862198  0.242946  1.261347      89.252365   1139.666626 -113.243591   8.545197  1.763466  292.685059
6    165.078369  33.115517  232.079727  0.102751  3.496420      75.839851   1082.743286 -160.420944   5.084102  0.514113  392.948547
7    178.739548 -24.356405  131.749298  0.266996  2.008716      53.432907   1393.984863 -206.387543   6.258558  0.208040  409.531250
8    140.599823  27.673588  209.224426  0.325784  2.946809      67.513870   1981.860596 -177.769104   6.194396  1.881120  343.086670
9    147.693878  20.151615  211.340820  0.280580  2.134020      53.014996   1095.574463  -61.733234   6.921749  0.480711  353.981140
10   167.637665  10.824993  130.979141  0.291571  3.041105      69.790192   1140.440063 -120.459419   5.274824  1.577320  328.292877
11   150.544708 -40.992977  114.618828  0.178438  3.082928      87.502029    780.611450  -19.404793   5.442951  0.420993  406.799225
12   165.456863  22.314699  167.846161  0.283406  3.552053      44.456566   1569.688843  -25.656511   5.243196  0.845438  415.038239
13   175.894592   4.949532  169.788010  0.145972  3.462299      86.959305   1415.125854    3.584218   6.671248  1.609344  316.525665
14   170.213684  27.374222  224.457138  0.095885  2.119575      96.921432   1292.731567  190.327530   5.742814  1.266400  305.738495
15   158.261627 -31.429298  168.551468  0.330997  2.912830      39.092960   1373.358032  230.676895   6.994061  0.499396  430.127045
16   161.576538  12.308556  228.636902  0.137056  3.564433      33.811527   1371.475098  139.640625   5.278544  0.444569  432.404297
17   128.473923 -41.865795   56.717449  0.178316  1.775654      97.019600    830.653076 -181.011200   6.467548  0.454404  441.264832
18   160.722656 -24.274519  136.342636  0.148021  3.101120      42.245075   1607.284668   87.037651   5.426517  0.479021  388.405304
19   173.407013   5.208519  159.496658  0.285400  1.974149      92.079292    577.691956 -195.124191   6.291862  0.790200  366.649719
20   140.769882 -31.722446  113.101532  0.334642  1.664959      51.758827   1501.728149  230.526947   8.221711  0.339082  352.837067
21   120.551414  -6.303581  106.625824  0.304825  2.769601      65.870010   1230.584106  248.327377   5.407213  1.815974  377.089050
22   153.775940 -14.116156   89.910423  0.189321  2.089450      44.343418   1834.742676 -243.887238   6.318917  0.772509  373.977264
23   171.702362 -12.701860  163.904343  0.109065  2.592753      66.582047    856.558533   28.192331   6.568790  0.548636  386.884979
24   132.337936 -38.501301   99.158966  0.325971  2.136861      95.377029   1098.519287  230.069382   6.407216  0.613278  296.181427
25   126.999107  47.259258  317.610321  0.248357  3.884032      93.746254   1633.168945  228.761642   6.267873  0.541193  434.817139
26   145.262894  39.778496  244.487030  0.199912  3.715213      86.899780   1938.734985    4.780539   5.975248  1.646268  432.024139
27   164.604111  15.606318  174.130783  0.289379  2.185623      82.577393   1059.796265 -170.664520   9.809113  1.780221  352.153900
28   140.506729 -39.754971   81.100166  0.110745  3.787477      98.281273    581.123291 -186.584213   5.454201  1.155485  445.402710
29   156.008896 -35.308723  109.079163  0.098892  2.099134      80.334541   1376.789551  -40.174477   5.047934  1.696669  431.249359
30   168.813171  40.880154  223.066925  0.183425  3.446979      51.862309   1975.610840 -195.122208   7.785846  0.231549  403.792236
31   137.618393  14.409658  222.735199  0.342153  1.535854      69.371651    829.271545 -101.341660   5.288121  0.445043  336.884674
32  -176.268036  -5.135658  167.755569  0.112769  3.277709      84.684586   1159.505981   50.522289   5.536742  0.517935  290.229034
33  -172.790955  -4.904483  177.542343  0.133705  3.008639      63.453651   1308.803589  -59.890747   6.881138  0.210714  319.400146
34   170.665314  13.328719  216.829041  0.107760  2.857509      79.120483   1738.102661  170.498322   5.036901  1.078606  270.373871
35   165.160065  -5.212156  136.332138  0.341500  1.082823      91.013245    658.459045 -131.988693   7.156809  1.841987  437.310364
36   168.733185  11.344300  224.190338  0.178549  2.119410      62.408730   1332.522949  146.156326   5.238338  1.154777  448.916199
37  -176.075089   7.033336  172.237289  0.183623  3.191043      85.028839   1130.139160  133.392242   5.594481  0.782368  413.608368
38   130.092056  17.427036  267.685211  0.197291  3.453105      37.792282   1590.425903 -215.022095   5.045039  0.586945  392.654602
39   158.994232  38.546646  232.742737  0.175140  3.040715      85.855186   1707.114380   63.692440   6.205714  0.844115  376.508667
40   171.408279  23.112282  213.840042  0.137583  1.273965      75.577927   1219.661011   92.683212   5.444910  0.520719  326.465698
41   145.288376   7.957060  145.533035  0.242949  1.130459      75.397209   1643.808838 -224.116928  12.960670  1.249923  273.579865
42   160.551956  32.483700  238.045959  0.132117  1.473797      47.247601   1855.317871  -52.182751   6.654251  0.277842  271.854950
43   169.442169   4.746030  193.445221  0.092283  3.775680      66.196838   1476.468628  105.063789   5.709156  0.701998  251.443359
44   135.873688  -2.669572  268.429108  0.228760  1.427750      58.192924   1681.425659 -244.132416   7.967191  1.482492  389.464325
45   169.081436 -35.930290  158.897873  0.266263  3.123237      81.813034   1097.583740  152.295105   5.181612  0.580459  378.414673
46   169.747818 -20.441385  195.025223  0.249165  3.730654      68.359558    957.104675  201.683609   7.589541  1.255993  379.286285
47   164.828262  -9.056664  205.422653  0.213317  3.413591      15.842977   1669.906250  242.078461   5.934069  0.264712  327.278595
48   172.850525   1.162797  169.729462  0.128666  3.403286      69.453171   1378.299194 -132.181763   6.316161  1.696508  431.476074
49   162.906372 -39.891708  138.365250  0.265052  2.184849      98.581429   1060.298706  240.821732   6.667845  1.094974  448.618958
50   168.322601 -20.078224  156.543594  0.115257  3.271824      90.198753   1686.856079 -182.054108   5.917467  1.941600  278.104004
51   116.568932 -13.993032   33.126663  0.173538  1.583622      65.864090   1375.983765  211.671005   5.556359  0.977142  428.269501
52   167.040512  28.406942  245.448929  0.201271  2.045486      79.589783   1614.527466  228.544464   7.721212  0.639364  315.014709
53   146.001678 -29.874823  108.417961  0.208742  1.567910      37.251171   1590.982788   72.759933   6.331495  0.280418  323.824829
54  -178.564072 -24.974157  155.733887  0.152774  1.178860      95.861015    721.932800   53.563396   6.578308  0.357070  446.321930
55   150.790512  20.949083  254.936874  0.088559  2.539066      81.039940    782.131836  123.550827   5.794029  0.984914  274.969696
56   167.603058  -0.015395  176.915009  0.096292  2.557469      69.156937   1400.309570 -150.549286   5.308614  0.914060  282.126343
57   155.224274  15.374868  197.461182  0.319190  1.339993      53.681873   1383.796387 -140.213425  10.317374  0.617302  409.501404
58   169.804108   5.179488  195.187561  0.093182  1.364154      66.884026   1835.023560 -212.003860   5.091955  1.146547  333.125549
59   140.870071  18.091719  217.623886  0.270811  2.299208      61.778534   1625.322754 -230.420334   5.328689  1.740284  409.177643
60   149.116623 -13.490757  231.944763  0.256304  1.517546      50.291103   1405.421021  175.054077   8.933906  0.436615  283.832672
61   157.045929 -10.388939  185.533920  0.225579  1.720563      52.972126   1636.273193  203.714539   6.761284  0.683512  320.319092
62   177.985855  17.950510  202.986374  0.100957  1.992183      79.385239   1165.223633 -184.313431   5.831320  0.423723  280.059723
63   129.770889  14.017392   21.017513  0.337852  1.872942      71.154999   1593.725342  179.442291   5.699784  1.375099  356.250458
64   154.974991  31.700603  223.060944  0.202193  3.370485      79.039627   1873.355347  101.238899   5.640780  1.173921  322.879883
65   136.836456 -36.157799   56.572044  0.199761  2.527085      65.241577   1554.116089 -229.831573   5.483491  0.383641  270.192688
66   156.668762  21.289909  290.299561  0.330293  1.939465      93.900169   1279.946899  216.132172   8.090539  1.817539  287.332977
67   153.211609 -18.838953  146.336990  0.147238  3.979114      54.183800   1533.790649   35.825710   5.119967  1.492494  438.295349
68   165.099625  -5.200253  192.947556  0.167157  3.763862      28.716030   1651.916138   62.531437   5.398199  0.426739  386.819794
69   167.187927   1.628083  190.618759  0.112142  1.508662      61.664871   1641.173218  117.321602   6.358665  0.945582  328.265869
70   177.360428  10.987466  220.894150  0.208262  2.645961      73.510292   1606.495605  -24.394768   5.396243  0.730311  328.144806
71   164.295578 -14.915110  139.188370  0.132682  1.240080      83.440277    906.395203 -201.400238   7.258139  1.923254  327.855713
72   174.790741   9.298658  203.551285  0.099743  3.422010      93.640846    559.479370  202.345688   7.522374  1.505812  367.551147
73   121.836288  -3.139729  338.922577  0.301978  1.083123      89.343399    829.434265 -234.092880  11.475314  1.435811  367.444061
74   173.935852   1.440963  186.942764  0.128598  3.064278      63.967422    892.085632  123.898674   5.988547  0.370326  348.679291
75   144.573547  47.399712  268.794983  0.113478  1.723290      85.273705   1365.962891 -172.119720   5.493227  0.319639  386.714417
76  -172.652100   2.507861  177.272034  0.206271  1.172040      93.412361   1532.881592   29.650015   5.890354  0.825000  433.698883
77   140.949982 -12.804651  147.905624  0.328865  1.113971      86.161369   1277.491333  117.253700  11.533093  1.593516  308.786865
78  -179.958618 -12.334950  154.635300  0.111616  3.622310      98.726280    504.143677  -13.832853   5.177980  0.851373  431.668793
79   149.787064  11.774170  187.102097  0.282594  1.474025      58.152103   1433.300659 -185.099213   9.145295  1.024781  397.561646
80   176.318176   3.260675  186.863632  0.095787  2.731139      80.129662   1501.827515 -118.674644   5.892020  0.933474  280.223969
81   125.185127 -12.194339  185.347351  0.285265  1.077862      53.015259   1055.792847  223.427979   6.677673  0.244181  341.165436
82   167.565613 -29.621574  135.671097  0.123194  1.062060      89.647751    779.911804  237.319138   6.578292  1.164995  415.011200
83   154.108551  23.328758  207.433762  0.218583  2.973525      79.250259    788.516357 -245.421478   5.784857  1.391745  346.236877
84   168.374054   9.333278  205.096573  0.084357  2.488831      80.101440   1210.899902  113.765846   5.058262  1.705579  320.346558
85   156.107651  31.033598  173.512726  0.348136  3.508568      21.199797   1883.615723 -187.035980   6.334679  0.566287  409.874542
86   143.719116   7.196464  180.816254  0.165828  2.698195      46.540619   1800.398438 -169.837769   5.000840  1.277076  405.578400
87   173.777573 -18.521217  163.362610  0.115557  2.538810      94.379662   1582.524414 -179.094833   6.597644  1.374271  257.017548
88   146.074768  -9.952049  171.897934  0.212706  1.762443      40.536339   1680.008179  207.805511   5.915391  0.883168  429.774506
89   151.368195 -32.923943  111.659279  0.107863  3.121719      88.347389   1110.298706 -179.442337   5.621199  1.513570  319.182037
90  -174.032791   6.497820  225.270279  0.306942  3.185958      95.408752    607.369446  233.774979   6.368015  0.372805  399.227081
91   162.594574  42.766891  228.210388  0.210405  3.091550      86.315475   1717.037598   15.455987   6.083253  0.610028  434.828064
92   142.241440  22.847237  223.461807  0.264867  2.737739      66.984673    636.054688 -125.886581   5.813136  1.155187  443.694519
93  -179.143951  27.323240  240.370651  0.281393  3.013132      75.354942   1462.056763  154.819641   5.421385  0.317276  313.313568
94   163.580170 -34.345978  147.084854  0.312584  1.868384      77.515282   1898.442749  236.600311   9.452812  0.584476  320.277283
95   168.135605  -7.037869  172.484131  0.141635  1.552697      64.056183   1301.458740  205.383942   6.035806  1.577828  433.813629
96   155.596634  -8.411910   82.412575  0.269987  1.531827      53.375950    962.841064 -232.971619   9.464829  0.650560  440.825012
97  -177.073669  -9.568236  170.087311  0.102410  1.912289      62.841251   1653.807739   97.532997   6.766802  0.385441  315.589844
98   166.610550  29.840082  232.997070  0.113426  1.283571      83.677315   1846.094849  107.773148   5.617130  1.566498  409.580780
99   172.437424   4.544045  186.428909  0.094478  3.896972      82.461243   1157.216675 -200.698517   6.594410  1.783008  337.433960
100  139.916306   7.068830  234.434219  0.264483  1.135661      57.916748   1135.971191 -178.230713  10.402223  0.487661  289.017212
101  169.114624 -13.252979  152.096252  0.108403  1.487907      84.336418    504.242859 -143.570618   6.131463  0.495053  363.786957
102  174.907227 -20.071024  167.320343  0.196485  2.407463      45.910881   1418.847168   97.795296   5.529974  0.351225  426.776672
103  134.683243  21.674915  265.400116  0.320906  1.298614      62.026260    922.309326 -217.841904  11.627848  0.275707  361.860168
104 -177.550964 -25.397987  148.123779  0.125522  1.556615      64.033783   1813.069824   61.625572   6.503702  0.332740  350.390381
105  174.107910  -3.689557  150.811203  0.250163  1.850516      80.395470   1313.891724 -135.610779   7.669353  0.708995  287.145935
106  154.030823  21.079803  221.690033  0.189810  2.132817      51.530121   1676.009155 -160.148499   6.929025  0.646153  351.060394
107  175.104492 -13.066105  179.602737  0.200903  2.149036      79.259834   1331.927246  167.448853   5.231878  1.932542  440.038605
108  167.221985   4.977618  200.830078  0.102440  2.263763      77.524277    958.062561 -157.003510   5.349097  1.581216  342.378418
109  161.389801 -39.772114  153.568863  0.314530  3.119427      87.923546    897.085388  246.193695   7.065066  0.681780  351.839081
110  171.649933  16.532032  220.362946  0.122580  2.686538      81.914230    775.589355 -172.639297   5.745059  1.494649  433.913818
111  178.890533 -12.630756  155.041443  0.123101  2.681920      93.779419    618.914001   -9.738653   5.812704  1.101925  403.906464
112  164.828705 -25.892893  143.515747  0.118495  3.598282      68.351257    981.588684  -59.140450   5.969950  0.466971  331.943817
113 -177.258621   1.846053  144.767792  0.336023  2.692243      74.998482   1237.978394 -120.127899   8.017473  0.496082  316.033508
114  169.362946 -26.813656  139.706741  0.099125  2.481850      79.977081   1903.382080 -153.518738   6.458878  1.255980  349.585083
115  143.259079  15.096831  239.594772  0.230603  1.490840      74.612221    933.893982 -157.443817   9.092432  0.989812  315.209503
116  146.511963 -22.229130  104.884018  0.123819  2.142122      52.920780   1961.906738  -70.856705   5.062757  1.378148  437.775543
117 -170.227982   3.838827  164.577377  0.239421  3.015964      81.441521   1383.251709   64.695496   6.877521  0.434619  417.217590
118  118.542564  30.024498  281.919556  0.293713  2.737316      91.997894   1900.090332  -86.676414   5.802188  1.650154  375.172485
119  168.508728  16.403023  221.638733  0.114055  1.817255      86.778244    587.843079 -133.578079   5.040828  0.414186  297.788483
120  161.035919  -2.919343  190.877289  0.133525  1.969759      47.766651   1249.479370   41.904808   5.448461  0.463836  299.760803
121  168.262939  14.425833  211.635620  0.100122  2.482822      77.495285   1159.353760   79.602859   5.509537  1.994034  396.226349
122  166.977020   2.808889  228.452118  0.220071  2.465530      57.860538   1546.765015  222.553482   6.389373  1.141624  407.871796
123  172.918427 -36.235458  126.090080  0.100914  3.727731      96.954971   1123.525757 -224.892090   6.292908  0.630239  345.142487
124  163.839020  37.609165  233.518097  0.206430  1.290850      63.793919   1464.388550 -172.537033   6.772269  0.212636  317.555664
125  158.006577   6.767129  189.888763  0.145590  2.161909      71.677803    613.587219 -235.549164   5.666266  1.474050  383.949951
126  159.644836  10.914837  227.913071  0.142056  3.812645      58.668228   1316.157959 -179.690552   5.708168  1.717312  442.841583
127  161.140747 -34.290905  125.183044  0.137442  2.478098      54.511181   1466.181763 -192.251053   5.824681  0.383877  373.683411
128  131.301025   5.496217    9.423621  0.213894  1.559310      80.601334    645.514526  220.938675   7.316765  0.713454  273.716492
129  140.043625 -29.998247  126.258850  0.267271  2.988915      65.321754   1555.123413  152.792328   6.251786  1.718174  419.322510
130  174.071396  26.634590  234.289429  0.138821  3.710939      85.762749   1533.705566  -96.012680   7.447594  1.545119  448.153778
131 -179.531616   5.478728  185.173340  0.129768  1.120671      86.354408   1113.516357 -194.322754   7.240646  0.601788  286.721375
132  145.550323  37.102245  251.268326  0.197183  2.373445      97.998550   1190.446045 -120.463760   5.381728  1.538204  375.910370
133  108.496498 -17.506216   33.035164  0.143125  3.774980      44.916843   1894.338257   94.169174   5.469849  0.261108  283.411255
134  152.356903  -5.338744  251.371765  0.262356  1.128362      72.272049   1821.170410  173.961563  10.651409  1.241203  295.819305
135  155.306992 -22.682911  178.950012  0.329352  2.106253      85.961357    799.603638  153.973953   7.362386  1.014012  265.279877
136  174.811829  24.375191  195.500748  0.196753  3.294238      70.278236   1437.245117  -81.069656   6.578794  0.397324  287.708527
137  148.045670  11.536340  283.328796  0.232013  1.114203      23.608360   1747.967773  233.397369   5.165668  0.336567  370.017487
138 -171.984543  -4.002276  191.320602  0.156602  3.497848      85.909241   1829.364868  -25.501673   6.463016  0.895444  415.834991
139  162.848663   3.842294  216.290665  0.165742  2.021991      62.994751   1075.176392  188.794052   5.498551  1.988096  445.695770
140  172.273941  22.854956  207.664383  0.120257  3.289572      83.440361   1207.663940  -85.007790   6.260136  0.617345  265.349670
141  166.001770   5.188701  167.104477  0.153425  3.399201      77.499504   1275.261475  -78.421875   6.435442  1.809880  308.076538
142  177.183228 -41.611744  136.308640  0.102318  2.424054      93.416069   1334.398193  -54.534222   5.629906  0.208728  256.693817
143  165.523392  16.413843  192.968811  0.224712  2.007359      81.186119    683.022156 -151.541931   6.931662  1.692760  430.641327
144  164.131622 -16.500332  224.916565  0.319703  2.626086      52.605537   1127.131470  153.892685   8.819271  0.452473  280.189667
145  163.796799   7.326549  216.869446  0.168773  1.275304      71.814369   1152.134888   48.834175   5.932099  1.647428  387.632477
146  178.305862  20.954390  215.664536  0.140463  1.667485      76.457001   1339.997192   82.246574   6.748135  0.483876  340.312103
147  155.685608  -8.625235  172.453705  0.125684  3.318444      58.531647   1388.140747  196.971436   5.114987  1.718714  400.548157
148  154.331894  15.640983  221.378769  0.119466  3.468480      51.322487   1636.869995  212.657837   5.424411  1.071596  395.875854
149  153.395828 -17.676706   98.026237  0.161094  2.074759      53.480789   1413.260620 -241.620239   6.945755  1.047566  405.881805
150  154.274658   6.613453  199.350525  0.093968  2.889308      69.286758   1822.305908  -48.279316   5.489157  1.412143  257.442413
151  153.396393 -19.550947  144.466293  0.292034  1.102184      81.702087   1190.628418   51.326382   5.926657  1.596626  367.218353
152  160.751266   8.275635  204.463089  0.118805  1.300820      80.162712    676.703552 -152.322876   6.255043  0.987356  281.148895
153  171.683243  11.565173  204.492981  0.133390  1.578211      50.823582    902.979797  192.391937   6.796836  0.245703  448.091553
154  168.979858  21.132589  207.620255  0.150972  3.565589      50.231525   1396.747803   28.758959   7.298825  0.498406  419.695831
155  165.387878   2.762876  152.171555  0.161713  3.812009      48.640564   1409.211304 -168.994125   5.533409  0.965855  409.039001
156  139.594055  -9.184072  185.684341  0.211987  1.213623      89.617020    503.188995   89.980133   5.490647  1.259712  281.080536
157 -176.753860 -18.399158  201.373367  0.288881  3.772301      83.464661   1873.155762  209.306229   7.805573  1.251731  321.621704
158  144.881653 -34.573128   81.896339  0.189308  1.215787      68.015274    936.490601 -235.284576   5.305083  0.386598  424.203186
159  151.166672  40.989559  267.512177  0.113420  3.182281      90.883469    750.600403  218.184402   5.903487  0.212888  383.538971
160  158.495956  25.670599  249.327011  0.134835  1.952404      70.258774    808.618469  235.137115   6.278373  0.333015  333.571045
161  157.974991  -0.750084  145.835083  0.251344  1.174261      55.969658    730.224304 -229.757019   7.590384  0.211559  434.456970
162  163.845444  28.164190  176.996368  0.301803  3.644060      62.786015   1395.687256  -57.774494   5.498197  0.769238  271.149170
163  166.308929  13.386520  189.847580  0.173621  2.521667      74.972939   1140.688599  -44.488201   5.403838  0.777387  277.517761
164  177.089600  26.801834  173.591690  0.347254  3.182090      88.882233    987.016418 -180.818008   6.145041  1.510598  397.474976
165 -173.383026  -6.745548  167.531967  0.194822  1.201793      99.352119    847.019409 -197.960907   8.329652  0.645765  427.715546
166 -172.794510  28.882689  238.042114  0.325011  3.201631      94.590584   1423.955322  223.254211   5.161271  0.421804  419.743073
167 -178.617279  35.267628  190.800537  0.306115  3.460089      60.022106   1587.836060  -44.799038   6.575476  0.218937  445.675262
168  159.876923 -35.259521  117.150787  0.103598  1.576319      80.296127   1974.726929 -241.964218   5.053515  1.642196  412.941742
169  173.967682 -16.438337  158.356079  0.143880  1.807155      38.642483   1516.151611  129.032013   6.106008  0.270664  345.856720
170  151.092911   9.651787  189.483063  0.204890  1.936500      41.974377   1766.171509  -77.795998   5.495308  0.621025  342.259033
171  173.416855  16.494780  217.669922  0.136816  1.888558      93.650467    531.047058  199.271652   6.078471  1.721873  445.501953
172  153.840134 -23.227844  146.777206  0.250799  1.839835      96.380501    965.323792   84.680496   6.743040  1.786325  255.273071
173  129.191360 -10.258765  144.071396  0.324393  1.625190      60.911751   1150.169556  232.045212  15.057199  0.489670  316.656769
174  140.591095 -30.648735   97.409416  0.240230  1.288309      69.028725   1042.438721  171.081802   5.666245  0.589239  405.717743
175  149.585800 -29.382505  175.914703  0.315965  3.138796      43.305061   1529.934692  246.857864   5.976347  0.589393  322.784851
176 -175.796005  -0.681570  179.055695  0.118381  3.991581      86.315048   1304.957642  218.720627   5.395014  1.338256  438.736450
177  117.014694  -9.404578  356.330231  0.260890  1.298825      73.294693   1340.889771 -198.039841   7.263607  0.935557  393.329010
178  135.360260  11.787670  264.301270  0.264862  1.408848      59.757347   1524.371704 -244.954941   9.997156  0.902839  355.703827
179  133.915573  -3.598671   37.858253  0.166336  1.094285      79.999016    773.629272  195.827286   5.441197  1.650915  298.829041
180  168.126846  25.565998  214.574814  0.154859  3.604565      58.740982   1139.617676  -11.100353   6.149433  0.264842  322.617981
181  175.048447   0.313516  178.601425  0.099527  1.731710      83.721092   1164.400146 -235.638519   6.280333  0.895153  269.915375
182  150.487656  24.897532  270.724182  0.187046  1.420234      94.625107    555.995667  216.996902   5.382862  0.992500  317.637329
183  151.176025 -29.965662   63.886288  0.312951  2.081878      79.433243   1702.094971 -211.161896   8.084416  1.479046  363.056885
184  159.969070  -0.058307  173.960648  0.164600  2.624456      26.438963   1503.526611 -208.164597   5.589483  0.319134  338.669067
185  156.979919  -7.962608  198.886353  0.199080  1.979273      75.689026    670.641602  241.725906   7.997085  1.246365  344.408081
186  155.896652 -35.911320  140.026794  0.206695  3.694078      87.538589   1114.553833  220.117722   6.214081  0.842350  269.931610
187  177.029587  -2.184095  227.192169  0.318693  2.753500      57.171513   1355.713501  144.677948   7.077909  0.434431  279.772247
188  157.288559  24.607121  193.298965  0.233277  3.731792      73.331711    749.227539 -207.039536   9.026658  0.809216  308.869720
189  168.668808  13.671319  189.688599  0.154017  3.162479      75.284485    923.981323   41.999508   6.195131  1.897881  431.813782
190  136.261887  45.432686  262.633850  0.190863  3.706104      87.487473   1502.236450  215.064957   5.007021  0.330258  272.977539
191  179.154495   0.224080  168.313263  0.130811  3.374394      99.874184    699.221191  -61.428089   6.227603  1.743195  328.742554
192  157.275040  19.962122  209.800339  0.170358  3.476582      37.063206   1762.489014   13.177673   5.558426  0.500262  372.717072
193 -175.273392   7.890036  171.814209  0.210797  3.013297      82.147148   1011.767883  -69.083397   8.189519  0.478310  407.345612
194  120.952080  -2.923539   51.621788  0.296800  2.041216      66.566727   1822.276611  157.555069   5.393946  1.609515  402.079346
195  167.135345 -13.338884  196.225433  0.201403  3.444454      77.976799    501.421783  122.292793   5.218889  0.979776  401.753052
196 -175.123840 -30.480385  139.119278  0.207662  2.346034      62.612083   1736.749268  -73.794220   6.243961  0.206555  378.978973
197  169.878128  18.121119  195.078568  0.146926  3.830580      85.262527    690.292480 -203.095200   6.970672  1.507294  379.002838
198  175.891647  -9.036080  163.043884  0.135092  1.972759      66.133377   1931.483887 -107.349297   6.485740  1.352024  440.223419
199  155.648804 -24.362494   83.355598  0.295352  1.638825      84.190765   1620.283691 -189.582123   7.794687  1.655792  347.962158
200  178.787537 -29.062677  151.655365  0.123023  3.449676      88.346352   1363.968994  161.559052   6.487276  0.965069  443.125916
201  165.166550 -19.262918  170.868530  0.253248  2.038844      82.010925    602.968323  -16.327961   5.544185  0.225433  277.217957
202  148.900696   8.807007  211.226028  0.174736  2.134467      39.276051   1229.657227 -203.156372   6.527872  0.431372  352.757080
203  162.237946   7.712765  146.186371  0.304970  1.894264      81.743431    569.784241 -221.135895   9.317466  1.554538  411.599792
204  151.482117 -20.827784  175.465836  0.301405  2.125236      82.703644    545.054932  150.811844   8.503597  0.808413  343.406555
205  151.360809  17.121901  200.930313  0.222759  2.486258      74.205559   1172.584839 -244.228226   6.400717  1.883605  332.385284
206  169.415100 -26.782490  177.983612  0.251391  3.482593      81.746376   1268.815796  -46.533001   6.032602  1.288677  314.581940
207  162.012817  23.812834  211.569366  0.157997  3.829901      60.795376   1647.271729 -207.158539   6.698377  1.172560  420.644257
208  157.520401  18.977734  256.384552  0.232638  1.282050      69.663559   1312.321045   87.020309   6.753992  0.692718  323.522614
209  150.176605 -23.306938   67.859146  0.317703  1.443579      79.255196   1022.719482 -160.312195   5.874753  1.768225  434.014954
210  170.193100  22.486998  217.008255  0.103434  2.074048      86.461479    692.039062  -92.485970   6.031966  1.709691  447.752075
211  117.225594 -17.829355   53.580124  0.329028  1.424623      74.516319   1022.104126  228.794571  10.955335  0.554214  424.324768
212  175.093262  36.404446  226.632965  0.137939  2.053158      65.895805   1610.981445  -47.503696   6.194477  0.278974  428.309601
213  158.625763 -33.350807  126.056160  0.127808  2.819337      86.246529    619.218689  115.573570   6.482283  0.252498  335.345581
214  141.461273 -18.879278  124.832207  0.286123  1.497180      83.021935    774.890442   82.879654   5.594719  1.593072  353.185364
215  163.731461 -22.570812  168.513443  0.213385  3.129642      72.357109   1672.358154   91.808250   6.096147  1.693131  369.109375
216  165.634079  15.012876  125.719101  0.310993  2.965402      74.012894   1422.823608 -195.870087   5.067625  1.977561  302.406738
217 -176.966919  29.627605  202.742905  0.144308  3.825755      98.363991   1209.938477 -205.836716   7.038805  0.566205  420.523956
218  146.157715  22.036226  264.190399  0.086975  2.166153      63.959110   1352.558105   62.415192   5.140728  1.024099  336.057098
219  167.547089  -4.660473  185.135223  0.190832  1.107888      62.903217   1853.071655  190.410919   6.096702  0.930632  333.310944
220  161.901901  -4.888978  180.808746  0.104364  2.863503      74.742546    960.089355  -12.203642   6.763164  1.661762  319.630127
221  172.711288  20.299044  178.412125  0.284939  2.785476      70.825974    862.333130  -63.323193   6.204285  0.230969  262.671173
222  159.780380  10.950903  229.911423  0.109449  3.945083      59.363270   1914.692017  193.057114   5.312733  0.863210  268.884521
223  175.625641 -25.090433  183.358170  0.331978  2.689946      25.107191   1714.285156  154.486755   6.096242  0.235850  415.875916
224  130.469788 -46.364479   70.050247  0.100129  2.654856      59.472599   1810.471558 -179.590881   5.686966  0.248898  342.109253
225  177.045776   4.280453  207.627289  0.184436  2.430542      74.176193   1390.480591   62.784615   5.602140  0.697056  323.460999
226 -178.699753 -36.791740  140.686829  0.088032  3.790551      93.851990   1668.464722  -80.768776   6.739253  0.469590  365.414764
227  171.864243 -34.314518  177.094666  0.298168  3.789016      96.891258    637.459656  153.588928   6.599409  1.916912  359.747314
228  165.424683 -16.018129  114.314331  0.179031  2.977916      85.352547    722.995483 -244.123215   5.267252  1.589530  316.211273
229 -177.573685   4.728838  202.532288  0.155350  3.245807      88.234238   1121.567261  178.805618   5.502975  1.470991  435.488312
230  147.258011 -38.204639  125.968552  0.302117  2.549984      70.150459    811.995789  212.974930   9.362555  0.216972  441.199005
231  134.763443  29.952242  251.023773  0.302678  2.360232      95.016617    886.883301 -175.532578   6.665525  1.896296  332.602051
232  153.898117 -17.776312  157.655182  0.243035  1.830639      49.979706   1422.387329  134.251114   5.714037  0.919657  435.553864
233 -173.925583   7.691679  196.329926  0.147818  1.854942      70.572800   1565.179932 -116.318794   5.026393  0.411242  370.720764
234  173.896164  13.439256  165.002792  0.234712  3.696764      46.491104   1499.557739 -214.273727   7.057575  0.391083  291.831573
235  123.726105  -7.552101  324.903870  0.286884  2.010151      75.339470   1720.709473 -214.380310   7.053802  1.190518  279.123688
236  146.024567  24.131016  200.995575  0.337507  2.377595      38.739265   1053.314819 -209.484970   8.249772  0.304960  435.269501
237  156.081970  38.826122  246.381989  0.120517  3.441986      81.238029   1466.387329  -95.266556   5.164145  0.954933  437.853302
238  149.813095  36.459229  262.003754  0.099061  3.130894      71.461510   1427.614502  122.611626   5.748444  0.619571  375.179718
239  107.406799 -13.788329   33.245506  0.220505  2.262221      87.467476    854.112244  235.073380   6.326633  0.389456  372.172516
240 -177.729568  -6.971082  164.468201  0.144437  2.231136      95.485664    784.748474 -126.266998   5.008368  1.158772  407.969574
241  151.104462  22.722088  280.693512  0.213927  1.917412      80.042114   1916.326050  170.297424   6.957944  1.650789  326.311340
242  139.312057 -36.239712  101.702995  0.247708  2.349892      24.480448   1789.111572   51.428425   5.336609  0.253863  446.526550
243 -175.671066   3.970779  172.236008  0.191196  2.435535      86.030807   1886.580688   59.680878   6.598836  1.101166  395.550720
244  169.105972  24.233820  236.090912  0.128464  2.988790      93.172997   1830.696167  -94.689949   5.202481  1.879386  320.485382
245  143.444122  10.338566  204.936295  0.226561  1.902775      62.782455    843.205505 -160.274261   7.789958  1.338873  424.948059
246  170.687912   0.921567  185.525803  0.122995  3.148835      72.119377    785.660278  169.124374   6.295740  1.278564  422.884277
247  164.924133  31.400011  179.475723  0.337795  3.552617      52.980457    805.241943  -88.092781   5.761638  0.396138  427.334381
248  152.804306 -12.867771  193.036453  0.244890  1.999588      50.514706   1580.928223  147.533066   7.925381  1.115188  413.173370
249  158.992813  -5.613224  262.916687  0.349651  1.340948      74.709152   1648.760620   99.238335   7.254889  1.789434  404.966217
250  145.948166  14.493013  235.086563  0.201070  2.023498      25.355759   1316.411133 -181.476517   5.812919  0.223737  327.795624
251 -179.024307  -2.252386  182.438354  0.104699  2.888640      78.929741   1932.455566   -1.963214   5.447665  1.496675  412.829315
252  140.629654 -12.325736  135.548157  0.255489  1.439803      80.295044    759.789917  106.915100   6.063551  0.833317  259.664032
253  167.456268  -2.856704  134.603348  0.218066  2.652970      78.645210    720.470459 -199.216248   5.065859  0.669067  277.982178
254  170.068069  -1.102752  206.739304  0.219481  2.307927      26.774899   1504.348145  101.596260   6.248379  0.337352  434.589294
255  130.317261  -4.834284   97.736656  0.344580  1.368629      79.840431    612.809753  206.546936  12.106059  1.295848  417.806549
256  106.860435   3.317829  336.677765  0.283110  1.490202      84.473335   1385.785522  -71.618706   5.127734  0.929315  445.116760
257  173.604584 -30.368917  131.097107  0.146149  2.926417      70.147881   1066.260010  -68.866829   6.324130  0.390115  438.929016
258  127.366249  46.444294  266.844177  0.252071  3.926971      99.817879   1355.437378  -76.708244   7.015482  0.611428  410.727112
259  164.560349 -54.529465  119.667320  0.124226  3.007783      93.324097   1853.746582 -142.279190   5.459663  0.242557  408.383698
260  163.864609 -16.441887  175.562820  0.193226  3.203193      50.990688   1080.516479  204.121292   6.088126  0.643432  437.742554
261  159.483429  -4.040914  252.447830  0.313265  1.619297      52.411339   1077.897217  208.791504  11.198473  0.371635  346.271912
262  171.443008  16.267820  208.082077  0.112179  2.188061      47.422001   1240.789185  -19.829811   5.992417  0.416632  438.892609
263  153.813217  24.654306  237.984543  0.137832  1.818763      81.351204   1793.288574 -180.184464   6.996763  1.228377  261.054993
264  165.561890   8.506196  235.337418  0.210340  2.180874      68.124245   1393.132446  241.652771   5.555161  0.821629  297.953888
265  122.583183  -3.281795   46.698143  0.315781  1.625477      32.035133   1289.157715  179.301361   7.709333  0.276526  442.139069
266  153.618256 -28.006937  147.362335  0.219797  3.032391      80.190689    673.526672  -51.094139   5.235549  0.400858  256.942413
267  167.848114  -5.456747  169.940277  0.116973  2.149079      39.894379   1890.802856  -65.389717   5.122895  0.603097  378.452637
268  156.156952  12.336086  196.598465  0.165388  2.387620      73.992027   1234.341797 -165.449646   6.015470  1.604649  319.664581
269 -169.957687  22.855040  195.053421  0.217395  1.407972      88.501968   1946.990845 -161.698761   7.668791  0.326613  383.598907
270  173.023621  17.917313  219.556152  0.119440  2.418414      81.374069    853.587891  182.146561   5.720895  0.430565  284.398834
271  149.744690  20.841484  194.004440  0.329603  2.064347      38.492290   1416.345337 -249.723999   9.413884  0.341660  333.915802
272  145.237839  10.751649  135.481995  0.251035  1.301776      50.786968   1490.584961 -137.468063   7.771001  0.810210  404.803955
273  160.398041  39.909721  226.049576  0.187015  3.985937      99.023010    964.830444 -151.771439   5.671434  0.964010  392.248779
274  146.524536  10.501383  118.153145  0.221823  1.141788      85.325012    837.759949  -97.452919   5.716742  1.195503  268.657196
275  178.333160  -2.118013  181.732819  0.103613  3.274156      82.543701   1668.523071   75.056732   5.456070  1.301677  328.082733
276  155.873947   0.467623  291.004211  0.310727  1.158313      76.818779    840.285095  223.904099  16.101831  0.439147  252.643738
277 -174.565994   3.188373  184.342911  0.096394  3.570182      85.311447   1655.640259 -142.643646   7.029970  1.250208  444.283356
278  178.721252 -26.614010  151.178101  0.110076  3.659178      90.405731    798.269470   42.601879   6.850303  0.367320  359.464478
279  159.186920  15.035045  209.427750  0.127125  3.495225      73.924118    936.593994   39.481792   5.010301  0.856532  276.465088
280  130.669220  -9.584538  246.394806  0.275840  1.177543      69.792557   1038.550537 -242.735596  11.074096  1.460442  423.727509
281 -176.039612  -4.688622  182.219971  0.173212  1.140908      94.332535    892.603027  -11.282640   5.418885  0.778717  404.003876
282  161.106308  15.340518  209.109558  0.129594  2.284690      87.101845    576.689514 -177.304626   6.208848  1.302296  308.314423
283  164.509705 -36.777122  126.211296  0.119942  3.486438      92.194603    821.012878  121.286568   6.557449  1.176424  447.930542
284  174.853424 -11.246523  154.552902  0.179885  1.157674      81.136559   1532.204346 -127.766602   7.219370  0.695982  260.110352
285  176.284271  27.095270  209.786514  0.130376  2.707717      69.165253   1589.288330  171.729782   5.946929  0.434588  372.063385
286  143.189835  13.745801  241.884232  0.178689  2.032466      56.379791    926.088684 -248.539459   6.593801  0.636433  376.551575
287  166.293579 -24.086754  163.707230  0.247367  2.205897      74.641624   1793.492065  244.854187   6.668054  1.142533  365.552032
288  160.625900  34.134926  243.248398  0.082246  1.995708      85.893745   1964.300293 -166.730103   5.301526  0.883652  281.802948
289  167.296722  12.774604  205.433929  0.109009  3.130505      71.458870    922.089294 -244.711853   5.887958  1.464288  408.551392
290  159.746490 -20.850197  148.678085  0.236614  1.425660      38.329350   1504.819458   71.949471   6.371151  0.372899  400.753418
291  155.134079  17.056009  188.701675  0.212115  3.105945      61.220547    885.030457 -221.829636   8.336405  0.525581  290.312195
292  138.009811 -27.416538   36.236977  0.289214  2.300921      11.275140   1576.946045 -190.008286   5.469763  0.200937  441.380127
293  154.049850  26.273148  260.115845  0.134625  2.478608      80.038109    549.304077   97.894478   5.469342  0.429260  439.756165
294  161.543213 -24.237135  111.824234  0.197490  1.578733      78.077393   1698.000488  -82.913437   7.247295  1.268600  347.441467
295  137.368546 -32.911087   85.150826  0.191503  1.012445      96.073143   1242.362549  143.931534   6.735570  1.651818  322.639099
296  176.281158 -14.538486  145.490585  0.158399  2.631893      50.753696   1636.413452 -194.879013   7.077583  0.445913  375.106079
297 -177.325195   5.443365  208.430313  0.172971  3.212525      91.959946   1932.693970  156.130325   5.897676  1.185162  311.226196
298  147.202881  14.243711  279.540802  0.198977  1.093297      51.550568   1942.511719  247.277512   8.050586  1.448192  448.152069
299  176.568909 -35.220913  138.882477  0.119348  2.924325      85.104004   1372.272949  -43.006897   5.532816  0.572292  430.490570
300  178.756195  12.063270  152.310394  0.316265  3.177053      59.594128   1529.478149 -177.521255   7.677873  0.613125  330.680298
301  168.022705 -10.119598  209.203979  0.310510  2.106263      62.034447   1047.078735  208.671265   7.788142  0.622927  386.511566
302  152.802567 -34.570427  143.725479  0.241038  3.609329      77.959656   1203.683716   93.051758   5.837220  1.538291  364.246582
303  131.631485 -39.458420   81.898499  0.137318  3.649881      81.300629   1787.718506  -85.825249   5.426239  1.225181  424.709869
304  159.717331  20.749601  246.137329  0.114440  2.354096      96.192116    753.770935  180.982605   5.033201  1.960681  264.805511
305 -175.038986  -3.243540  130.812347  0.295516  3.981222      58.512745   1386.184326 -212.063339   5.016016  0.833426  409.691772
306  176.961273  23.042984  217.014542  0.137320  2.446628      33.398659   1924.694458  103.811371   6.218546  0.237578  386.371307
307  144.499573 -10.449699   53.095707  0.191355  1.075696      60.740715    902.502625 -245.206650   6.143403  0.608454  336.370361
308  164.046341  30.869572  219.721909  0.158130  3.586152      58.227329   1355.119019   29.653925   5.881948  0.303721  325.158661
309  135.160004 -46.646847  110.447716  0.316229  3.355234      69.526184   1038.241943  245.776901   8.264670  0.200156  384.281616
310 -175.618927   4.187328  185.598404  0.105407  3.383499      89.188179   1606.910767 -148.228790   5.634555  1.632235  419.369904
311  167.295807  39.490616  235.030426  0.110107  3.104737      73.865791   1567.345581  228.610123   6.048123  0.305714  317.392151
312  159.851501  -1.745019  161.098648  0.162984  1.129588      84.885017    975.772339 -224.786102   7.236663  1.875165  272.583405
313  165.878143  36.704659  226.639557  0.128269  3.566209      88.987991   1235.688110 -151.690460   5.289155  0.802702  414.484894
314  167.993118  18.027798  218.558228  0.101835  3.372900      68.944061   1123.614502  191.535782   5.814027  1.293691  443.007904
315  152.864182 -18.980175  183.809982  0.272265  2.329511      69.406410    743.345154   72.933250   5.495446  0.586895  307.827026
316  168.485123  15.139174  214.608215  0.094852  3.282114      85.812874    723.694336  215.306259   5.840148  0.790447  283.204468
317 -177.117783   3.356274  194.081940  0.127192  2.180118      73.951454   1348.649414  -46.249916   5.860467  0.540836  360.547791
318  179.633804  18.849556  204.178375  0.122312  1.178243      89.338951   1808.913086 -132.125153   7.520418  1.543588  410.063263
319  152.212021 -23.889791  138.609222  0.320737  1.216270      86.153526    781.658325  167.012650  12.835182  1.586622  427.050964
320  172.633987 -25.267466  136.648392  0.140862  2.008439      53.066055   1458.547119 -243.171478   5.489434  0.311371  321.004333
321  177.728104   3.625968  169.634842  0.288795  1.355592      63.968372   1802.880859 -204.949371   9.743327  0.678362  448.494598
322 -179.023651  -8.255396  175.615417  0.127219  1.876563      68.760567   1661.307007 -246.463562   6.779447  0.798893  400.951416
323  169.040604   5.876392  169.602066  0.215380  1.956761      79.231354   1389.158325 -200.347137   5.573702  1.125067  295.368256
324  166.026108 -20.512054  165.317047  0.324765  1.303762      83.308990    769.711609  171.154907   8.932907  0.889667  441.542755
325  160.504074  43.617672  231.018646  0.272881  2.109469      89.571442   1876.649902  -78.147942   6.101940  0.380346  327.308075
326  152.296875 -34.456593  130.758743  0.194276  3.732774      66.442024    889.735107   50.377502   5.853683  0.288902  309.623444
327  169.305008  22.305613  243.683533  0.220939  2.437646      76.992378   1054.035278   81.065315   7.015286  0.533390  329.771240
328  160.020874 -11.880894  187.661667  0.162165  3.735014      45.180500   1983.779297   86.958549   5.058266  1.114415  406.015900
329  165.806610  -5.035093  187.778687  0.119319  3.345057      68.867363    963.217407   80.199364   5.578423  1.581516  391.014618
330  162.971375  -6.039444  210.294174  0.165807  3.168958      69.780975   1826.899414   99.611946   6.481730  1.295569  268.304535
331  152.891876  10.156824  327.553375  0.329057  1.390559      61.023800   1179.553467  209.187943   5.523004  0.375164  255.495163
332  169.250916  10.453870  236.286804  0.238220  2.458620      74.006432    661.329285   76.953903   5.758611  0.705758  422.919556
333  176.034119   8.879425  185.694138  0.141659  2.020713      87.854538    832.882202 -205.363052   9.362817  0.571570  286.662689
334  165.411011 -40.767281  138.174835  0.169039  3.929655      94.382767   1573.876953  -69.320801   5.052680  1.295123  426.720520
335  135.729813  17.821558  247.055756  0.345037  1.448865      91.396965   1617.950684 -201.413910  13.212398  1.486392  265.223267
336  118.998039 -10.741413  357.554840  0.328999  1.000772      89.576202   1713.187256 -196.984802  12.935488  1.809218  388.495300
337  165.702896   5.265886  168.232361  0.136000  3.634680      72.602196   1636.959351 -136.755554   6.314945  1.140557  255.135406
338 -172.074432  -5.626731  173.702728  0.104991  2.005353      96.898346   1290.271118   44.180122   7.627119  1.334447  426.933380
339  177.518768  -5.105851  194.591934  0.157959  3.949238      66.814331   1218.139771   47.882633   5.218079  0.868605  413.428162
340  163.902634   0.308067  196.723907  0.134174  2.859390      56.669827    910.488892   99.145889   5.835275  0.376480  293.285889
341  143.468338 -28.709337  111.614601  0.170452  2.838746      76.904762   1086.279663   50.637535   5.557983  1.342072  345.703033
342  159.439362   7.938291  138.671082  0.312943  1.785782      53.125542   1351.403809 -204.732986  14.690634  0.574795  341.862549
343  165.711075 -14.712488  143.286804  0.110968  2.591124      60.994152   1163.489136   46.494232   5.010711  0.585240  305.803833
344  179.437134  -6.135428  178.818222  0.137800  1.976234      69.814148    961.133789  -57.645779   6.303576  0.509000  437.187012
345  154.132050  17.896427  167.515701  0.250371  3.131466      64.240829    739.097107 -232.644028   6.207270  0.644041  324.774536
346  133.163651   8.559402  226.421387  0.317107  1.542206      71.234596   1730.239258 -121.985962   7.368258  1.303522  330.619385
347  169.807892   6.788615  179.694733  0.133990  3.790098      70.972458    985.518127  165.618332   5.133489  1.135269  380.633911
348  172.044968   5.131384  215.912033  0.191448  2.308050      63.047485   1565.418945  -39.849583   6.847085  0.557447  277.903625
349  129.910477   1.491147  137.901291  0.269130  1.068326      27.315762   1944.682739  151.183517   5.952032  0.404015  366.904907
350  107.025986 -33.199806   64.938889  0.324276  3.055688      80.988609   1307.855957  181.908646   5.839888  0.283690  320.572052
351  160.949310 -25.385609  167.836136  0.342051  1.943749      64.443611   1509.112183  151.483582   9.988393  1.055395  438.961670
352 -172.022171  -4.868307  198.508942  0.211488  3.446986      91.686172   1581.509644   -3.495440   5.895510  1.312945  429.633698
353  141.388519  22.681812  124.521950  0.289123  1.282385      79.206024   1553.174927 -182.055603   6.178182  0.712581  260.922272
354  175.709335 -36.771904  156.085831  0.209629  3.301486      99.638977   1460.890137 -232.647888   5.945278  0.501617  257.934235
355  169.247635  29.012451  182.956131  0.275211  3.922720      76.125061   1166.910034  140.798462   5.012515  0.911451  309.241119
356  142.912292  28.272377  312.498108  0.266644  2.678066      67.993721    684.249023  192.264923   8.096891  0.299878  403.321442
357 -171.144348 -11.066051  172.541901  0.102242  1.481030      94.069740   1483.152222   94.025551   7.824510  0.736605  369.803314
358  136.950394   4.789054   57.378532  0.259069  1.342537      67.732880   1708.218018  246.533386   5.843347  1.921208  377.592468
359  171.170410  21.775087  193.661102  0.206644  3.081312      62.664883   1760.554321 -117.515045   5.006544  0.934974  424.725250
360  174.422852 -11.685322  166.545547  0.115823  3.690045      41.706219   1720.620728  212.982651   6.880632  0.304034  260.733704
361  106.854248 -19.680685   37.587269  0.293667  1.496721      99.656441    853.788330   70.467117   5.075750  0.355007  374.121643
362 -177.865402   1.418974  190.504120  0.168050  1.650443      51.587540   1229.957275  208.418945   5.590186  0.254627  431.767914
363  148.776672  22.221870  180.428574  0.340021  2.306106      64.448990    865.063171 -115.914162   7.968353  0.824784  396.665924
364  164.407578   4.536489  153.032959  0.223634  2.287009      76.784882   1854.874146 -200.418930   7.445489  1.428089  264.213928
365  172.925186  -8.850546  140.368835  0.185991  2.838403      88.999672    906.358093 -116.874710   5.610114  1.081407  274.248169
366  161.720306 -35.068787  109.926598  0.111370  3.367844      99.089539    673.727661 -249.856277   5.102717  1.273261  364.789307
367  168.662872  12.445854  198.380280  0.139857  2.839085      74.483414    722.591614 -215.991440   6.955667  1.152902  433.748962
368 -174.867004 -17.080595  186.902832  0.228463  3.306710      70.243225   1440.113892  241.697266   6.139995  0.351081  346.155426
369 -176.767410 -17.338463  165.750534  0.104120  3.569787      90.927849   1588.132935  125.025764   6.299003  1.686702  437.282501
370  152.966278  31.636925  248.609634  0.106176  3.928355      92.094048    591.890747  -48.589275   5.428885  0.404851  295.915131
371  166.838852 -28.910524  143.990585  0.223966  1.591653      51.603210   1183.430908  -93.086021   5.023060  0.236412  417.437225
372 -177.994766  10.438930  197.487366  0.110687  2.507505      57.811222   1883.724365   10.935155   6.402514  0.520460  412.174988
373  155.263321  -9.663735  160.533493  0.133981  3.315949      50.133919   1588.392456  171.406189   5.874918  1.475348  432.893799
374  148.040756 -43.100273  139.045258  0.331739  3.428628      79.313477   1049.474487   65.465302   5.357887  1.028563  380.466827
375  171.806839  28.982975  228.342056  0.128162  1.877345      45.706749   1921.886963   50.207844   6.589316  0.322614  385.869507
376  160.245209  11.747222  182.179077  0.199793  2.629773      49.942646   1583.245483 -131.723114   5.999788  1.055645  417.695374
377  147.682831 -32.377552   68.611237  0.290568  1.850006      40.843872   1460.264526 -219.750427   6.413821  0.206400  303.216095
378  160.774841  16.293530  235.612091  0.158708  1.600846      40.685699   1206.959106   -4.945292   5.872669  0.364817  420.329193
379  175.035538  17.226980  176.330643  0.214566  3.561425      89.773605   1044.475830  224.869095   5.215487  1.001251  265.201782
380  157.455765   2.483252  171.428543  0.218805  1.016043      34.460621   1452.189453 -248.022949   5.204296  0.439641  406.848358
381  172.501221 -26.602686  183.455093  0.286281  3.335684      78.488861   1130.234131  200.738434   7.582220  0.658679  268.600037
382  173.051712 -26.291477  147.868332  0.115528  2.098660      84.138527   1807.921997  178.679611   6.567053  1.656330  403.853851
383  166.830276  23.152338  233.275192  0.117669  2.869090      75.817955   1930.908203  201.680099   6.887269  1.195198  342.309875
384  179.457870 -32.326942  147.511703  0.124442  1.709262      85.348541   1733.983887   47.611580   7.252373  0.653012  410.777435
385 -175.497330  16.031435  205.071289  0.095687  3.699508      95.166161   1550.999146  -41.542416   6.228433  0.632687  259.727936
386  173.040558  -4.726361  186.140305  0.129391  3.592996      64.375145   1473.746460    5.343276   5.236448  1.507642  440.298492
387 -177.621841   8.466371  194.438797  0.101198  1.808967      86.194717   1184.310059 -155.484589   5.635799  1.027304  399.077637
388 -177.798874  27.218010  174.363785  0.307548  3.758097      91.780899   1432.977295 -210.850906   9.095670  1.811584  425.894440
389  173.694382   6.805575  231.570862  0.238421  2.839846      78.911545   1484.432373  144.627014   6.032655  1.897365  367.136383
390  165.805817   5.597297  176.409103  0.193592  1.797712      66.710312    920.407532 -180.676743   5.386680  0.890927  394.091125
391  150.438324   4.593777  130.665161  0.213567  1.564894      46.255692   1788.017578 -206.474518   5.877442  0.943280  401.933990
392  164.884552  19.853193  236.136322  0.216019  1.054869      70.880508   1886.694336  202.916138   5.057531  1.485789  448.789825
393  145.594635 -25.407782   79.882782  0.182648  1.171201      68.653122    950.597839 -215.994614   7.308314  1.195723  444.785797
394  169.371307 -30.608971  128.836746  0.115130  2.386883      78.554947   1162.786987 -181.372955   6.349582  0.942375  441.533325
395  179.536514   3.995059  188.463531  0.097446  3.130282      87.988907   1763.926270  -46.532326   6.314701  1.203667  294.744049
396 -179.534195  20.853931  203.257645  0.106775  3.659886      78.958549   1253.841431   52.170532   6.231758  0.360493  281.934326
397  114.536957   4.324599   33.288891  0.306567  2.423921      67.304718   1158.378418  246.197830   9.565961  0.836274  396.417999
398  123.221779  25.534563  283.320648  0.242240  2.550003      77.547974   1266.377808 -169.462982   6.001609  1.031098  390.571198
399  114.969246   7.849101  310.433105  0.280320  2.250713      74.994888    885.376892 -216.183960   7.996122  0.953397  424.050049
400  125.838875  30.842304  278.897430  0.217091  2.754351      88.891830    995.824646 -135.550827   6.409160  1.345453  403.744019
401  162.264740 -32.997490   89.531281  0.215616  3.697299      60.082954   1522.484863  -97.598717   5.475012  0.623898  377.088715
402  152.395767  16.639061  243.547623  0.084802  3.175050      67.183815    964.558411 -160.142563   5.018537  1.085892  338.304901
403  129.899811  27.487606  276.382416  0.188365  2.637915      87.658684    651.732483 -202.023865   6.859668  0.820556  370.654877
404  131.749390  -7.558963  320.592560  0.307281  1.378288      66.815681   1380.500122 -164.207245   8.994703  1.158058  369.693878
405  159.378128  17.897503  293.366119  0.326540  2.224027      76.181038    592.421936  233.782242   9.759585  1.269172  439.149841
406  165.676376  28.500198  222.188019  0.139949  3.442595      81.215797   1522.512207 -238.265656   6.934862  1.762456  436.895935
407  171.945023 -17.857119  162.994263  0.129592  2.964789      70.339157    830.645508 -136.412628   6.675338  0.402459  371.070587
408  155.828568  32.946327  203.006516  0.288878  3.484321      59.779499   1532.604614   11.293820   5.462396  1.112675  417.182587
409  125.580215  -4.508103  111.908768  0.343337  1.769528      77.314796    605.030945  218.777740  11.605066  1.374113  442.529968
410  143.743927  17.467266  181.947159  0.298128  2.115557      77.887405    649.882263 -228.140945   6.003876  1.702850  379.489380
411 -171.944656   0.235710  179.006882  0.103117  3.086307      90.261032   1154.322510 -127.140518   6.433938  0.443093  327.249084
412  153.587799  -4.998918  224.309647  0.274563  1.124429      34.920933   1182.555176  139.438248   9.684107  0.322639  431.996918
413 -178.776749   0.066141  167.932159  0.190883  1.953276      92.986122    992.650269 -162.399460   8.713357  1.444235  413.277863
414  174.235672 -11.917768  128.973465  0.297707  2.082148      78.702225   1205.602417  -40.536839   6.102762  1.267519  419.658600
415 -176.422440  10.160648  186.813690  0.118613  2.924909      81.381126   1292.138916  -25.112265   7.595035  0.879165  443.478912
416  164.695862  11.302784  247.272263  0.317869  1.529098      48.777878   1093.323853  126.011917   9.846104  0.236852  365.697235
417  175.413895  -9.916480  172.935059  0.123117  2.532102      71.628891   1668.996460 -141.236679   6.987297  1.842692  448.787231
418  175.837357  -1.984147  163.478439  0.185452  1.980800      71.722725   1032.092773 -127.721939   6.054509  0.419187  293.419586
419  152.668808  19.969376  162.831940  0.284345  2.775632      64.290466   1823.364868 -120.138321   8.076027  1.615237  341.479675
420  142.365387 -11.887960  212.308380  0.180742  1.959168      66.702232    847.691528  236.776001   5.094615  1.712957  392.160065
421 -175.400635  24.114771  177.725906  0.261006  3.858020      54.331230   1549.335938 -152.641541   6.631028  0.225105  351.819519
422  156.266174  30.644892  286.022644  0.281810  2.731288      79.601181    797.379578  204.172012   6.509091  1.047673  413.954559
423  155.341507  13.111983  206.374115  0.163426  2.100579      61.567059   1077.073486 -242.120514   8.623563  0.675416  310.787231
424  143.555191 -38.025467   81.997589  0.154077  1.375933      85.793755   1536.795044 -208.710785   5.200682  1.838023  448.728577
425  166.686523  14.268914  164.511032  0.346967  1.960866      46.753513   1596.689941 -183.248932   5.637801  0.420127  352.948883
426  153.521683  -5.146072  237.665771  0.231501  1.544838      58.185356   1902.271484  181.554764   6.573800  1.380557  385.191315
427 -163.959656 -14.243601  172.489838  0.119464  3.184729      71.454643   1950.227661   83.201012   5.193179  0.222821  373.727631
428 -171.146133  11.840316  188.768951  0.157528  1.465577      85.679878   1142.767822 -127.665947   6.964376  0.341456  418.693695
429  123.290329 -12.782742   68.879585  0.348245  1.550505      32.047581   1843.291626   18.859102   5.371996  0.282207  304.026611
430  166.656998  -6.276397  150.510574  0.152004  1.839085      80.218330   1820.247070 -158.523148   8.419615  1.585294  281.740875
431  168.991043   2.936634  189.330765  0.077273  3.466933      75.879684   1905.135864  -46.802361   5.922453  1.727546  301.422699
432  157.614761  26.715168  247.623535  0.132721  2.745354      54.606636    991.502380  175.036224   6.619282  0.307016  411.601349
433  118.292892   6.415904   21.010202  0.255593  2.281505      91.443855   1094.804321  180.809753   6.280750  1.957828  304.173523
434 -174.714844 -26.990725  156.601334  0.124422  3.878503      63.886528   1640.378662  240.799988   6.875692  0.301029  440.442261
435  134.293732  23.027208  239.610306  0.337945  2.095793      83.342468   1642.952393 -209.791748  12.555614  1.722680  308.208038
436  143.358429  21.297443  302.177948  0.174175  2.475146      86.765152    656.402344  188.505997   5.802375  1.465007  303.313293
437  131.478333   5.936815  173.300354  0.209328  1.347880       7.523357   1889.396729 -196.755371   6.492591  0.308155  422.436310
438 -179.549911   3.827272  178.917450  0.141055  2.081733      74.483864   1683.110718  140.609787   5.945088  0.716894  342.849854
439  150.150864 -40.032185  164.755646  0.341421  3.984044      69.022064    931.885071  165.919693   5.945355  0.988344  261.914917
440  179.925079  18.953915  202.779053  0.141317  3.604367      40.512779   1809.026245 -191.785919   7.298657  0.278833  391.688568
441  176.756439   7.970222  209.371902  0.171317  2.558156      61.037567   1575.016357   41.545288   7.326208  0.839814  445.272858
442  162.075287  27.374426  233.031998  0.094701  1.595539      88.844208   1256.268921  -31.989847   5.221051  1.496989  328.722839
443 -179.172119  33.868084  210.379120  0.152431  3.831630      53.342777   1877.828369  -35.184830   7.705747  0.202439  421.219147
444  147.375504  17.752951  166.561615  0.313075  2.062551      61.025131   1164.178955 -213.063477   5.134368  1.375994  442.579742
445  122.263962  16.169415  224.893143  0.332928  2.964396      53.291645   1061.937134 -225.134857   6.591710  0.680643  347.984955
446  112.863548   5.277812  327.669891  0.272779  1.597647      98.552025    924.172852 -227.610352   5.090871  1.030267  299.671356
447  177.681412 -27.400600  129.124725  0.156050  3.909265      71.338768   1913.579224  -19.458454   5.567612  0.507916  306.223206
448  158.761612 -29.694424  115.254059  0.112030  3.591655      52.403217   1464.743896  -51.394730   5.693185  0.509683  381.655487
449  138.646637  35.503208  310.791870  0.221909  3.484421      91.396721   1002.932678  248.428192   5.214518  0.927175  294.621124
450 -179.567734  19.458439  215.882339  0.119688  3.256801      86.367622   1841.492554  -71.582176   5.009517  0.861140  341.087677
451  179.301483 -18.440842  170.512558  0.243482  1.417838      90.997879   1798.994141  100.174637   6.226832  1.466777  430.603424
452  147.900986   7.330242  159.345322  0.220266  1.596266      29.130220   1892.834717 -104.665733   6.943179  0.447037  335.456635
453  168.380142  31.848911  224.930801  0.091474  3.838425      97.440437   1851.336182  134.081207   5.268147  1.034196  265.254242
454 -179.516541 -12.648642  157.151733  0.215829  1.028425      63.259472   1288.669189 -176.439941   7.453078  0.231874  308.488495
455  157.468887  22.231417  146.878601  0.314726  2.939750      64.425812   1088.662109 -191.920868   7.679197  1.239966  345.151306
456 -179.532349  -0.381035  183.349625  0.116431  1.884512      74.189125   1555.980347  -89.757568   6.878633  1.241112  437.652679
457  149.436600   1.731242  164.991074  0.153651  1.248533      68.278358    915.979736 -164.250992   5.711369  1.653114  355.318268
458  141.230850 -25.355154  151.798660  0.274163  3.421569      14.989265   1952.039795  248.482483   5.963863  0.353551  336.945007
459  125.123138  18.691727    0.513214  0.238218  3.191058      54.190228    933.151672  205.490341   6.036087  0.334280  344.498474
460 -177.472992   6.727066  185.250610  0.107304  3.980275      74.320892   1326.045044  110.794609   6.413007  0.464523  321.009552
461  118.732361  23.012959  341.834290  0.302712  1.585681      94.679726   1381.797363  135.199341   5.074880  1.157189  365.372375
462  161.747604 -23.107695  152.093689  0.255316  1.500554      69.454185   1447.491211  243.478165   7.680037  1.236399  438.429932
463  159.788651 -27.293310  106.176018  0.202158  1.555873      80.083366   1505.473267 -112.006523   6.506303  1.962891  424.114258
464  135.794830 -15.495690   77.680168  0.184082  1.239420      70.410736    798.240112  183.156448   5.045434  0.562063  288.430389
465  173.515518  -8.185085  127.611069  0.266826  2.689929      78.487267    773.410034 -172.359467   6.218545  1.177108  375.369171
466  175.073196   6.538558  175.614380  0.190140  2.136348      66.941795   1216.647461 -137.970688   5.389270  0.551958  343.439453
467  156.645859  17.468622  266.748108  0.317321  1.171907      81.455330    744.101318   92.787834   8.343438  1.018279  447.014709
468  171.955826  22.719103  192.061401  0.254283  2.468083      84.072380   1016.724182    1.229154   5.230459  0.743519  361.336731
469  179.222992  -2.720024  184.189789  0.115499  2.240726      73.894196   1655.974243   62.435787   5.006872  1.212855  402.051147
470  176.727371   6.451258  195.508972  0.070244  3.580034      95.812683    946.695312 -170.504852   5.481346  1.814778  298.945038
471  151.385239 -35.513340  123.672623  0.176273  3.589582      29.893362   1798.862305   90.717751   5.327087  0.259166  342.294861
472  169.571564 -21.637079  143.755173  0.067686  2.859655      86.339165   1759.073120 -221.293045   5.946848  1.646354  295.970032
473  166.028412  28.271534  214.542587  0.206675  2.107206      86.770119   1269.331299  144.457199   5.274316  0.981136  372.357697
474  163.721436 -40.031418  164.331055  0.305646  3.967751      74.949989   1990.700317   65.867683   5.917565  1.088932  312.997467
475  132.336884  -4.470438  248.990784  0.317236  1.048420      76.749413   1551.894165 -191.831421   6.270669  0.921674  262.563599
476  146.157944 -18.371094  149.138168  0.235422  2.212998      59.878574   1076.340332  221.018921   5.133793  1.618181  441.077393
477  158.961868  15.633427  252.843491  0.219072  1.616326      59.059204   1883.534790  190.881653   8.071662  1.374692  435.641296
478 -169.853653 -11.859082  172.100906  0.095847  2.503126      85.732117   1467.318237 -248.217194   6.401419  0.390616  327.078949
479  178.818665  -8.255625  178.225204  0.123317  2.701654      72.732071   1067.007202 -171.310501   6.781995  0.473667  323.200012
480  157.510529  34.286533  253.641983  0.122551  1.772314      96.413925    711.450623   83.095451   6.266238  0.926207  369.960693
481  167.142349 -20.155754  130.745316  0.205850  1.105537      96.934555    548.715088 -246.929520  10.273688  0.500390  313.185638
482  133.253998 -36.099079  108.416679  0.279265  3.054397      89.929359    689.190125   48.709221   5.120849  1.359235  386.457245
483  178.807892 -23.978144  154.393982  0.101523  2.112776      83.432236   1165.804077  136.861664   6.520238  0.792573  410.470154
484 -176.572311   9.539936  192.193314  0.095856  3.568282      92.749619   1812.786377  128.059494   6.011656  1.457440  373.080902
485  146.796707 -13.146823  142.917114  0.259266  1.087308      58.140514    866.374146  242.082245   6.556578  0.684177  445.449005
486  175.161179  -9.365931  176.253128  0.132100  3.119960      46.103859   1429.180054   51.430225   5.286424  0.319638  342.749390
487 -166.059723 -13.092770  138.637466  0.292695  3.957255      83.922989   1583.125488  -92.902512   7.047582  0.410958  345.588013
488  174.542709  -1.101897  215.180649  0.245280  2.743444      72.683937    856.159119   26.317781   5.207135  1.193613  427.071167
489  172.087387  37.402821  219.616730  0.269041  1.373023      55.073257   1967.877808 -206.255249  10.493484  0.202241  364.457428
490  167.024750 -23.233286  147.645248  0.143338  2.180471      52.755661   1286.003418 -130.200424   6.532785  0.418384  374.771637
491  169.503052 -35.554741   95.051308  0.283179  3.470821      50.395493   1219.683472 -122.636223   6.002814  0.278525  425.850952
492  158.843857 -18.475309  152.661285  0.186508  2.046849      47.650211   1776.774414  154.117493   5.728436  0.656709  349.062714
493  163.397415 -32.330318  120.081291  0.117728  1.005586      85.903015    991.321655  129.014221   6.683542  0.522920  291.774963
494  140.338181 -24.495495  209.105148  0.304586  2.067133      29.287228   1880.734619  214.409714   5.676476  0.348681  340.586426
495  143.641296  20.993912  250.289856  0.231966  1.325275      84.999222    970.445007 -191.039688   7.626219  1.777493  340.827942
496  174.228516 -14.674107  171.865387  0.129182  3.216285      87.824669   1563.484131   58.621399   7.052197  1.608132  306.302277
497  158.273880 -50.537846  128.616302  0.251673  3.223283      95.410301   1655.123535 -184.677170   5.616238  0.341836  325.413361
498  116.946625  34.357784  291.964996  0.294311  2.033572      92.490196   1995.893311 -137.628159   8.419327  0.762882  386.737488
499  161.743301   2.581291  205.483597  0.116468  3.608705      63.075745   1643.447510  128.235382   5.078364  1.833739  378.505737
500  175.620560  13.102807  213.099365  0.156271  1.855295      57.566471   1683.729736   82.897339   7.327052  0.410844  303.982819
501  166.328766 -38.181072  142.432663  0.276165  1.941763      95.668335    888.033081   -0.941588   5.825027  0.223684  274.659058
502  140.236588 -45.878635  119.208862  0.319522  3.227086      88.932320   1871.927246  120.481514   6.295323  0.641400  253.383469
503  166.717438  16.181528  147.873047  0.287477  3.510998      31.988945   1128.262085  -77.036568   5.247249  0.257689  326.913574
504  173.289001  14.042797  205.606491  0.097797  2.915002      75.527969    930.410583  191.795471   5.494379  0.363334  250.942032
505  176.534714  -9.033723  175.925323  0.115897  2.865276      71.769295   1778.726562 -243.569305   5.512149  1.791143  445.056702
506  150.057388   9.454723    3.358822  0.325726  1.024596      52.391212   1404.988647  243.515076   8.292452  0.329918  257.498169
507  138.460236   9.014186  344.334106  0.241070  1.237891      72.094414    697.086975  233.385834   8.696141  1.438163  417.890778
508  153.794357 -24.804634  183.525360  0.230886  3.953296      67.564880    580.510681  196.137131   5.056242  1.304505  381.264435
509  157.859482  21.673361  219.146317  0.195991  1.855964      79.164452   1148.372681  -91.857178   5.046963  1.910771  392.385040
510  174.625153 -16.154379  161.708023  0.120834  1.815230      64.259636   1504.117432    4.828186   6.663588  0.735897  390.234955
511  158.991409 -21.479992  133.645309  0.126611  2.323815      64.512741   1751.467651   52.728004   5.467964  1.578811  404.706757