            lon        lat         inc      D1AU     delta  launch radius  launch speed    t factor       B1AU     gamma         vsw
0   -173.929245  -8.516857  170.494446  0.084164  3.414913      95.920601   1397.081543  -12.568283   5.810191  0.777340  291.326202
1   -179.897415  17.148039  187.016113  0.168071  3.769815      47.570648   1850.955200   91.425781   5.680372  0.344179  370.465607
2    150.974197  19.239433  223.766556  0.246968  1.531850      65.630165   1384.947144 -234.653168   7.212349  0.851740  340.277466
3    171.729645  19.702124  209.312378  0.138930  1.235768      92.421227    637.801392 -202.642258   6.472749  0.704702  371.247375
4    145.639206 -17.510914  123.860397  0.254390  1.122581      70.966911   1655.360107  170.736572   5.747591  1.644953  368.864166
5   -179.749985  29.483885  234.088409  0.219054  2.968379      75.741837   1784.721069  211.074249   6.450420  0.304223  290.496826
6    172.396713 -23.528488  138.513550  0.127348  1.428710      87.461647   1348.528320 -171.092255   5.606035  0.946831  302.227142
7   -175.357849  -9.138922  170.887451  0.082545  1.616596      97.897697    827.287354  105.643433   5.102889  1.175499  398.966858
8    173.485382  -5.750937  178.699158  0.156467  1.293943      43.253967   1468.940063  108.993431   5.681332  0.348110  344.883728
9   -179.812775   7.609464  182.010834  0.128951  2.985996      71.361725   1339.321777  -44.979534   5.235225  0.457335  307.179260
10   178.911301  19.616348  191.404022  0.188986  3.165527      56.535999   1767.372437 -120.808868   5.078036  0.461482  410.999664
11  -168.538406 -11.945537  172.333298  0.109285  1.217266      92.039993   1779.035400 -133.845520   5.821478  0.643528  414.696503
12   168.601486  -9.144351  199.740555  0.268887  1.988287      73.154907   1899.390991  201.685699   6.004204  1.566664  372.604675
13   164.860123   9.421799  214.423798  0.141727  1.111267      79.417313   1281.873047  217.016281   5.790723  1.495540  305.795654
14   159.158188  -0.493987  162.385040  0.181193  1.161690      75.061539    646.806763 -223.244690   5.363321  1.012929  355.418213
15  -168.528412  -8.827758  166.687286  0.134816  2.603095      90.249298   1366.250977 -104.496735   7.003540  0.437624  393.638062
16   130.655151  12.071830  292.090607  0.272121  1.005978      77.729332   1701.687378 -218.264114   6.760745  0.984521  266.861542
17   138.458786   9.708775  195.356842  0.245360  1.895793      40.405750    893.961121 -201.663055   5.413431  0.263591  420.330872
18   135.034668 -18.450523  155.008591  0.330669  1.958985      66.745995   1721.027954  176.972931   6.791089  1.407966  355.199280
19   165.057007  -8.747632  110.820068  0.242434  2.629935      50.652557   1880.918213 -215.388107   6.204082  0.798384  336.271088
20   171.885696  29.788834  234.688034  0.234624  1.144691      98.404076   1708.116943   48.625618   5.879238  1.113841  412.177063
21   171.175430  15.511065  185.075394  0.242363  2.358770      29.049654   1944.216431 -154.854843   6.524810  0.343274  391.193115
22   155.030243  13.050579  200.304810  0.315055  1.067909      15.611729   1862.633423 -124.143372   9.384607  0.273940  433.518829
23  -178.319778 -16.135153  177.309540  0.139229  3.991716      92.060822   1629.817505 -148.016068   5.897592  1.931118  408.697113
24   173.697968  13.449225  172.414597  0.260992  3.010869      34.049873   1268.428223 -167.140289   5.486981  0.258138  448.076660
25  -173.015533  15.142546  207.388977  0.182702  1.971375      90.369034   1110.188354   69.357475   5.494119  0.360321  398.909607
26  -179.192474 -26.295738  163.625687  0.166756  2.718252      99.001686   1758.067383  -68.307594   6.186821  0.990911  341.203979
27  -177.548889  -4.347266  220.872238  0.284403  3.734763      64.132240    936.648499  212.975082   5.524259  0.476301  373.051270
28  -167.527176   6.797890  184.387085  0.109280  3.369675      95.796631   1928.770752   81.700386   5.696640  0.836930  436.279785
29  -171.341660   7.674273  163.758286  0.280469  2.851047      60.961048   1933.834351 -133.381775   6.537552  0.319284  354.152039
30  -172.303513   3.141993  190.101501  0.137903  2.267562      69.807587   1423.641113  -95.479118   5.309012  0.373411  402.394165
31   164.373978   1.233251  171.255692  0.167396  1.408848      66.207054   1271.362061 -206.561630   5.051349  1.602341  413.813202
32   169.213104 -44.838329  119.719009  0.100523  2.817296      97.686615   1421.885254 -202.161728   5.059634  0.520317  384.165527
33   143.748169 -16.410385  125.929848  0.277961  1.219918      49.056454   1469.343506  174.160172   8.840916  0.650187  393.307983
34   155.302246 -29.998547  152.860138  0.317737  2.280258      73.559120   1754.110229  150.899307   7.300776  1.949267  424.969055
35  -172.549393  10.882823  190.809906  0.113568  2.875589      69.991890   1454.878418 -216.516220   6.663667  0.364741  393.914734
36  -170.052200   1.608170  165.848724  0.198682  3.037317      84.431992   1946.003296 -109.068489   5.206955  0.439744  284.196930
37   145.701706 -10.384534  149.184937  0.204076  1.571920      38.500210    903.856140  230.580780   6.070210  0.232516  386.858612
38   178.965240  17.196497  226.540390  0.294810  1.784200      99.470879   1913.884766  219.729279   5.001595  1.441579  373.756195
39  -179.180710  20.036537  174.295181  0.296836  3.017237      50.920933   1360.793091 -186.953171   6.393060  0.290212  446.285004
40  -170.032928 -13.412997  184.094696  0.203665  2.846075      94.072754    988.287659 -217.218063   5.407405  0.405678  444.520538
41  -173.991211   0.255461  178.329758  0.116284  3.059409      81.958420   1245.398438  211.147064   5.039510  0.508582  346.961273
42   164.374252 -17.982309  195.265182  0.288997  2.513285      81.913750    683.497253  123.928894   5.443902  1.817536  368.260620
43  -179.616638  -5.594538  165.212341  0.137210  2.574976      93.011330    754.764526 -249.821609   5.924612  1.925278  423.372253
44  -178.304596  -0.200273  171.838486  0.157837  2.127627      88.435997   1182.173218 -215.581192   6.238348  0.895520  348.939392
45   175.076462  29.924198  208.779785  0.142147  3.283336      99.981621    963.489441  -49.393238   5.196154  1.455847  443.080109
46   150.717270  25.336596  215.267792  0.190215  3.930189      59.272099   1593.806396 -203.214600   5.100812  1.919134  444.208527
47   166.228928  27.385021  216.398499  0.154841  2.432909      90.423233   1075.317383 -194.227097   5.011433  1.077775  339.062469
48  -171.443741   8.187297  188.726807  0.089130  2.220512      88.113838   1925.624146 -219.255112   5.642570  0.530717  274.081757
49   172.734711 -30.862581  155.160522  0.225455  2.266543      94.587204   1221.286621   24.267260   5.934627  1.159001  394.915161
50   172.026321  16.290125  193.308212  0.245969  1.587239      34.042912   1661.002441 -171.281540   6.822580  0.314393  441.901581
51   159.172821  23.156597  229.463135  0.135502  1.913840      63.508881   1904.101440 -188.841919   5.238108  1.377280  430.007080
52   178.648697   0.058054  160.429047  0.217453  2.318646      85.154610   1527.235596 -140.313156   6.597214  0.913515  307.601959
53   175.478271 -20.352024  160.772110  0.224012  1.083899      87.461029    689.979553  212.171478   8.543687  0.247818  417.581207
54   177.924240  13.301115  187.979080  0.146352  3.037371      82.332375   1713.254761 -126.520767   6.295284  1.433450  393.786346
55   179.975418 -19.019983  176.892929  0.199158  3.234739      59.100777   1146.987427    4.882947   5.054688  0.255300  409.760010
56  -174.838379   8.764335  190.822479  0.079904  2.527631      89.457535   1063.289429 -120.272751   5.954120  0.590750  347.207428
57   175.485138  16.291555  172.066742  0.252595  3.467351      52.619904   1080.146729 -193.082306   6.568867  0.320543  398.985046
58  -173.993607 -26.535852  158.682220  0.119749  3.849036      76.498062   1325.745117 -191.573090   5.569472  0.246666  368.005127
59   143.552109  38.036575  248.781754  0.216043  3.143680      56.435677   1753.861572 -132.394180   5.500943  0.373817  337.056091
60   145.214355  25.885715  169.752258  0.327043  2.801820      69.184593    967.598572 -232.972000   5.775400  0.973618  302.243866
61   177.471054   4.944847  183.542145  0.126897  2.465052      42.979584   1233.452271 -107.812744   6.155774  0.274615  419.497253
62   168.937027 -26.029549  159.437927  0.171894  3.289079      97.929764   1149.125244  -35.836987   5.064648  1.848665  293.556244
63  -178.973236  18.849703  193.776535  0.148588  2.670914      88.325851   1947.401123 -239.915939   5.033500  1.433596  427.837952
64   117.487267  28.935179  334.836548  0.295062  1.733892      94.886429   1059.920776  237.864304   7.802318  0.844693  440.163055
65   149.858398 -23.751076  115.674049  0.165140  1.315724      70.289314    685.085205  225.050858   5.972667  0.519765  381.423340
66   169.960526   3.280811  153.333984  0.263823  2.089690      65.692551   1921.269165 -147.448822   7.219878  1.207749  385.970581
67   159.594864  -1.423419  204.064941  0.189204  1.363342      49.848457   1544.249634  204.465164   7.236117  0.902573  409.770050
68   179.521912  -3.920037  167.657547  0.173625  1.403173      84.966034   1045.053101  -40.632420   6.894289  0.703480  343.049805
69   172.704193 -10.634995  154.062393  0.124283  2.327410      67.010292   1555.291138 -204.269974   5.287485  1.041270  371.488831
70   168.173401  24.856247  191.523941  0.245863  3.083352      79.636055   1142.808350  -50.528896   5.767944  1.707033  415.664978
71   174.977371  18.187901  172.771591  0.279361  2.970182      56.526245   1952.849365  -73.512627   5.201623  0.720760  394.237244
72   143.213806 -30.004824  123.350090  0.307577  2.020554      20.486212   1956.641357  208.661667   5.798190  0.282135  390.125916
73  -173.505478   4.108365  178.148987  0.125002  3.658212      86.811607    993.123169   46.315903   5.400068  0.528399  409.830322
74  -179.108719   2.788152  194.852966  0.119123  3.170291      75.259811   1733.909668 -236.878815   6.315907  1.230313  419.874634
75  -173.720322   1.343301  177.346863  0.144148  2.246875      72.971573   1155.347900 -107.268272   5.954674  0.385926  432.486603
76   173.535767  -9.828483  160.413589  0.115835  1.399366      81.580986   1646.335083 -171.437820   5.894711  1.523819  331.612549
77   119.462234 -30.994617   97.947327  0.340669  3.210478      80.118797   1111.215454  140.919540   5.483645  0.996124  286.091156
78   166.771255  22.349611  186.207870  0.319701  2.236027      42.856213   1937.568970 -219.484558   7.704869  0.361733  325.006561
79   178.243301  -6.871156  158.619431  0.164185  2.309054      88.892059    773.120300 -195.972397   5.057874  1.260735  409.538422
80  -177.793655  -6.038115  190.663834  0.185434  3.075894      47.913754   1322.072144   -7.549221   5.305236  0.205447  340.885559
81   161.793625   3.652023  171.776855  0.185537  1.559544      69.501091   1314.621460 -167.325394   7.092265  1.623918  379.999390
82  -170.005173   0.340444  170.423798  0.150934  3.956520      74.821091   1703.778809  -75.623772   5.519492  0.515531  439.680756
83  -172.788544 -11.854436  179.843826  0.150692  2.729397      99.487648    750.710815  172.783905   5.413307  0.269782  348.749786
84   173.565491  15.276755  161.968704  0.253954  3.623296      77.822784   1123.981323 -167.364990   5.426377  1.779368  348.737885
85   176.271484  -6.268401  196.516846  0.247752  2.052712      47.593727   1451.771851  159.002319   5.953339  0.262548  308.772522
86   164.742447  22.629314  209.059250  0.219009  1.769254      91.259338    869.478516  -74.830292   5.007444  0.701674  278.065338
87   173.754623  -5.639646  200.197647  0.331273  1.400321      93.764381   1075.196777  135.804428   7.103377  0.827868  304.919434
88   170.702423 -19.765459  175.162842  0.182420  3.562031      73.878677    752.776794  192.383148   6.019855  0.252348  272.034760
89   143.350662  17.197134  174.489288  0.308318  1.998400      44.119537   1516.412354 -216.964066   7.058319  0.570299  380.506073
90   165.968384  36.649006  241.514923  0.116761  2.669462      67.468330   1839.843018  233.948822   5.258503  0.536562  426.726257
91   172.950821   5.748334  227.989151  0.319078  1.813733      96.828056    501.604950  140.738434   7.252954  0.947072  413.077271
92  -175.047455  -5.790675  177.682083  0.099617  1.816130      94.305290   1052.103027   56.678417   5.294346  0.990635  381.463440
93  -170.311066  10.646673  191.435883  0.110234  3.534352      85.712433   1875.664673  227.145432   6.068676  0.591887  390.260529
94   159.088623  14.752720  196.026154  0.266726  1.487651      69.641350   1179.878296 -241.815674   7.763916  0.987366  367.050995
95   173.989197  -3.509223  143.422531  0.266339  2.268755      58.912750   1245.791016 -235.100540   6.280005  0.672088  416.148132
96   167.575348  11.848359  228.398071  0.277828  1.149903      76.917168   1189.997803  216.164749   8.443895  0.857547  382.432251
97  -172.442444 -15.276098  197.694275  0.291940  3.427768      62.672726   1183.768677   83.471397   6.021760  0.214573  373.811768
98   162.852203 -16.603527  177.259415  0.221332  2.455446      74.233459   1711.587036  237.243286   6.368036  1.616465  330.399933
99  -178.196716 -16.615547  170.860428  0.123171  3.531394      98.541306    771.374390  -69.653465   5.265216  1.681655  422.597321
100  179.107712  -4.889865  161.750305  0.212403  1.504586      94.727577    911.950134  -65.606720   5.269319  0.673227  311.503632
101  147.795029  26.950626  295.544098  0.284907  1.905804      74.540825   1689.838379  239.417694   5.789445  1.104194  360.865234
102  168.478851  -7.651385  135.604675  0.229909  2.186331      69.642273   1005.326111  -96.756958   5.129976  1.771263  447.247803
103  178.597336   9.339743  187.691635  0.195273  1.217721      67.003830   1757.551025 -237.204620   6.466451  0.865617  448.147003
104  154.964569  19.185884  181.488678  0.283157  2.473750      60.148125   1770.453735 -218.533600   5.722832  1.529218  401.745239
105  124.580788  -3.445721   51.278149  0.326382  1.449209      87.891861   1163.512085  244.432449   6.141028  1.941376  331.746826
106 -177.072800 -12.114726  170.564346  0.118572  1.801524      89.855995    712.164551   49.999779   5.991520  0.232423  335.050476
107 -165.384872 -18.012539  159.045898  0.136059  3.411512      76.203728   1802.779541 -196.047302   5.898125  0.254566  413.320862
108  140.385971  13.057651  199.449020  0.254655  2.102322      47.371647   1667.465088 -169.981689   6.157759  0.717475  353.662201
109  143.434860  25.396906  235.503983  0.293483  1.977367      81.548027    647.759216 -225.410828   7.329510  0.395169  316.762207
110  154.195709  18.909224  169.067688  0.281207  2.720941      45.134087   1510.971313 -190.802719   5.444540  0.680783  357.773071
111  175.317047  23.451256  227.513229  0.120519  3.869608      80.476379   1464.397827   20.614040   5.764651  0.534279  277.874756
112  175.078613  -3.010815  189.069550  0.172965  1.688038      81.209091    970.318909  153.352570   6.699532  1.978357  438.579163
113  175.010590  -0.499669  140.064041  0.226744  3.464855      82.391205   1683.214722 -182.549149   5.982337  1.383514  250.550446
114 -175.677536  -4.668367  167.494171  0.143471  2.484256      96.565399    992.349060  -87.712601   6.190023  1.781658  432.006226
115 -170.326172  16.057127  191.513641  0.111744  2.862453      88.830528   1708.161987 -170.699799   5.002080  0.514669  399.944122
116  179.643997 -19.130653  163.646790  0.118393  3.939476      64.753204   1446.899292  245.798096   5.029405  0.486572  386.336487
117  155.890350  13.372131  153.422668  0.274714  2.310911      65.613174    806.602173 -165.499374   6.488332  0.544261  297.196350
118  173.130554   1.105298  214.115601  0.235575  2.301996      73.387260   1900.410767  153.227310   5.903169  1.650989  401.857361
119  158.767761  28.100597  232.815094  0.157410  1.709784      83.901443    688.017578   -2.583227   5.051225  0.734004  421.162598
120  144.791092  21.668688  232.999786  0.284475  1.709622      44.079716   1748.860352 -163.606277  10.289518  0.437707  334.029236
121  169.126099  -6.531735  163.946289  0.117154  1.370648      60.622456   1094.215576 -173.614090   5.160624  0.863664  402.133118
122 -173.362137  -8.513218  170.262802  0.089859  3.974848      85.991066   1689.468872    7.731900   5.738807  0.591716  291.319550
123  178.233963  12.173336  182.779388  0.173783  2.711683      91.475037    888.637451  -84.055862   5.427285  1.032717  356.164429
124  162.241913  22.380936  203.466431  0.216848  2.620425      67.938881   1611.496338 -127.649872   5.491310  0.733180  294.757721
125  169.348587   5.128609  206.206375  0.092731  3.540491      85.033310    840.037231   20.417679   5.111423  1.312147  282.153809
126 -176.450821   3.757046  177.512619  0.134885  3.094426      45.458843   1930.977173 -115.022331   5.239353  0.371010  401.053497
127  170.207428   9.773088  150.825012  0.265678  3.124380      39.921642   1952.254028 -206.161911   5.719070  0.740681  415.422333
128  156.387207  47.909073  259.887329  0.111256  3.884583      85.224876   1550.915771  178.539963   5.833060  0.273735  361.159332
129 -178.459442  -4.012142  116.022469  0.334791  3.630306      45.036053   1696.454224 -215.977539   5.884037  1.126388  446.285461
130  158.637726   8.680170  171.580490  0.262183  1.623228      41.329250   1408.529175 -176.961380   8.362166  0.364218  329.960297
131  160.041855   7.151338  145.667480  0.333059  1.530076      64.032303   1241.263550 -102.795410   6.815752  1.026947  406.927826
132  171.151718  28.222406  215.914810  0.174066  1.633566      85.487656   1071.527466 -168.419067   7.135773  0.656575  390.601196
133  173.046646  15.164134  190.366852  0.159704  3.200310      51.758537   1454.390137  -60.983456   5.439237  0.588006  429.486572
134 -177.055328  14.154818  208.880951  0.156218  2.173498      77.814407   1360.602295  195.064896   6.388155  0.366815  295.092468
135  174.644714  13.889515  172.671906  0.214616  3.233220      90.011421   1580.984253 -206.634537   6.824263  1.566504  274.158295
136  178.885422  -3.493391  159.440628  0.210171  2.037185      86.155479    951.197571 -215.070831   7.336138  1.595112  436.627472
137  135.064804   7.116405  257.956451  0.254549  1.629358      41.341301   1602.114624 -196.433334   6.169312  0.551627  361.754120
138  133.837631  13.781001  251.030380  0.335451  1.476394      64.965103   1282.503174 -134.169067   6.099156  1.058774  415.769348
139 -176.617661  17.782240  166.933731  0.345869  2.819974      42.622620   1805.353882  -65.964958   6.661163  0.284200  404.168884
140 -179.643967 -18.048775  180.884430  0.274254  2.086796      98.708908   1161.541504  133.468872   6.373868  0.965312  347.027527
141  163.810715   6.751841  239.535294  0.214476  2.272346      57.883930   1798.980225  247.035583   5.101918  0.782687  297.133698
142 -176.476074 -40.713039  140.067596  0.103216  1.917406      91.555748   1951.143188  152.603775   5.488824  0.293180  315.672577
143  170.324554  24.234835  176.960938  0.289912  3.378953      63.949505   1433.686279 -203.561859   5.722086  1.418721  444.959961
144 -170.506042   1.230550  189.172409  0.134158  3.918478      72.060898   1145.482422  158.328873   6.112520  0.216345  392.079407
145  171.197891 -15.346142  184.512009  0.239160  2.331880      87.026985   1114.266113  191.055435   7.482281  1.831652  353.969879
146  176.124374 -24.428726  166.539642  0.189338  3.029163      72.335228   1091.255249   12.144540   5.966928  0.308408  322.097839
147  170.025391  14.111452  167.868744  0.320629  2.100978      85.923210   1568.577271 -203.085907   6.022815  1.815641  356.145294
148  147.933197 -37.392654   87.507332  0.164712  1.492340      94.795532    625.466919 -238.321899   5.038115  0.465299  370.306396
149  143.161285   5.914892  192.120514  0.246254  1.007963      85.503487    900.193604 -220.937912   5.686420  1.639963  283.402924
150 -175.898361   0.286362  184.208115  0.131435  2.283057      59.340176   1492.002563 -143.814484   5.078783  0.360834  371.188385
151  169.054901  10.740641  161.858765  0.250471  2.733488      61.349136   1336.914429 -224.381485   6.034564  0.517749  265.232758
152 -173.513641   7.213745  194.785538  0.145315  1.373816      94.117065   1562.152832  -40.262810   5.127562  0.775853  356.733673
153 -177.821716   5.115673  185.889938  0.111763  2.201977      76.348869   1261.838989 -127.936684   5.262422  0.612750  352.301514
154  158.732422   5.335705  157.658386  0.235308  1.761173      76.939903    655.759949 -159.102371   7.782839  0.805873  329.815369
155  143.578735  30.187193  315.426056  0.288772  2.754043      81.681305   1198.651733  183.868927   5.026529  1.862909  369.920197
156  163.300751  -5.191632  152.375412  0.203247  1.005235      80.425865    687.994019 -139.231506   5.638151  0.461795  265.032349
157  168.168060 -38.653275  152.731964  0.349434  2.110594      59.674263   1664.243408  197.586853   7.716086  0.257529  381.994537
158  176.332123  30.701426  202.936829  0.192338  3.308589      97.950363   1274.600952   68.328041   6.071720  0.990153  402.006134
159  175.383804  11.163568  173.724976  0.213225  2.977822      50.413174   1825.484863 -228.827286   5.831344  0.528334  373.357605
160  166.356735  -1.992454  220.174820  0.300018  1.612941      76.110985   1774.015747  192.808365   7.354429  1.306092  333.859314
161  155.826874  12.052779  175.278610  0.216596  2.871509      23.383358   1785.671753 -203.341049   5.704234  0.497830  410.606049
162  149.968124 -17.461565  150.804962  0.237953  1.799088      47.190628   1190.824463  130.472061   5.697766  0.552871  404.552460
163  179.393494 -31.822992  164.141846  0.188833  3.926315      83.789001   1542.115112   13.752467   6.029216  0.378338  255.036987
164  156.532791  25.331591  193.808228  0.280370  3.102005      46.742889   1300.031494 -162.793365   5.844433  0.594177  388.536285
165  154.917603  20.095961  138.395203  0.329564  2.372920      60.003792   1440.900513 -207.330994   8.049218  1.138502  379.167145
166  149.392456  18.720974  196.670639  0.220317  3.121444      63.973927    832.442078 -248.806488   5.255997  1.094786  374.628448
167 -165.292099 -16.186865  144.155106  0.254083  3.772462      91.849762   1498.758545 -186.970947   5.414007  0.349031  398.861664
168  160.507584   0.656779  139.052689  0.256123  1.671367      53.316582   1157.721069 -171.285156   9.056270  0.828315  445.410004
169 -169.989624 -12.028569  183.410172  0.208821  2.581371      57.399239   1927.855835  -84.766968   6.553248  0.216091  313.918518
170 -168.957092  10.429780  192.729050  0.095204  1.042889      92.023407   1640.347656  -91.927208   5.058207  0.471777  350.929749
171  123.544228   9.567314  184.631439  0.299041  1.392108      76.116783   1140.157349 -249.671387   7.744024  1.027970  375.909119
172  169.952911  10.072335  169.032715  0.232410  2.667681      47.399334   1038.753174 -100.670761   5.446062  0.271395  371.926453
173  134.858124   5.040516  179.073532  0.217956  1.043911      65.025558   1721.413452 -212.859421   7.045763  1.509669  371.464844
174  154.296310  11.637854  204.869171  0.195852  1.430551      76.158455   1484.511475 -195.112305   6.510882  1.369357  288.252747
175  177.117188  19.221733  223.956909  0.153476  3.090476      79.272644   1649.642090  128.400681   5.264727  0.822318  344.024841
176  139.579178  11.563823  245.396729  0.267551  1.280463      71.163841    617.712280 -161.802399   7.670622  0.439082  399.045959
177  177.560516   3.879662  219.116531  0.256132  2.697923      79.730789    745.987244  221.105682   5.094470  1.075042  448.909882
178 -167.336975 -25.178768  165.953430  0.160916  1.860367      91.761642   1353.409302 -109.358292   5.291471  0.226530  428.590820
179  174.016525  26.405888  216.635742  0.103953  2.657024      71.454849   1761.575317 -185.014496   5.111548  0.519335  315.727753
180  139.608505 -19.156023  204.243286  0.305833  1.537511      74.404060   1530.515381  214.554977   6.341997  1.231220  331.968475
181  174.636490 -14.385691  146.775833  0.187859  1.613002      63.127026   1101.621582 -172.938675   6.559020  0.358798  350.461060
182  122.827286  -9.355112   92.589195  0.306232  2.481761      65.258827    929.010803  200.688873   6.018697  0.737636  327.943665
183  150.504364  31.024231  233.283707  0.173820  3.634707      75.228844    813.361328  -31.782150   5.139227  0.307454  271.839508
184  146.503143  15.541813  164.055511  0.297986  1.886445      60.533257   1431.387817 -176.424805   7.753671  1.405820  415.383514
185 -179.119598 -25.021130  148.530121  0.112527  2.720938      86.537552   1549.704712 -176.142319   5.064836  0.904284  400.445526
186  172.654465  -7.513647  185.783661  0.140906  3.221473      75.151077   1402.275146   38.976330   5.076667  1.215383  335.431244
187 -179.107040  20.685675  203.976715  0.110233  2.411242      69.383003   1196.298096 -203.398514   6.839609  0.329723  403.588867
188  158.586853  23.794697  207.355545  0.190887  3.270303      70.567337   1234.712891 -100.692596   5.641462  1.280182  372.079956
189  150.568436  12.433012  202.978867  0.247920  1.529080      51.047783   1745.621094 -223.931076   9.351709  0.793937  357.758179
190  168.936630   1.049919  148.480148  0.264676  1.996639      70.864952   1420.197266 -212.448395   6.733380  1.603713  417.322296
191  144.813553 -14.661014  149.336914  0.298942  1.266878      73.018173   1040.586426  212.969742   9.292067  0.810019  313.384369
192  154.268463  11.646824  142.480286  0.299972  1.830070      52.105888   1258.177979 -247.243835   6.977702  0.540745  355.946930
193 -178.982758  -3.823701  182.361954  0.122812  2.313840      52.905869   1492.114990  -54.205608   5.711738  0.277083  275.112518
194  178.037384   3.641603  183.947372  0.106169  3.308237      73.294556   1049.084351 -162.543640   5.201661  0.945631  417.150330
195  112.840919 -40.824188   53.177166  0.197374  1.534141      94.986038   1229.437500  227.486237   5.197344  0.207224  336.632812
196  149.568115  17.291759  225.852081  0.217128  1.651488      35.743843   1642.019043  -95.531662   5.558623  0.472791  385.547089
197  142.197556  11.596898  232.346390  0.264549  1.271829      76.188957    535.276062 -182.523483   9.078821  0.243833  403.218414
198 -171.558350  12.282873  185.191254  0.148470  2.581446      82.688370   1292.798340   80.263283   5.644201  0.362123  402.670868
199  168.859161  18.826000  202.769653  0.185241  1.897401      66.309105    910.355774  -68.058929   5.625638  0.359630  386.043915
200  149.868500  19.074060  203.339127  0.248282  2.379102      72.918762   1404.155151 -162.525986   6.180332  1.707390  341.996613
201  143.796234  20.879692  240.159393  0.313459  1.279407      64.398529   1500.639404 -230.842178   8.753304  0.851897  388.550537
202 -173.154449 -18.362108  164.026825  0.091267  3.811058      94.599678   1321.250244 -237.724426   6.618873  0.635924  345.519684
203  169.319855   3.617275  163.789124  0.174692  2.892628      46.402584   1961.167969 -234.206635   7.105050  0.766642  398.813904
204  179.308319  26.491615  205.502258  0.141998  2.522114      93.126549   1414.071655 -210.280594   5.240281  1.012627  426.778687
205 -178.912537 -22.771603  161.403229  0.144540  2.215916      89.987022    906.340454  116.962242   6.186859  0.476520  382.098877
206  135.500504  18.908405  208.200150  0.289658  2.736514      62.591110    745.380615 -231.263428   5.336301  0.573742  342.169678
207  165.026947 -10.981499  140.860046  0.206092  1.169244      61.196453   1113.441772 -150.535660   5.554379  0.712699  397.799194
208  161.813614  -0.227973  124.120522  0.229990  2.544292      54.257263   1112.332153 -249.677307   5.675582  1.055259  413.409912
209  165.856262  -2.373513  203.443130  0.251215  1.364040      72.903893   1074.976562  243.720520   9.206512  0.849816  340.644135
210  169.518799   9.939223  179.330841  0.198647  2.274001      78.931900    649.635803 -245.764816   7.044668  1.189530  417.283051
211  169.995163  17.512533  175.969162  0.301306  2.288860      89.121758   1012.574280 -125.416710   6.556815  0.769950  256.158600
212 -178.974030  -8.775560  187.479782  0.146618  3.708781      91.614220    617.772827  159.080811   5.300212  0.501260  384.664185
213  163.300568  33.103973  208.833450  0.279714  2.770978      83.160728    938.870239 -237.772385   7.647023  0.729340  403.411285
214  149.563889   8.687089  177.932739  0.235396  1.597469      60.191364   1222.677368 -240.345688   6.816393  1.251043  388.616028
215  153.882614  10.154063  308.470276  0.340394  1.378114      67.577370    663.110596  178.512970   6.316574  0.312302  440.687866
216  169.032028  20.736696  199.037094  0.166407  3.302015      79.413078   1493.666138 -149.270599   5.300875  1.200815  334.617279
217  146.072189  15.207770  213.473526  0.213071  2.182969      83.515488   1343.874634 -166.004318   7.006458  1.927423  262.333710
218  138.798157  21.436975  246.026367  0.238420  2.400606      68.957390    767.084595 -245.129868   7.809900  1.489797  439.331360
219  178.701080  10.221828  184.512680  0.138728  3.753134      73.916672   1711.672607  -48.863747   5.878802  0.881365  359.262482
220 -177.500473   5.093059  190.068375  0.103613  1.904992      71.519440   1912.965210 -110.709404   6.403401  0.747112  362.956421
221  156.029312   6.005574  201.025543  0.132077  1.055614      67.225212   1220.596069 -241.482162   7.594107  1.488164  330.479797
222  155.422409  29.888033  214.259552  0.296534  2.333613      87.208565    782.542969 -190.353790   6.930378  1.002170  380.225464
223  147.449814  32.155846  276.949615  0.162100  1.897917      84.871056   1691.151855  129.617416   5.795664  1.747176  381.399017
224  160.195358 -28.712896  145.674423  0.344419  1.300269      65.868958   1074.603027  140.049316  10.141474  0.323727  402.643890
225  163.592606  21.137545  205.583313  0.180509  2.962441      71.485451    718.498535 -136.690948   5.436784  0.877936  446.179169
226  170.658707 -18.179283  156.368179  0.105636  2.660089      67.545639   1071.712646  152.267288   5.325321  0.626261  359.697693
227 -176.674591   7.304292  180.868546  0.231451  1.281067      70.535355   1518.220947 -248.388474   8.235286  0.395791  374.718964
228  164.684998  15.661064  206.305069  0.206075  1.108981      73.663177   1167.234375 -224.398193   7.948442  0.772751  326.022247
229  178.710999   2.008107  182.098877  0.104801  2.056422      81.981606    931.447815 -126.349274   5.872830  1.182620  397.967224
230  169.103607 -11.680606  153.591064  0.145449  1.356927      26.512554   1696.465698 -211.200653   6.027921  0.276945  346.142242
231  177.777145  26.278809  232.132156  0.256752  1.909632      88.900169   1508.582031  163.991730   5.312326  0.483059  336.771881
232 -175.069794  14.723864  201.999878  0.111089  3.182364      73.710716   1253.997192  119.054893   5.766368  0.377128  414.178406
233  161.924362  19.962460  172.638306  0.332549  2.393174      53.797413   1300.650391 -112.336563   5.160661  0.821562  420.736511
234  161.053589  30.726011  227.096909  0.160364  2.506998      65.284691   1800.630127 -156.980972   5.194285  0.902029  439.352081
235 -176.190384   5.035325  190.999054  0.110454  3.890501      81.922951   1266.917725  176.178360   5.095951  0.705858  373.605499
236  166.893417  23.331463  217.403198  0.117998  3.017178      62.327309   1342.911377   29.252449   5.327010  0.479022  314.890839
237  154.578049  21.819170  161.151031  0.302457  2.842525      77.382111    621.552612 -197.234238   7.222222  1.732463  339.873627
238  141.861862  21.851910  215.340363  0.270762  2.766014      53.977459   1388.934814 -203.145691   6.280513  1.095685  413.272308
239  151.064270  -9.273841  179.676865  0.222803  1.449150      40.192768   1058.292969  240.120178   7.733200  0.394285  432.368896
240  172.373367   6.743743  169.456390  0.172380  3.329044      66.940231   1767.759644 -150.638794   5.737013  1.160022  350.635834
241 -176.913437   4.816672  197.928101  0.144134  2.972291      80.541550   1022.814758  -54.815590   5.037642  0.752797  442.213898
242  130.006348  -2.289187  263.188385  0.346361  1.333500      62.522442   1566.835449 -213.074387  10.408309  0.908265  367.723083
243  155.579697   9.173304  207.867706  0.154445  1.235530      62.182068    707.222290 -192.306412   6.294659  0.489493  369.992584
244  178.184113 -10.473583  178.730743  0.176601  1.877410      82.209480   1065.724609  216.840210   5.142767  0.641938  332.712860
245  176.047455   6.206360  203.281708  0.134434  2.797407      78.861809   1336.164062  -79.160187   5.949541  1.477936  393.399353
246  155.891098  -3.324322  212.748322  0.198268  1.591503      53.841557   1559.937622  229.837326   5.926793  1.205176  413.904266
247  176.067322  18.604095  199.216492  0.134661  3.057108      90.863594   1021.406799 -211.846649   5.974030  1.415635  382.430450
248 -176.051239   6.195504  220.644806  0.261937  3.152216      96.811935    875.530334  136.104599   6.549830  1.910597  401.556213
249  113.908020 -34.179249   93.948570  0.341779  3.967562      66.912415    869.545593  236.096909   5.883458  0.548313  354.509460
250  179.219940  26.642654  193.911453  0.200264  3.513456      88.477539   1324.606689   -8.289629   5.045774  1.055314  446.604950
251  169.186722  27.807800  207.600433  0.261272  1.855805      96.663353    883.163208 -209.247559   7.361440  1.084581  412.032166
252  149.401154 -29.017317  122.279533  0.304687  1.195433      78.747849   1861.345337  154.350708   5.254686  1.487164  412.239319
253  171.412689  18.194403  210.859100  0.131850  2.216763      41.596333   1876.604736 -149.046768   5.282920  0.476608  421.113678
254  173.019531 -12.097196  186.658157  0.326076  1.359231      91.996117   1373.875000  157.250412   8.291465  1.203144  353.982666
255  175.431274  25.518250  205.769394  0.115907  3.883393      79.517181   1935.648926  164.991776   5.852654  0.978019  386.201660
256  159.591858   6.781334  187.132263  0.188561  1.194651      62.718750   1912.134766 -191.419312   5.034566  1.113348  329.923370
257  145.592987  27.327036  222.544540  0.298251  2.517712      52.655930   1626.492310 -186.602539   5.379709  0.806907  401.591492
258 -178.337402 -10.699142  175.418716  0.156438  2.134458      57.308117   1126.714844  -53.278572   5.118818  0.215432  389.713318
259 -171.616638  22.719187  204.202789  0.110026  3.440424      83.123581   1589.021118  -90.829163   5.266893  0.286152  330.279297
260  156.676773  23.931652  185.381989  0.254575  3.488591      65.241638   1016.260986 -218.517075   5.329627  0.761036  288.523102
261  174.599960  22.721788  212.816238  0.105401  1.853883      83.225204   1787.405273 -125.978409   5.226429  1.707219  424.059540
262  176.234055  19.768732  222.845276  0.197342  1.716718      96.474365    923.954285  226.837448   5.359591  0.897804  375.185974
263  144.736816  22.210293  228.581329  0.256713  2.148009      80.281044   1549.803345 -142.317368   5.984548  1.421824  284.482147
264 -172.877411  -5.313137  194.887299  0.224944  2.700600      68.373146   1269.838623  154.114288   5.073802  0.216731  333.027191
265  172.338821  21.747494  190.781937  0.232959  3.077194      24.569378   1967.670532 -118.930351   5.408143  0.265185  382.481995
266 -178.078598  13.753467  187.696701  0.113714  3.747714      95.716988   1556.004883 -137.369720   6.785050  1.208569  319.701904
267  175.845993  15.559019  172.927719  0.234470  3.346407      56.804726   1477.527466 -198.938904   5.592752  0.503549  370.161438
268  158.766800  -1.973007  237.000244  0.286731  1.440396      83.033737    603.949951  142.955124   6.604255  1.329934  364.961945
269  140.727661   6.292553  191.880386  0.237453  1.205929      85.332069    700.645142 -220.056808   7.935951  1.298891  280.496887
270  145.995499  22.089884  148.032471  0.344891  1.995301      52.480534   1475.919434 -188.649414   6.731523  0.915490  439.604309
271  128.192688   0.268204  274.941956  0.342413  1.509393      64.927597   1543.620117 -197.137085   6.433632  1.080599  386.494110
272 -174.752563  11.475101  174.594543  0.213741  3.004536      82.014946   1863.070679  -47.701691   5.689780  0.778461  381.375061
273  156.704758   7.524296  141.000504  0.318195  1.498626      71.334801    874.980835 -121.281960   7.991194  1.186493  416.659149
274  169.146744 -21.533110  161.236069  0.154758  3.207529      55.223763   1582.546631  172.954407   5.555176  0.691766  416.067780
275  179.209457 -14.440563  176.870605  0.147329  3.238970      97.107834    635.902222 -152.316330   5.935177  0.957763  375.017487
276  177.964783 -24.072575  160.838486  0.204419  1.559809      93.512688   1975.519165  225.188324   6.676355  1.679949  434.262909
277 -179.188400 -41.102715  130.440353  0.176416  2.277573      82.846451   1742.561646 -221.115082   6.481484  0.265916  427.183044
278  174.232040  14.524361  187.566025  0.140915  3.445392      79.592690   1108.364746  -91.557335   5.446118  1.390990  396.758423
279  142.320602  29.924347  229.015396  0.252271  3.350614      78.149559    696.659424 -245.231247   5.946985  1.271307  376.344879
280 -175.497803  -8.236576  205.822937  0.345575  2.430566      69.415871   1127.967529  142.060486   5.859433  0.200988  265.709564
281  164.225250 -15.033009  177.871109  0.254189  1.739291      90.902763   1078.192627  179.484695   9.069914  1.515093  274.723724
282 -170.403564  -2.206024  173.277451  0.103832  3.382631      96.414406   1927.177856 -166.769943   5.190392  0.810621  333.385101
283  165.534317 -15.630858  118.381256  0.238386  1.887223      57.002670   1440.216797 -139.905731   5.661856  0.889454  439.906036
284 -173.733414 -23.338308  166.726318  0.122632  3.828148      77.913361   1556.635132  -84.484665   5.243931  0.504668  441.820129
285 -172.202118 -11.057648  155.448349  0.148868  3.906366      81.694511   1837.152222  -80.595200   5.738528  0.568364  348.910095
286  135.107819   8.296986  181.561234  0.258518  1.303429      70.556839   1184.853027 -210.121750   9.237968  1.110188  345.835571
287  175.887634   9.259914  199.079819  0.096210  3.697818      78.761932   1257.498413  100.787231   5.271765  1.248266  373.878296
288  146.457764  14.792764  202.847626  0.281958  1.788318      31.276615   1811.468018 -139.649216   5.899819  0.424225  355.377563
289 -178.841629  14.987236  212.017914  0.126279  3.701409      88.391350   1455.592651  -50.596096   5.231180  1.200074  387.562408
290 -172.102280 -11.990290  158.058044  0.289229  1.196139      85.355087   1506.245972 -130.699142   5.574488  0.303656  364.444946
291  168.148285 -11.672124  149.202621  0.163479  1.148362      66.643456   1420.640381 -182.022995   7.708523  1.473577  425.157745
292 -177.269699   2.917433  211.924377  0.229621  3.468807      34.489609   1541.631958  155.193954   6.270917  0.239324  391.075226
293 -172.648819  -3.965980  181.542618  0.140142  3.441004      80.685280    921.009277  -51.750412   5.591233  0.261333  421.362793
294  150.952057   4.528474  194.635147  0.158943  1.234538      65.817123    882.163513 -119.827393   5.394977  1.555024  379.801239
295  139.941742  33.486084  260.150757  0.280062  1.465854      81.053185   1894.565674 -228.022247   8.437799  1.245446  420.388550
296 -176.774200 -13.106155  183.613205  0.167217  3.549392      67.943108   1340.007080  231.931854   5.590375  0.412810  372.123718
297  148.414520  27.363115  204.410065  0.264467  3.510854      70.632042    616.489075 -161.355194   6.774628  1.362628  391.691956
298 -176.272614  -9.107579  195.716873  0.189185  3.841616      77.680496   1172.166260   30.576559   5.373781  0.588004  359.413849
299  149.451309  11.632867  180.507278  0.319293  1.354850      56.455139   1418.651245 -152.706970   5.025177  1.010569  437.625122
300 -177.712006  -5.600717  136.930145  0.265251  3.534152      68.029114   1856.786987 -162.346115   5.114751  1.428624  445.306396
301  147.627106  25.018806  225.636627  0.303452  1.895326      76.956436    854.403931 -233.382553   6.851574  0.607684  335.691772
302  165.000641   7.875679  222.723633  0.224860  1.215123      91.722488    534.778503  144.180023   7.848310  0.673885  313.684204
303  151.503967  12.470881  205.051147  0.177924  2.158629      77.079033    913.398621 -178.391739   7.122912  1.445720  296.040619
304 -177.120789   3.458284  157.114517  0.225261  3.496996      59.227036   1929.560791 -150.021179   6.855571  0.422555  275.420837
305 -179.523010 -10.297168  160.174973  0.121984  2.888578      84.625771   1047.525635 -221.861649   5.247159  0.968021  383.828308
306 -172.894226   8.793674  163.911224  0.342403  2.243112      63.417995   1734.875488 -155.785385   8.074543  0.287935  369.773834
307  168.234650  -8.142666  150.681137  0.237596  1.038520      24.472364   1843.389038 -204.745544   8.265686  0.334601  417.956055
308 -179.555954  -5.257045  172.035934  0.095342  2.100871      79.266777   1131.982788  142.871384   5.225556  0.479084  274.540283
309 -177.947784  -7.950795  155.612656  0.234023  1.876114      55.980480   1770.129028  -68.508850   6.077633  0.287868  277.113098
310  169.901840  15.500314  205.660583  0.100701  3.693419      77.754456    816.667175  140.158051   5.576093  0.478950  292.580505
311  168.054291   7.857457  122.068840  0.349496  2.342254      61.853298   1188.912231 -227.354599   6.221826  0.676387  320.902069
312 -179.736191   1.812453  177.802017  0.120419  2.234561      71.259956   1438.993042 -215.306503   6.078166  0.909621  421.143646
313  173.620804 -18.072590  169.643082  0.222297  1.685704      75.836868   1368.544434  207.252060   8.534751  0.506156  280.499908
314  159.380005  25.680319  176.724045  0.300374  3.506457      51.752121   1283.296021 -216.223175   7.929052  1.266882  431.539612
315  178.135773  -7.086245  163.597336  0.165620  1.425262      58.958862   1688.042114 -104.705162   7.834517  0.458525  325.088715
316  175.720139  15.190777  190.047409  0.159340  2.710155      84.133415    791.866394  -50.228619   5.352155  1.013070  420.963928
317  144.332764  25.530254  246.582443  0.242235  1.719122      71.504288   1358.304443 -116.724380   5.075378  1.712125  437.856110
318 -172.495163   0.398906  155.545624  0.240501  3.343240      99.146385   1229.050537   18.850115   5.536831  0.646717  266.032135
319  175.590805   0.707209  177.811386  0.128821  2.548480      80.413467    627.638550 -102.307358   5.034577  0.913671  430.781708
320  172.352737  41.115772  217.571320  0.170126  3.911245      75.929947   1810.984253    0.336628   5.599533  0.274895  318.549988
321  174.891388 -29.523897  142.479065  0.120280  1.026378      91.265602   1031.846069   41.828140   5.203855  1.098130  423.984314
322  156.728210 -35.073753  130.023285  0.219902  2.176307      93.877548    931.904785  245.946594   5.543982  0.995738  340.913055
323  177.799271  -3.295820  166.850586  0.153473  2.389310      68.768814   1874.019409 -249.188705   6.869829  0.947854  379.374359
324  154.077820  10.580740  194.466644  0.245855  1.349501      60.513691   1150.863770 -234.633560  10.664701  0.902428  397.335693
325  142.241974  39.281292  240.667480  0.262285  3.486240      66.016754   1496.570557 -242.416428   5.790521  0.790722  440.475922
326 -176.890182  20.771650  192.672226  0.169591  3.326041      60.184200   1327.747803  -99.758369   5.181534  0.218308  381.922821
327  153.927917  10.001628  131.864594  0.300731  1.634911      62.257675   1297.144653 -124.134354   6.258363  1.412339  435.563934
328  135.118042  10.095588  172.234543  0.256469  1.376683      57.267445   1480.596680 -193.343018   6.648839  0.759615  352.248016
329 -177.525528 -17.805870  154.263763  0.128793  1.811921      98.392601    972.343201 -162.574097   5.766256  0.681624  314.264771
330 -174.230392  -3.457361  186.634155  0.117802  3.213125      98.314842   1583.585693  240.749268   5.024313  1.560968  371.805542
331  163.356689  12.467415  198.185898  0.249847  1.011254      80.291084    740.106689 -206.487549  10.424092  1.171319  404.215118
332  150.976715 -30.012499   74.094284  0.298612  1.660147      97.014336   1143.155884 -209.569519   9.081984  1.081891  272.142914
333 -168.648499  16.010475  204.065933  0.132592  2.920050      98.184357   1772.866943  -84.757896   5.174940  0.516765  373.316254
334  178.280518 -32.102249  157.920700  0.238763  2.112870      73.953209   1677.279541   77.865761   5.929548  0.318116  337.169037
335  145.420990   4.282723  155.147446  0.202894  1.037987      73.489517    634.211426 -180.165344   5.598166  1.021255  353.071838
336  165.088058  15.868092  188.730957  0.230513  2.139617      73.536316   1070.434937 -201.877060   7.549154  0.537899  264.605011
337  157.800949  13.372024  193.629501  0.264180  1.461297      69.132042   1311.920288 -233.324112   5.011303  0.721434  296.645874
338  165.081696 -11.186236  219.514679  0.293187  2.402556      75.373817    594.103760  189.720856   5.187999  1.641777  427.341217
339  163.502426   6.967008  195.077469  0.133080  1.428650      63.251091   1190.677246 -207.048996   6.034101  1.743012  429.056915
340  124.911270  14.277981  187.042160  0.306166  1.921845      86.858742   1303.058105 -232.365662   8.392284  1.840456  322.573822
341  135.890274   7.328658  269.849792  0.272133  1.079732      75.056831   1276.881470 -244.112137   9.291246  1.761004  365.606415
342  160.027328  32.926708  207.082840  0.236013  3.830444      77.515526   1669.530640 -153.958420   5.078390  1.668755  383.345886
343 -169.833969  -4.987160  183.189590  0.139903  3.000147      50.521233   1805.520630  -13.189791   5.689309  0.269256  441.526306
344  139.909973 -17.177593  115.793259  0.282296  1.388638      40.042477   1854.897827  178.716980   5.346965  0.430349  312.000610
345 -167.838760 -11.019696  162.039642  0.143286  2.955134      83.570435   1687.759888  124.797607   5.471085  0.270277  265.832916
346  179.820297  38.172318  222.920425  0.105985  1.477702      92.243256   1328.690308   37.994129   5.553787  0.309909  435.493103
347  164.722275  15.234107  177.707901  0.211031  3.144539      52.243607   1800.790039 -230.965912   5.017078  0.583738  271.914337
348  165.479141  -7.697311  121.487671  0.282460  1.805342      74.158646    997.495239 -178.260544   5.677679  1.863613  432.363556
349 -177.381714   1.625549  175.626190  0.122729  2.822567      86.483192   1054.401489 -122.857262   5.180064  0.970916  391.948059
350  179.862549   0.679085  162.886154  0.195354  2.572187      87.028748   1942.193848 -171.221100   5.446547  1.484833  345.585846
351  160.595444  18.996929  257.675964  0.288656  1.402285      89.290192   1091.560303  117.073883   5.467501  1.473231  363.207153
352  177.201599 -29.589251  169.384216  0.240454  3.117148      90.209167   1453.789062  107.808304   5.488833  1.479210  438.988464
353  153.741180 -33.348652   83.408264  0.276373  1.726465      99.143890   1016.576599 -222.614731   8.295795  1.269322  331.914032
354  179.780670   7.672789  178.062073  0.157482  3.984624      62.065338   1174.575195 -130.671524   5.046662  0.396323  382.880737
355  168.457230  18.522375  196.232635  0.204767  2.212052      68.527031   1702.413818 -176.155914   6.259904  1.136569  399.931732
356  142.386124  24.155251  244.316055  0.296354  1.526102      76.617157   1406.349854 -177.052475   9.547291  0.801225  304.656494
357  170.736343 -25.618034  150.903625  0.127140  2.764862      92.403633    769.292480  -62.182663   5.026777  0.879924  335.190796
358 -172.784698  -8.944618  173.889938  0.102170  3.487761      95.888885   1700.477417 -102.408478   5.204944  1.349135  405.130463
359 -178.593658  -9.992765  180.723999  0.212550  1.512929      81.685303   1404.201782  189.587631   5.859287  0.795791  395.115417
360  166.175903  -5.043057  154.898148  0.186458  1.299292      69.437141   1174.597656 -177.424484   5.510604  0.810727  318.013977
361  150.691849 -17.241377  189.569626  0.331000  1.652333      37.348671   1507.877075  232.581238   8.689172  0.384621  362.393616
362  165.873947  16.235687  193.495193  0.219824  1.987465      80.485840   1377.704346 -226.786423   7.252316  1.387344  339.523529
363  177.736420  24.535870  206.778442  0.141085  2.104760      91.804688   1092.795654    9.707037   5.151752  0.536082  324.239349
364  134.377701 -18.842222  124.628593  0.334005  1.776171      85.516502   1651.822388  216.991043   6.124093  1.789732  283.220367
365 -171.098206  13.836271  187.013412  0.114453  3.627876      97.747078   1388.506836  155.944443   5.901147  0.484252  307.509888
366  132.372818  21.634558  255.788864  0.340348  1.764459      67.118637   1268.074585 -223.709869   8.111425  0.865996  398.884979
367  170.714508  -7.600404  176.376038  0.162503  1.143293      80.352753    739.790100   60.757172   5.816236  1.594942  420.938171
368  160.170883 -21.454248  166.276657  0.255805  2.179197      76.533745    864.688599  136.594879   5.414600  0.702835  302.502777
369 -175.612503   7.356905  222.703552  0.300104  2.786583      86.456192   1149.031372   88.343437   5.918146  0.930047  410.735260
370  160.739304  37.098877  223.167099  0.180078  3.912722      99.315140   1378.840942 -107.690735   5.509822  1.088322  301.618408
371  178.511230  16.882494  182.626694  0.201312  3.713517      52.921371   1150.337036 -117.135002   6.273879  0.300177  447.454041
372  167.360001  24.819696  192.180222  0.233205  3.189313      93.799988   1909.227539 -170.531067   6.999745  1.726339  259.638123
373  167.073517 -36.161259  136.437988  0.153258  2.333802      93.522369   1392.354248  195.399292   5.862607  0.754795  316.204742
374  159.095749  13.303413  189.326614  0.225327  1.943765      62.092937   1181.989990 -193.544327   6.763140  0.768772  360.747864
375  159.419495 -27.601423  156.838165  0.272981  2.415307      79.419250   1537.589111  216.285095   6.950998  1.860236  377.608765
376  128.421188  13.927535  189.720169  0.334373  1.738588      66.221260   1009.952026 -141.204010   5.625433  0.555466  351.495667
377 -170.764816  -0.764383  154.714462  0.231683  3.843893      97.734184    707.327393 -244.336334   5.459253  0.296193  377.958130
378  154.562912 -11.079803  211.078445  0.305552  1.453409      72.660789   1004.730103  160.144104   5.720551  0.933144  336.900818
379  163.245651  32.340000  207.499374  0.256157  3.082928      61.930328   1983.997681  -51.994629   5.570902  0.771908  420.146271
380  172.465530  -6.193498  154.285385  0.206258  1.485247      87.627548   1103.500488 -175.596695   9.552938  0.914124  278.499298
381  158.776825 -27.544741  157.108200  0.285864  2.277706      79.687408    950.376160  136.049057   6.325891  1.918365  424.966980
382  173.479477 -15.650019  150.871704  0.149115  1.531427      45.974480   1700.705566 -198.047012   5.517594  0.464409  402.597778
383  158.331238  17.256897  197.819992  0.279759  1.609041      88.835945   1242.653687 -204.224411   8.883507  1.541625  288.606110
384  172.192123  24.269434  211.437469  0.203317  1.080654      71.132401   1898.182495 -168.114822   6.525127  0.476439  292.984375
385  150.311920   8.473259  140.830032  0.249997  1.565432      78.738220    506.604431 -205.640747   6.645346  0.577879  358.766113
386  153.296783  37.711575  235.052856  0.193962  3.125902      72.080681   1733.024780  -36.804989   6.363445  0.467903  283.165833
387  171.650833 -19.623718  175.309662  0.226205  2.596223      61.425964   1896.374512  161.048340   5.089065  0.669454  327.686462
388  179.585968  -1.128491  190.109894  0.129633  2.728749      88.804619    791.779663  115.108337   5.742856  0.983852  367.306824
389  159.855072  -5.719997  104.693451  0.326841  1.342755      63.446266   1487.357910 -125.237083   5.237384  0.617286  315.059387
390  177.409958   8.956912  153.177017  0.302069  2.881114      37.424923   1330.742065 -244.334961   5.394306  0.338353  444.587769
391 -175.930161  -0.168436  182.182816  0.104960  1.516606      94.269936   1146.196899  -57.840855   6.662583  1.720482  411.320770
392 -176.455475  -2.221101  163.986053  0.151669  3.397044      80.399170    980.883667 -166.232193   5.539238  0.576732  399.724060
393  177.144989 -25.777695  137.680191  0.143174  3.246212      60.184429   1668.170776 -221.082809   6.326689  0.402854  367.704712
394  173.655380   7.830385  179.666443  0.151048  3.214695      75.934296   1059.486450  -23.332676   5.704960  1.700022  420.902496
395 -174.017975 -12.330177  176.557358  0.145764  2.098602      82.874756   1329.268433  -47.734085   6.254700  0.404279  317.037598
396  177.252625  -1.875722  168.920013  0.112511  3.207857      86.983162    914.784973 -196.779068   5.960777  1.725112  376.054382
397  178.582703  13.035923  194.841064  0.155291  1.310821      71.037598   1816.626831  -59.223614   6.954482  0.747336  381.368225
398  179.600449  20.520565  207.167618  0.110964  1.470812      79.428268   1394.899780 -146.764404   5.110725  0.582312  360.236298
399  165.377487 -13.252110  203.460602  0.315645  2.041126      69.000946   1906.538818  157.027878   8.271290  1.445946  371.805084
400  134.486862 -35.214745  105.605492  0.230802  3.754260      43.294788   1334.778198   85.211960   5.224369  0.329633  400.848206
401  176.320450 -25.839190  158.123871  0.192099  1.776854      97.976509    958.924500   72.538269   5.275570  1.567417  435.982788
402  156.764969  11.846419  177.742538  0.273818  1.730990      70.849869    608.974915 -135.255142   6.667936  0.752730  448.211670
403  171.935898  -2.199836  176.546188  0.109835  1.533908      71.340752   1506.516235 -241.160126   5.535087  1.382255  359.886414
404  155.384445 -25.429132  167.408127  0.311018  2.413890      41.149738   1085.196411  153.782410   7.112103  0.275231  398.827148
405  156.344604 -23.948978  175.827835  0.338390  2.107029      67.835266   1304.924927  247.826416   8.310708  0.990334  368.217285
406 -179.961823  11.088386  141.761765  0.318038  3.699823      70.450951    693.795288 -149.591354   5.567308  1.099842  410.687836
407 -165.656479  -7.537651  179.881012  0.129164  3.394033      84.061989   1944.148926  247.849136   6.490371  0.387492  389.616730
408 -178.730652  -8.417108  193.977615  0.272030  2.032100      87.662506   1475.121582   47.002319   5.339552  1.136818  396.954773
409  166.737442 -13.420767  141.908157  0.157911  1.492916      44.859741   1788.342407 -122.268471   6.264620  0.578851  386.174591
410  152.408752  16.818686  190.165024  0.286673  2.058191      60.876057    819.231934 -232.067200   8.095612  0.833315  436.586151
411  159.795898 -12.546653  126.932228  0.169980  1.369173      70.988731    995.953186 -176.578644   5.271950  1.119543  342.038452
412  152.510925  17.740664  224.500961  0.249731  1.111583      83.641243   1223.633057 -228.331406   5.388614  1.965412  342.732819
413  174.759933   6.415638  212.524521  0.234149  1.783517      49.589458   1967.500854   99.717628   6.325244  0.392009  301.642670
414 -177.285889  -1.199587  207.442413  0.274765  2.402017      83.884613   1044.897095  216.798676   7.741682  0.397514  290.854065
415 -170.970444   8.255593  190.015762  0.107791  3.040161      84.388725   1325.453613   95.685555   6.267467  0.389580  359.169037
416 -167.444687  -0.632010  178.790665  0.112075  2.376233      76.207207   1465.078125   58.695385   5.654206  0.313987  427.586212
417  172.992065 -20.324511  157.907578  0.104923  3.613150      88.361900    804.236511  -89.753548   5.466515  1.272148  370.146912
418  176.007950  -0.451020  172.861893  0.172186  2.155982      51.704540   1096.423584 -222.227356   6.435373  0.208202  315.845428
419  136.657440  13.228409  240.812195  0.269019  1.894953      49.668430   1460.349976 -220.463150   6.505847  0.497125  298.054199
420  179.631042  26.870880  182.487411  0.294250  3.450069      34.656639   1861.248291 -226.764145   5.706941  0.210458  347.784912
421 -170.362259  -2.052356  177.877975  0.101904  3.159572      97.277252   1883.266846  100.135101   5.239689  0.853100  339.822266
422  165.240906 -31.009226  152.871017  0.259379  2.266567      76.484261   1805.116577  200.827744   5.010943  1.127928  419.043427
423  148.174500  24.019842  230.461716  0.236526  2.154924      63.855358   1455.171875 -118.549553   5.729400  1.061642  404.579224
424  145.302124  31.066586  237.088806  0.280572  2.231721      72.205925    971.157715 -207.231842   7.420375  0.508519  363.438599
425  171.994614  14.472425  229.439316  0.250316  1.747012      60.192329   1572.239746   84.667740   6.112782  0.669033  436.400085
426  147.348419 -24.624130  114.213600  0.206132  1.420542      58.392887    998.684937  208.782730   6.781549  0.350945  315.028503
427  167.811157  24.044235  205.672134  0.194119  2.681404      69.682495    950.194824 -214.325165   6.057583  0.315938  330.158569
428 -175.676956  15.004004  176.014679  0.285817  2.385409      68.626678   1520.909424 -226.172287   8.797597  0.361452  406.599762
429  161.545792  14.040846  203.233810  0.164771  1.892145      56.009254   1790.259033 -243.586136   6.970145  1.004719  395.613312
430  153.604156   3.359361  158.442612  0.215720  1.342135      56.969486   1691.875732 -119.966881   5.386908  1.203355  387.207214
431  167.402817 -32.809364  109.659477  0.259478  2.016130      45.120010   1913.997681 -247.284027   5.212050  0.357293  423.295319
432  177.454239  12.896003  193.383286  0.092866  3.357517      94.161560    794.425964 -101.712639   5.354568  0.819449  297.795044
433 -175.264221 -17.641806  155.605225  0.143018  1.949913      99.370743   1210.690186 -134.422394   5.764682  1.451072  438.957550
434 -179.784103   8.914475  199.733704  0.124271  2.810785      47.350578   1938.203857 -186.120438   5.165164  0.515570  440.448395
435  163.847702  23.472086  213.855408  0.245031  1.575408      31.605444   1643.002808 -208.271835   6.875378  0.202682  299.485779
436  169.274109  31.554218  194.720230  0.260012  3.720583      57.126926   1608.966797  -70.053764   6.346966  0.464879  369.686707
437  125.922935  32.440197  277.389038  0.270648  2.221388      87.689079   1514.294800  -82.266068   5.225743  1.412617  417.089905
438 -170.239273  -6.692695  171.835892  0.114332  1.867492      79.115234   1448.670898 -209.315887   6.296935  0.292253  289.381775
439  172.063110 -13.777502  141.721237  0.207791  1.606292      73.416435   1773.722290 -140.298935   5.735553  0.972149  341.975098
440  160.812042   5.875442  180.053467  0.184612  1.627117      44.436348   1521.455933 -118.709000   5.889517  0.469008  319.789124
441  173.606918 -26.300619  107.622887  0.292915  2.775043      85.159935   1262.177490 -225.541931   6.615987  0.962992  342.505249
442 -175.556396   1.252785  173.830521  0.144263  2.355981      80.791313   1316.038818 -241.854843   7.657007  0.521139  341.023041
443 -176.647018 -11.092474  180.737564  0.186506  2.146266      75.525162   1610.938599  -51.744457   5.444102  0.768302  421.095825
444  166.307831  23.467058  212.898422  0.147702  3.420208      66.383667   1354.869995 -244.696915   5.650272  0.947651  422.317566
445 -165.594208   5.240303  181.510559  0.108437  3.723942      97.062088   1385.430420 -175.887421   6.045414  0.468261  446.190918
446  172.260269 -23.687189  148.339813  0.126722  1.510836      79.143219   1501.848877   69.534424   5.849240  1.251725  385.571625
447 -172.160675 -12.697246  164.611252  0.133742  2.062762      90.595062   1087.188965  177.572601   5.976089  0.428156  376.769867
448 -173.376907   5.921683  173.476151  0.205989  2.353724      85.017197   1739.762939 -227.459702   5.858934  0.920844  441.220306
449  178.671616  27.900711  216.262527  0.095615  2.147311      87.675194   1221.541870  -73.165718   5.645376  0.578650  395.964294
450  123.165031   7.771650  254.012161  0.327534  2.465882      46.143646   1306.641602 -248.682602   7.868943  0.592254  364.634613
451  176.169724  -7.248676  195.421097  0.177916  3.581556      76.432030    847.822144  166.843277   5.637986  0.607192  335.676849
452  178.669067 -19.859234  156.327225  0.119587  2.547697      74.623108    908.574707 -210.697784   5.594830  0.226561  308.517395
453  179.563095  15.425137  199.396545  0.116572  1.387021      84.019730    920.064880 -145.032852   6.121347  0.737412  408.859863
454  144.361847  33.204029  225.115326  0.271572  3.496445      55.168640   1941.951050  -69.795494   6.040412  0.638207  291.707092
455  171.055084  18.624359  190.742371  0.192034  2.875252      66.119072   1966.323975 -223.397263   6.457406  1.048798  395.116669
456  167.997208 -26.233267  165.304581  0.340569  1.671396      90.586479   1394.231323  188.739731   7.486778  0.956773  338.296997
457  151.425766   2.494448  163.666718  0.183049  1.224718      78.363243    709.690857 -224.445999   6.013122  1.575582  318.170715
458 -174.309753 -30.632723  149.235870  0.105899  2.537730      97.091705   1292.387085 -111.414406   5.077612  0.592996  445.697449
459  165.279419   7.226206  155.870270  0.262947  2.151129      78.988808   1643.375488 -241.374573   6.154011  1.393479  277.395538
460 -170.690002   1.150686  182.999557  0.099306  1.637375      98.823471   1802.977173   22.020950   6.192380  1.165330  396.703827
461  141.553467   6.642228  246.379318  0.220987  1.017106      64.663635    966.282410 -125.284668   5.162209  1.224735  390.702148
462  139.288040 -18.442863  196.562088  0.302444  1.646816      67.289902   1146.015869  203.419708   7.725972  0.973286  383.845825
463  142.893082  22.337332  194.992935  0.346838  2.220189      71.705956   1015.911194 -205.743179   5.359216  1.714536  393.513916
464 -167.012222   7.299661  171.578003  0.237825  2.669636      81.998116   1923.092407 -106.904633   6.795453  0.352373  380.945251
465  167.311646  14.814820  224.950455  0.121642  2.296154      77.465363   1382.401855  243.078415   5.435644  0.935651  261.378967
466  158.098145  22.319906  207.082642  0.218047  2.626834      80.988815    537.833801 -141.115784   5.987186  1.898413  440.948273
467  170.109406  15.254670  170.982224  0.219426  3.864673      60.653893    756.210327 -193.694916   5.200892  0.430651  405.600861
468 -176.690750 -11.345894  130.738663  0.289531  3.248918      84.453537   1400.666260 -163.697662   5.084106  1.230309  360.799255
469 -172.871170 -19.818441  163.752823  0.097691  3.213156      81.273468   1876.083130   23.669413   5.644020  0.497261  340.866028
470 -178.010117   8.948785  189.222656  0.134519  2.331478      44.631424   1844.494019 -198.519943   5.685174  0.395376  432.160065
471 -175.717422 -23.442308  177.400269  0.215298  3.395551      85.453018   1077.493164  173.243011   5.591848  0.524397  431.169464
472  155.167572  21.224461  203.310913  0.325212  1.660383      83.314606   1089.160400 -187.871231  12.561908  1.479054  371.953033
473 -175.072662  11.189474  178.222992  0.157670  3.772973      87.316628   1647.842773 -193.242447   6.132819  1.188597  431.884796
474  173.465530  10.240203  174.598541  0.260443  2.076761      26.320391   1602.959961 -129.170120   7.120492  0.243322  427.216583
475  156.988754  19.835733  183.022812  0.286507  2.510884      63.656864   1017.573914 -133.564026   5.630818  1.162530  404.889496
476  178.830688   1.240013  176.587769  0.154613  1.974359      42.785358   1734.084717 -106.682701   6.480102  0.381086  411.258850
477  166.019943  28.903400  193.549011  0.285934  3.000762      68.055176   1643.051270 -123.556801   7.097699  0.854269  373.706512
478  171.411224 -12.471262  141.702332  0.208275  1.856010      34.643024   1697.145142 -128.722733   7.545987  0.374054  416.233093
479 -173.977356   9.836213  177.336441  0.248520  1.927042      74.840179   1250.112793 -244.751358   8.736622  0.316411  418.560699
480  168.869705 -23.127712  138.474625  0.145244  1.063154      35.640453   1475.433716 -226.172394   5.345873  0.225560  335.790009
481  174.023193   4.944499  170.503769  0.170121  2.841119      82.919762    783.964478 -185.744415   5.990051  1.632298  398.025055
482  175.840927  29.066517  227.181885  0.223591  1.099072      59.315529   1453.973511  153.367065   6.847564  0.251354  443.522095
483  140.681198 -26.984816   91.079506  0.171478  1.213471      60.533195   1525.431885  238.546494   5.476119  0.788105  370.792542
484  173.956863  -3.072133  155.421967  0.252997  1.671465      70.715591   1495.310303 -172.428162   8.194574  0.986435  402.294098
485  169.213486   5.174189  186.537628  0.105794  1.775301      94.843864    570.705933 -147.307007   5.040304  1.620655  279.252808
486  149.488998  32.758869  226.199615  0.292089  2.583076      40.958199   1772.543213 -245.483871   9.127141  0.365123  358.217896
487 -179.044739 -18.349075  157.426804  0.075461  1.989143      90.675629   1894.481079  164.242142   6.738561  1.257679  333.058899
488 -176.460342 -15.205987  171.087265  0.144537  3.713598      56.848217   1439.572510  -84.800476   5.428549  0.255777  352.553131
489  146.977036  13.316926  158.307068  0.279555  1.778371      53.431477   1631.371216 -225.765884   9.415095  1.105223  420.167603
490 -178.292557   1.949677  195.426285  0.130358  3.993672      94.113503    717.968506   11.652555   5.179394  1.228741  402.053528
491 -174.740250 -23.992805  173.440506  0.259666  2.295856      59.199104   1629.868530  110.043800   6.551500  0.246550  429.519348
492  175.812210  18.436474  152.486069  0.335890  3.563248      11.594568   1936.642456 -121.485008   5.109041  0.250764  288.975861
493 -176.221939   2.577487  182.272278  0.112481  2.158756      41.579884   1986.309570 -190.072525   5.527431  0.293812  333.159882
494  146.035309  21.067848  207.234695  0.288976  2.362176      58.054890   1082.881226 -177.324738   5.989996  0.856629  389.159821
495  137.090988 -31.741463  129.092728  0.315868  2.925813      65.166458   1066.559937  109.102371   5.335785  1.079385  385.910797
496  172.234879  32.287979  222.002701  0.124910  2.075601      84.684151   1836.950928   29.538254   5.306275  1.059060  426.989349
497  138.649353  14.477522  173.913010  0.313785  1.575699      64.829048   1572.595703 -241.480972  10.706096  0.967251  347.939484
498  170.354599 -18.132641  178.136169  0.178466  3.780422      50.164967   1640.460327   66.164299   5.295039  0.612254  372.236359
499 -179.980453 -17.737869  166.339828  0.116767  2.626245      91.545731   1038.719238  -59.977676   6.050557  1.256197  389.158569
500  175.686157  22.530909  216.478592  0.090960  2.451393      91.728203   1244.414551 -223.094482   5.200212  0.997802  334.103638
501  144.707458 -19.194073  165.841873  0.305454  1.900372      50.933929   1745.969116  192.737671   7.020496  0.661931  329.374664
502  177.353287  -5.789386  165.877548  0.117988  3.688757      74.831383    760.008972   85.009956   5.134760  0.334430  352.035370
503  165.114471  19.125723  167.060410  0.268839  3.514684      35.134262   1167.135742 -210.068741   6.034627  0.262952  307.549927
504  152.637268  15.943642  171.360016  0.330958  1.774736      83.839043   1258.488281 -203.389465   5.568408  1.128098  251.560730
505  157.182648   6.732828  136.801743  0.284548  1.814629      42.898266    932.604431 -234.640411   8.548229  0.205082  380.005920
506  156.249893  13.270329  189.859482  0.301670  1.373980      55.886623   1921.121460 -203.509369  11.602245  1.031074  424.367920
507 -175.363098 -19.004093  203.212875  0.320356  3.627605      76.907013   1795.639282   84.330200   5.251944  1.111157  366.500366
508 -177.661758 -27.743719  150.968155  0.082330  2.625233      80.359322   1399.829224  139.180771   5.617072  0.373679  328.021240
509  163.645126 -32.736217  129.842392  0.125381  3.121296      62.699829   1400.066895 -128.526169   5.366516  0.524181  376.867645
510  167.795807  10.356031  160.664841  0.247169  2.779064      77.969017    568.102661 -141.342300   6.525559  0.375390  302.601257
511  170.479858 -11.237568  199.756119  0.255197  2.678446      44.950390    982.703125  166.541992   6.424139  0.309024  448.095825