            lon        lat         inc      D1AU     delta  launch radius  launch speed    t factor       B1AU     gamma         vsw
0    163.846390  16.644308  190.639343  0.292948  1.572434      94.640419    994.152283 -171.925674   5.656740  1.566584  306.914337
1    151.784927 -19.069485  159.753937  0.239740  2.089043      75.600594    905.750916  248.082169   5.367960  1.154892  321.535034
2    176.477310   9.649573  169.855621  0.271068  2.182867      57.895988   1954.480469 -138.073746   7.263362  0.657714  414.249756
3   -170.093613   4.954216  170.871780  0.193944  2.913471      75.241364   1740.640625 -228.847458   5.812446  0.393889  375.087799
4    138.517090  20.434052  214.912827  0.309250  2.422264      49.350868   1603.921875 -243.126709   5.279694  1.205250  441.150665
5    159.065018  17.130257  182.664886  0.251635  2.743320      54.679909   1718.724243 -148.528793   5.756975  1.477279  442.765289
6    167.390671  -4.037504  149.521866  0.229269  1.587466      73.820709    745.748596 -196.471664   6.852976  0.695452  370.842346
7    172.538345   6.526323  173.655487  0.296307  1.254917      80.653519   1724.533569 -146.756638   6.963869  1.527236  418.789642
8   -179.273682  17.033937  183.490997  0.238968  2.493748      61.648613   1709.917603 -177.959488   5.587453  0.439987  400.008789
9    152.615540  24.146835  192.025116  0.333679  2.325066      74.951576   1328.702271 -127.840324   6.341938  1.557009  344.980225
10   170.911880  14.951446  172.039505  0.278788  2.431024      77.581383    792.346741 -192.383575   5.843368  0.439737  314.341766
11   147.609360  23.455050  242.824158  0.250321  1.341791      50.575855   1006.096924 -211.416611   8.238779  0.258511  381.068665
12   153.964233  27.687828  230.303711  0.169568  2.716102      86.006538    857.267090 -234.089554   5.096769  0.747005  267.873962
13   167.177979  12.607349  175.989929  0.277337  1.956369      52.485840   1299.995361 -196.290939   9.137227  0.401125  357.658081
14   143.962494  15.406207  228.103104  0.257998  1.612370      67.040031   1492.307617 -230.083923   5.103328  0.954434  309.682648
15   178.866348 -12.726788  152.607330  0.219096  1.547404      56.353390   1174.308838 -125.824783   5.808991  0.242113  406.542175
16  -168.411301  21.749599  202.955521  0.111773  2.224287      84.294212   1931.545410  -40.024494   5.665669  0.299386  325.938019
17  -174.734573 -33.448009  159.357574  0.147704  3.799311      82.166008   1596.326416 -216.169937   5.011825  0.320094  418.099121
18   165.552261  23.196072  199.564072  0.254434  2.193763      76.835487   1032.802734 -231.602859   6.856031  0.598216  329.019257
19   142.593643  32.533905  222.972046  0.326894  2.928134      53.443008   1114.060181 -186.731567   5.101097  0.280658  270.931366
20   161.855438  32.744213  231.838104  0.162250  1.961389      65.491508   1761.883789 -157.222824   5.271698  0.409915  281.166016
21   158.834885   9.482498  183.618988  0.275266  1.174832      81.325851   1342.120972 -218.072754   8.682611  1.006106  266.760559
22   174.551880  15.687689  172.165298  0.267965  2.911819      63.220768   1231.892700 -156.568588   5.097811  0.696187  409.564758
23   156.233887 -13.016878  199.638000  0.296412  1.647528      67.951408   1648.304565  237.804749   5.454173  0.838908  272.621613
24   171.961975  11.631664  180.435577  0.218600  2.125461      90.465736    645.617126 -218.971512   6.643425  0.887861  356.449066
25   163.472794   3.097774  236.475739  0.325737  1.326229      86.908539    777.027466  238.831116   5.080574  0.587321  268.585510
26   176.485123  12.861866  192.468781  0.213220  1.081029      74.838715   1259.200562 -173.324387   6.787949  0.545961  381.075073
27  -165.316452  11.264901  189.784332  0.108229  3.296548      68.043030   1635.872681 -224.995590   6.290654  0.207669  439.372314
28   162.807251  19.567390  192.827744  0.188424  3.305532      78.394562   1387.115234 -230.042511   5.021203  1.717329  325.020996
29   162.719116  10.738036  147.628387  0.295861  2.380893      30.171021   1832.711670 -201.574020   6.582796  0.330293  259.141235
30   169.588913  13.171234  164.637665  0.296121  2.350041      68.632095   1571.566528 -226.776016   6.517917  1.182037  381.439362
31   161.319214  12.563581  192.317474  0.172757  2.218621      74.200340    937.743164 -215.367355   7.467663  0.873018  294.252533
32   165.462219   7.061820  148.925583  0.347962  1.714839      34.155411   1651.817627 -160.822342   8.763604  0.355021  372.510101
33   151.469467   6.650661  155.070404  0.220829  1.758006      70.641106    637.248352 -239.105057   7.478454  1.817155  414.568542
34   169.918533 -11.496350  185.692520  0.281511  1.529270      61.095905   1298.353516  192.280396   7.943501  0.504552  367.031708
35   175.519714  25.735367  187.307037  0.249561  3.302247      81.558624   1212.229492 -215.043564   5.824471  0.420619  251.564392
36  -178.661224   4.815484  204.088547  0.250604  1.720749      53.416355   1344.638916  187.363541   5.653893  0.209273  336.230438
37   166.720688  26.071520  179.233307  0.334702  2.895631      45.478188   1911.428223 -160.261963   7.287933  0.724306  417.589172
38   176.050079 -13.759139  133.347824  0.243064  2.471766      79.848671   1815.194458 -231.213791   6.502684  1.851778  418.842438
39   179.874130  -9.000358  147.031601  0.275345  1.936773      59.936054   1324.141724 -165.051346   5.677824  0.405498  438.391876
40  -177.790955  33.755852  212.494354  0.103040  3.247004      88.404663   1810.049072  -85.133820   6.004971  0.424995  386.831177
41   171.153519   0.386420  135.933548  0.322774  2.171701      54.076740   1495.813843 -197.907822   8.610374  0.881936  446.494812
42   158.485458  -3.927866  207.352356  0.240670  1.278808      62.891495   1448.117798  238.648071   6.789254  1.323308  406.615387
43   164.353867  29.889761  184.694717  0.324511  3.268385      83.430176    580.352722 -158.904114   5.690375  0.910808  363.180695
44   142.386887  16.444990  162.263702  0.312527  1.784372      54.738350   1279.483765 -206.513626   6.033926  0.688594  389.500641
45   154.869400  17.102852  184.022903  0.299176  1.975033      88.114677    630.492981 -148.084961   5.072008  1.772455  322.588074
46   177.159927  -5.516623  156.146667  0.199839  2.199157      65.996521   1268.014038 -181.422760   5.578238  0.732628  426.685120
47   158.416046   8.087168  179.167633  0.292184  1.131548      44.743431   1817.206665 -144.427277   5.096271  0.548194  371.915375
48  -172.990143   4.785016  185.327347  0.106986  1.446907      92.983559   1201.538574  -37.157795   5.312118  0.856416  408.889313
49  -175.748001   5.871471  180.004395  0.123591  3.065025      89.296234   1479.531860 -247.581635   5.265337  1.035945  365.510529
50   162.197418  13.045601  129.212540  0.317324  2.442221      41.902416   1486.448975 -220.889130   6.036921  0.460794  319.299805
51   159.782761  23.527946  187.100418  0.279440  2.951886      57.169884   1218.824097 -194.387650   6.730333  0.877038  401.804565
52   173.586121 -14.335979  182.277481  0.307603  1.560315      31.577869   1873.266602  131.636490   6.706948  0.244617  359.175537
53   149.834076 -37.284779  126.266312  0.339490  1.739319      95.047050   1153.223877  199.589752   8.172003  0.764568  336.600037
54   166.777466   6.907093  224.632401  0.269586  1.351469      57.859802   1023.372986  158.824539   5.874451  0.401701  405.442200
55   170.102371  20.586130  174.216125  0.344640  2.328269      60.803154   1676.584473 -183.242752   5.764385  0.539077  314.926300
56   158.828049   7.272533  169.081818  0.244427  1.642811      50.230350   1356.484131 -197.199142   6.569280  0.622882  378.522308
57   133.705872  -0.656733  224.449295  0.263198  1.023560      79.832352   1886.789185 -181.360443   6.434214  1.795295  294.266083
58  -166.914566  -3.806763  168.043289  0.200603  2.112928      99.036301   1203.591675 -152.059113   5.700585  0.251051  329.363312
59   178.646011  22.144075  186.929535  0.213885  3.515462      79.948845   1574.123291 -225.720688   5.562172  1.242191  449.255981
60   176.210709  19.443842  192.313187  0.162529  3.250410      86.423935   1748.965332 -137.834930   5.058421  1.256012  354.965912
61   179.208435  -5.496798  162.823013  0.199862  1.368406      96.301689   1370.586670 -192.442505   6.684564  1.174868  306.994568
62   174.739517  17.561409  182.544113  0.204551  3.709028      58.192589   1107.879395 -173.420959   6.015942  0.273388  312.375061
63  -169.076538   8.078722  176.949203  0.201570  2.295702      98.078209   1450.403564 -175.985565   6.257067  0.340979  263.706909
64   157.848221  18.012684  221.145966  0.200357  1.094815      70.836884   1000.008911 -210.437439   8.118937  0.531840  279.743713
65  -170.681732   4.304213  172.897781  0.147926  3.534008      94.935638   1452.994385   53.250149   5.661411  0.595437  334.824554
66   141.821121  22.352699  250.109741  0.308167  1.186502      85.504852    716.182007 -105.619362   5.594471  1.866246  447.221771
67  -179.192581  14.989653  196.870697  0.119371  1.558394      99.244255    922.374634 -237.986115   5.156699  1.385072  372.917053
68  -178.047867   0.009353  161.170929  0.270092  1.874687      91.469971   1202.741699 -142.377213   5.983485  0.656290  329.035797
69  -170.552399  21.224054  174.616669  0.261980  3.995941      61.936638   1590.701294 -162.720978   5.645586  0.270189  441.941467
70   166.594757  28.135382  217.690979  0.256634  1.243684      59.924969   1273.700806 -132.940842   5.598692  0.228977  333.324615
71  -171.881012 -18.451515  159.711426  0.106017  2.567983      90.007545   1894.317993 -160.751083   5.800608  0.725885  402.152069
72   142.617661   6.315774  187.499390  0.252136  1.066200      71.033760   1815.861084 -175.570984   9.466844  1.670986  335.380768
73  -170.826370 -25.758623  149.916733  0.186901  1.874870      94.262711   1411.581909 -163.981308   5.274671  0.360479  419.201843
74   177.608292  17.091360  218.603775  0.169079  2.465386      88.607712   1293.349243  148.102478   5.153344  1.672715  427.326691
75   164.318512  22.825825  216.789337  0.238106  1.031706      88.337791    730.866333 -182.983536   6.858473  1.396263  440.672150
76   177.769135  28.163790  182.257980  0.314986  3.081632      79.843376   1616.712158 -157.151321   5.981833  0.812344  402.960938
77  -175.766403  -0.257381  174.465363  0.099855  3.196780      98.225372   1592.625854 -182.544174   5.551633  1.230265  297.151642
78   172.740173   3.544937  216.956070  0.347274  1.274271      99.443329    593.495728   92.413422   7.383489  1.100103  412.501678
79  -175.279709  25.190275  187.230255  0.284980  2.495537      77.157066   1802.729980 -118.325989   6.897543  0.349392  378.412567
80   177.743942 -12.303556  148.259903  0.174430  2.537152      68.983452   1682.432983 -245.856659   5.651906  0.947108  407.986115
81   162.636063  23.653736  202.026474  0.250227  2.513122      50.469788   1254.065308 -188.314743   6.095534  0.372778  372.071198
82  -178.608978 -10.611988  155.483292  0.205252  1.722668      87.965424   1239.485107 -173.480667   6.614237  1.020370  402.774811
83   162.131363  22.967817  177.033463  0.300976  2.962357      67.072395   1983.312622 -218.130295   5.748420  1.657855  355.531799
84   161.222443 -17.901686  202.492615  0.330265  2.140693      57.240982   1365.791992  229.262573   5.238130  0.706205  356.168152
85   178.577454  -1.736724  168.454651  0.203019  1.303837      99.486801    659.473022 -221.817062   7.306328  0.585551  321.992859
86   159.787857  -2.867740  147.758331  0.213705  1.246676      64.150826   1163.574829 -233.049286   5.387884  0.559091  265.016327
87   161.741653  23.407875  224.108185  0.190799  1.156734      66.029861   1158.741577 -153.221741   7.219954  0.766245  435.247009
88   135.746017   5.756660  209.857330  0.259595  1.425578      41.184010   1988.363037 -240.635742   5.223377  0.800033  415.041595
89  -174.476135  13.799458  206.202713  0.134256  2.583308      94.937157   1771.496826   47.091190   5.229240  1.052775  391.436005
90   175.046417  16.349756  183.204453  0.287406  1.893589      86.907494    928.543762 -158.397156   6.530866  0.828977  403.898163
91   138.807983   9.352997  198.392227  0.337928  1.106369      68.786072    851.648743 -173.326843   7.790206  0.629364  408.117126
92   162.235306  27.916412  197.186432  0.331919  2.339248      74.239502   1732.725708  -83.284340   5.917928  1.559695  432.587921
93  -167.015823  -1.114504  178.696762  0.139350  1.856883      64.977890   1556.725220   59.761284   5.077495  0.231938  449.311096
94   167.673615  -8.015119  190.183380  0.315690  1.076026      94.154022    636.041016   53.477184   5.475263  0.736192  350.316284
95  -175.486938   6.131857  176.455154  0.175000  2.426935      86.644791   1443.031738 -210.741470   6.332380  1.185834  441.493591
96  -175.671875  -2.473507  204.740051  0.237000  3.019304      71.940758   1678.548340   54.350964   5.183546  0.593614  344.789001
97   171.748016  -9.080310  179.586197  0.211062  1.303753      72.534401   1359.228516  197.319366   6.358439  1.422975  426.037598
98   165.644547  30.103371  202.237152  0.313836  2.273502      84.908012    850.446899 -197.572433   5.101261  0.663727  424.274017
99  -178.775528  12.738729  155.344543  0.317110  3.227937      81.161980   1159.536499 -242.331299   5.120214  1.735626  411.800995
100  157.883545  27.335333  218.039276  0.208672  2.652834      74.806931   1184.869629 -210.299103   6.201870  0.982498  362.542419
101  146.798691  33.339062  277.487061  0.209692  1.331853      80.160439   1446.180664  167.568024   5.657434  1.234704  444.665588
102  170.039810 -26.800823  154.688263  0.335990  1.063508      95.588768   1477.677979  141.635834   6.394931  0.624979  287.426270
103 -171.158066  -4.245297  163.006424  0.218321  2.343444      68.694801   1317.639648 -160.039383   5.282446  0.247103  422.156067
104  172.689346  17.168346  190.873138  0.314769  1.299662      91.295326    783.347595 -165.249268   5.666480  0.745085  419.674225
105  170.821945  29.408421  213.756973  0.156210  3.180342      60.611115   1497.204590 -248.156204   5.537081  0.324947  347.504822
106  160.557114  13.618477  172.827698  0.308575  1.864002      44.593830   1494.954712 -242.135132   8.989443  0.635507  437.641174
107 -177.449799 -29.008606  157.978775  0.146684  3.880433      63.785835   1655.229492  100.030350   5.048114  0.344626  438.648956
108 -178.766235 -12.609898  155.084290  0.174052  1.896789      59.417759   1486.653931 -193.707779   5.924265  0.285319  318.325806
109  163.954117  29.682234  211.593430  0.274157  2.010615      94.758095   1069.111572 -182.645050   6.424209  0.967182  351.287292
110 -172.885132   3.792489  191.131226  0.124280  2.626973      76.232124   1462.930542 -195.232727   5.266740  0.476325  385.441620
111 -171.435364   8.415424  183.667969  0.140476  2.185853      86.899620   1480.256958 -109.433701   5.340588  0.420600  316.344971
112 -171.197571   0.547057  180.081329  0.109181  1.656435      92.771950    846.572388 -190.789398   6.299147  0.226447  351.115326
113  168.473694  10.332615  144.841965  0.296234  2.820504      48.158848   1654.861328 -229.921341   6.652582  0.976848  421.442383
114  166.953064   0.503667  161.294647  0.268589  1.223951      63.792461   1513.758545 -194.465881   7.020676  0.933327  401.152374
115  149.981857  16.404406  198.216537  0.291097  1.727030      72.015991   1760.834351 -127.708786   5.603188  0.962715  263.351776
116  164.485260  -6.180557  202.846390  0.266691  1.627101      64.428329   1007.676270  119.093300   6.593398  0.523026  338.767487
117 -178.691208  -6.449498  136.953705  0.335840  2.366368      83.820160   1568.933838 -214.107193   6.812964  1.182940  378.751770
118  173.288574   4.929539  215.425125  0.328496  1.250339      80.238655   1085.088257  218.978439   7.842091  0.731297  406.959595
119 -178.102890  21.431276  187.712860  0.187711  3.817930      72.763191   1818.817627 -230.294586   5.407342  0.585927  383.924500
120  148.845810  18.688522  224.095108  0.343663  1.061233      85.314835   1352.400513 -197.338623   8.157667  1.573327  363.581879
121  179.459641  17.197039  206.869095  0.102277  1.527632      90.466415   1500.207886  -39.703415   5.822908  1.819508  417.495697
122  175.045731   7.916566  170.161438  0.253956  2.004899      81.786758   1308.125610 -182.624802   6.135998  1.577469  413.397766
123  167.909073   4.351294  157.302460  0.223547  2.490386      60.361423   1513.846313 -225.588577   5.425741  1.291469  413.799744
124 -175.479736  -3.506599  159.931274  0.270290  1.828146      65.609932   1618.554077 -147.920898   7.258856  0.302106  316.241211
125  158.775421  14.453509  202.585251  0.239116  1.432530      60.479706   1433.458984 -204.803436   5.737866  0.988634  409.205536
126  175.073395 -29.064272  125.920074  0.253667  1.718261      97.949371   1103.639282 -206.147293   6.463714  0.605756  360.496979
127 -179.669418 -16.130629  162.924011  0.094974  3.300150      79.699287   1506.273804 -212.138412   6.033133  1.327251  444.243805
128 -179.675568  -0.763839  161.791183  0.273633  1.640622      82.193245    868.361389 -202.920868   6.435852  0.381035  413.605530
129 -175.491318  25.301970  196.175568  0.160098  3.197011      86.411621   1889.203613 -192.581268   6.020479  0.428026  305.615784
130  121.580040  31.918768  293.923370  0.273220  1.361039      59.689156   1606.532593 -247.664307   6.295770  0.240827  330.466705
131  149.640869   9.554243  195.603195  0.239987  1.334322      54.311218   1252.575195 -190.138794   7.547953  0.518637  305.265808
132  169.315659  -2.970116  139.900452  0.237329  2.447500      58.617401    904.539124 -207.694458   7.312270  0.282763  300.419617
133  170.795441  20.549992  194.087143  0.230558  2.377897      81.847641   1308.140991 -206.433578   5.133159  1.345519  397.962250
134 -164.919128 -14.050211  164.516098  0.113525  3.196934      95.590858   1770.274658  136.566605   5.054253  0.322538  302.865997
135  138.565506  19.246351  250.005783  0.313356  1.367603      75.539032   1409.800537 -237.697327   6.476101  1.504214  389.609802
136  159.680725  -0.476107  205.143784  0.188697  1.246009      59.574905   1976.354492  186.858688   5.435009  1.416729  372.598724
137  165.137665  20.347055  162.077057  0.338033  2.817262      35.701706   1421.691406 -225.879776   5.768045  0.501744  415.110748
138  179.390137   6.229736  182.138000  0.207895  1.144356      85.977028   1349.399536 -215.352737   6.767240  1.346884  421.237122
139  157.768860  24.967710  216.498383  0.215575  2.260875      90.663948    518.912476 -169.417130   5.438632  0.852815  391.336945
140  170.457336  13.147045  198.060776  0.158278  1.271075      89.835815   1542.584961 -139.410461   6.140116  1.672202  303.404694
141  170.312210  30.427111  193.847351  0.248438  3.716681      56.428371   1790.090942 -144.551132   5.512511  0.413077  316.756348
142 -178.862488  12.614697  170.566528  0.212761  3.765663      85.389580   1575.412964 -173.806015   5.076841  1.787273  406.015076
143  149.914642  24.707455  191.502014  0.316864  2.632477      51.333920   1641.728027 -111.474358   5.971312  0.582563  282.449280
144  164.870316  16.780132  213.312531  0.138199  1.278380      64.693459   1467.613037 -100.437866   5.192837  0.752172  329.974060
145  178.978638   2.043214  181.604874  0.120563  1.240787      83.311981   1369.806274 -178.408264   5.440270  1.829823  425.140106
146  159.426331 -11.728384  194.158981  0.318936  1.391923      56.391258   1936.817627  247.494629   6.273439  0.559393  279.266785
147  176.248032 -26.520134  160.495880  0.186846  2.765463      65.793640   1317.251587  -43.336266   5.317425  0.428690  421.691071
148  136.252914 -23.668901  103.454773  0.270705  1.767701      88.451462    824.589783  190.257431   5.776618  1.603105  323.714905
149  147.060623  24.410442  189.708313  0.321264  2.830893      22.838337   1464.880371 -241.354706   5.366530  0.376707  413.833252
150 -178.166611  28.891285  186.730927  0.287205  3.147436      55.999393   1731.591309 -226.553665   6.735985  0.278988  431.799316
151  172.401352  26.508066  207.542648  0.233568  1.687203      77.427460   1796.944580 -170.794632   6.885325  0.863868  437.641052
152  170.651459  14.157137  172.323990  0.217025  3.156295      92.310997    798.613953 -207.750076   5.157161  1.588626  284.266052
153  173.247879  -9.371058  150.035233  0.220454  1.484630      73.611115   1243.360107 -141.043716   5.669263  1.177895  437.650757
154  165.696945   9.029452  169.288406  0.259562  2.002284      67.512390    729.012268 -187.684235   6.494593  0.547591  424.548401
155  173.898285 -13.150774  183.588440  0.319904  1.395480      53.624447   1761.001221  185.215805   5.471160  0.537365  449.428101
156  170.325668 -30.628162  148.783798  0.277676  1.337498      67.894814   1368.670288  127.681999   5.903246  0.369677  400.729401
157  175.814819  13.443023  188.726837  0.171738  2.685549      53.214172   1812.618286 -187.947388   6.001930  0.401314  305.370514
158  175.682999  12.052616  165.871262  0.235056  3.365025      65.988373   1628.261719 -249.030258   5.638582  1.058491  399.205200
159 -176.602585  -5.748054  138.199249  0.285871  3.214348      63.549679   1957.471313 -234.139008   5.485113  0.865477  403.305450
160  177.336746   4.909297  166.970139  0.264738  1.827780      82.736794   1126.886353 -223.455353   6.960358  0.676975  337.004852
161  176.716248  12.661674  169.333466  0.270573  2.620128      79.553726   1803.213745 -240.793594   7.507368  1.829474  419.796753
162  175.792068  23.602423  196.777908  0.212002  2.638837      68.738075   1964.181885 -191.853592   5.747569  0.797733  435.570435
163  162.489670  26.610498  177.934464  0.313019  3.192044      73.078270   1170.297852 -227.119339   5.403049  1.643996  351.186859
164  164.477600   1.764719  174.936935  0.161907  1.434490      56.580040    812.030273 -205.411209   5.358818  0.551126  444.012115
165  167.627304 -32.439808  165.770264  0.325600  2.650053      47.610905   1403.769165  245.115402   5.629483  0.351977  441.456360
166  171.486786   4.526882  173.768082  0.251590  1.212495      88.942795   1033.496826 -196.767868   9.341244  1.281948  337.999542
167  145.409302  14.848940  200.654190  0.289615  1.770130      63.492702   1098.135620 -215.772964   6.827904  1.155798  410.723633
168  179.251526  15.861301  194.669846  0.126957  3.001217      84.485268   1827.513550 -197.600357   5.143661  1.230446  380.389984
169  142.677765  15.014810  208.829590  0.344294  1.405360      78.251221    826.926147 -112.931580   5.698401  1.357252  397.461853
170  145.059723  16.363857  186.661652  0.346419  1.618646      63.818775   1095.250977 -163.257217   6.510343  0.973349  426.951324
171  174.412766  27.952656  206.510162  0.225535  1.955441      67.804749   1491.252563 -248.908096   6.903140  0.435682  436.911469
172  167.828323 -33.286388  163.377258  0.298094  2.732669      97.884613   1018.504639  147.800781   6.505224  0.996754  299.350494
173 -171.355804  13.377723  172.901520  0.210230  3.816464      91.195122   1727.406250  -53.330391   5.025955  0.999003  433.548431
174  179.174011 -26.760130  184.328690  0.344955  2.699763      91.361519   1993.755005  165.371536   5.357403  1.894161  426.567719
175  147.781799  13.792286  185.503784  0.315361  1.563267      67.905952   1180.981689 -200.634857   5.343961  1.688030  425.267975
176  166.028152  23.004358  203.439880  0.267561  1.768278      88.901115   1090.539429 -126.016220   6.555573  1.230597  363.164368
177  172.600204   0.019089  123.818703  0.329345  2.581914      38.745399   1532.096558 -245.460983   6.941684  0.366312  307.691010
178  161.486130  20.705427  182.396606  0.332198  2.180498      44.663776   1892.297241 -156.072891   6.355326  0.690752  438.266083
179 -175.434662  -3.440751  201.517441  0.193198  3.846321      80.314980   1998.655151  229.316010   6.024369  1.569967  439.603516
180 -178.868011   2.412164  165.289536  0.238801  2.091223      89.371971   1668.462280 -174.289444   6.631636  1.563698  400.399567
181  171.084030   6.807460  162.475067  0.261638  2.176129      79.632362    685.219421 -199.641495   5.031436  0.937090  396.260986
182 -173.598312  15.683714  194.095840  0.126217  2.327102      89.252899   1388.208984  -71.540100   5.235875  0.828790  443.315521
183  168.591232   2.395308  172.516251  0.201191  1.249233      95.344803    538.161987 -232.640442   9.264030  1.727713  334.887024
184 -178.305435  15.334923  176.428665  0.203805  3.566395      80.679756   1652.073975 -168.177490   5.205317  1.297268  438.692108
185  155.287292   8.894672  177.609924  0.292168  1.265105      35.052799   1614.941040 -184.461197   9.489886  0.520075  437.253052
186  160.772812  26.067165  207.016693  0.284567  2.065526      82.290131   1552.128296 -165.683060   5.868779  1.174626  338.853760
187 -168.464340  -2.061311  186.352707  0.115227  3.433287      92.939232   1786.153687  -41.180706   5.060790  0.766221  422.821320
188  134.962479  17.890490  239.525757  0.327610  1.904479      48.035938   1365.332886 -231.493393   7.331233  0.601353  402.500244
189  156.817657  14.118656  197.336975  0.347042  1.008201      74.519211   1254.471069 -221.643326   7.993488  1.217862  427.216888
190  141.726486  38.959675  242.360840  0.241694  3.663225      91.086357    777.278015 -236.977875   5.315561  0.593484  336.924744
191  171.257706  27.935913  181.214630  0.307153  3.314070      87.508667    670.034729 -227.159164   6.690573  1.151634  379.028870
192 -178.183975   4.497358  180.863693  0.152898  1.962214      53.836349   1813.677979 -248.298004   5.380817  0.377396  340.832123
193  169.925629 -14.447243  198.380188  0.306969  2.258339      51.377354   1451.957153  202.014923   7.925666  0.393616  296.240631
194 -179.401291   5.641587  178.247955  0.230843  1.251055      98.757408    865.963745 -124.014771   7.685774  0.999720  394.026672
195  177.445648  -2.408619  140.292252  0.308539  2.492657      31.111311   1844.964600 -145.448044   6.318117  0.329897  390.831177
196  160.413223  -3.422376  135.544739  0.192644  1.965108      59.726631   1254.609131 -230.896667   5.548890  0.870009  341.704681
197  177.849930 -24.679276  181.167557  0.332525  2.379270      77.530907   1348.371216   88.441895   5.008304  0.415783  299.768372
198  155.104324  25.890736  203.610733  0.252139  3.214496      63.318165   1277.786987 -153.046234   5.393262  1.650144  444.026459
199  170.760208  14.215787  179.665039  0.215202  2.976306      26.434732   1674.432739 -228.659958   5.598290  0.255983  324.007965
200 -173.350327  20.070646  197.679535  0.117523  3.249920      75.613914   1410.418823 -209.887344   5.253726  0.361503  420.177307
201  169.744324  -7.511709  135.097061  0.245986  2.119853      63.994301   1108.961792 -243.366165   5.408648  0.551061  345.871887
202  162.870758   5.643106  166.198792  0.266957  1.512095      69.051491    713.668457 -115.005569   6.057892  0.692340  442.139008
203  166.450546 -20.196167  189.847015  0.284236  2.730230      59.955193   1814.420044  186.863419   5.898034  0.763468  302.692902
204  179.683990 -27.258076  187.106491  0.341418  2.983525      80.606079   1308.888062  100.502556   5.933218  1.026343  433.169556
205  123.939117  21.808140  288.825317  0.293234  1.555181      87.638817   1728.350830 -198.842636   5.387306  1.040464  299.631409
206 -179.061966   2.168538  166.242020  0.192608  2.694321      84.292793    979.420532 -242.839111   8.167576  0.842520  385.606201
207  167.900345   3.416066  153.919601  0.258134  1.957269      94.322762   1010.358154 -245.825150   7.286753  1.941812  275.261841
208 -166.284592  -9.720024  183.302170  0.160097  3.437170      90.670029   1139.707153 -161.732712   5.287101  0.245836  426.538727
209  177.032593  29.331450  202.914902  0.243465  2.070057      94.246216   1532.668823 -157.429871   6.808006  0.693201  393.134949
210  153.763443 -19.240503   94.848351  0.258520  1.102085      36.288120   1445.906860 -165.379868   5.448909  0.248108  307.873322
211  169.936600 -15.752562  135.879730  0.226423  1.410451      77.100426   1361.839478 -154.195709   6.782105  0.994568  364.405365
212  163.568069  17.854370  189.492783  0.319032  1.629198      43.509247   1403.906006 -184.519424   6.599419  0.280722  355.247681
213  164.389359 -12.841089  181.502930  0.300498  1.316142      62.464924   1781.919312  188.039856   6.378124  1.172623  441.295074
214  174.202271  13.869382  167.559799  0.227934  3.596064      70.681061   1684.042236 -198.127823   5.468760  1.369923  370.411285
215  144.861877   9.919825  203.878433  0.259781  1.546598      29.481394   1268.528198 -220.773285   6.344441  0.228191  315.373169
216  165.796371  18.247602  182.529190  0.348489  1.755416      63.141953   1664.773560 -114.864319   6.503327  0.861251  429.890350
217  162.255920   9.873121  151.654495  0.276879  2.296188      74.708733    687.545044 -195.922363   6.955688  1.668251  400.440857
218  138.105850 -18.965702  120.072502  0.329157  1.418082      75.265106   1611.214478  182.003418   8.172953  0.933566  287.175568
219  174.323685 -18.269592  139.173782  0.276404  1.098647      94.683891    711.475708 -202.173386   7.742166  0.538890  397.635834
220 -171.048080   1.260664  172.281479  0.142890  3.345042      87.645851   1372.531250  -15.947589   5.275279  0.351154  269.950958
221 -176.444031  15.333795  198.594131  0.086791  1.002926      88.140388   1799.656128  -59.294033   5.701069  1.105012  394.210236
222  164.303070   1.372796  213.861923  0.250324  1.302121      59.686436   1624.785767  198.666351   5.881861  1.221258  444.654510
223  172.558273   7.134134  184.989456  0.171822  1.377512      81.517387    766.205994 -198.423904   6.901466  1.001807  395.354736
224  159.369064  10.474757  204.780762  0.151613  1.411559      48.774529   1854.814331 -230.380646   6.260242  0.558960  261.136566
225 -178.587418   3.553628  148.397812  0.286606  3.091181      76.757805   1635.695068 -201.855179   5.652528  1.349793  394.623810
226 -171.243454 -20.038870  144.132278  0.256104  2.415191      96.377892   1092.643311 -159.801636   5.088222  0.293810  386.862091
227  153.863937  29.842293  211.103943  0.274018  2.954525      75.885292   1317.951050 -189.937149   6.278605  1.385174  368.910706
228  172.363281  15.709309  188.141586  0.345719  1.152629      93.863533    771.189453 -223.188538   8.548148  0.272683  294.861938
229  130.396896  16.042894  185.154953  0.333206  1.832795      81.269684    589.539001 -205.919067   7.844679  1.981395  448.698395
230  144.857697  10.833511  160.573822  0.247556  1.636039      49.519249   1973.084595 -219.116974   7.355319  0.668388  296.390381
231  169.029953  31.410416  187.773315  0.303321  3.497612      80.248215   1105.207153 -246.639999   7.122078  0.588420  266.473907
232 -177.387680 -15.480186  149.745987  0.197216  1.929211      92.484230   1039.635498 -105.653206   5.482365  0.402061  290.623657
233  160.924545  10.002704  139.328644  0.315675  2.037672      68.699036    609.026367 -155.157669   6.606852  0.298969  412.653870
234  166.613235  14.900051  158.354584  0.297067  2.718937      56.080116   1865.209473 -232.096954   6.164281  0.986092  350.893707
235  167.810272  18.669258  188.560242  0.231034  2.711863      65.740791   1427.481567 -229.537567   6.051682  1.288637  431.138184
236 -177.874725   4.262475  144.099350  0.348264  2.750079      65.651237   1295.113403 -198.226868   6.289206  0.761318  443.220642
237  153.387466  19.153145  177.420151  0.344134  1.996090      60.765285   1471.603760 -161.773468   5.833166  0.800358  341.433319
238  171.169937  15.960785  176.599655  0.322106  1.979102      40.589771   1613.076172 -198.737442   5.860807  0.258450  303.922943
239  153.679138  16.394144  184.783142  0.236892  2.509609      75.621277   1142.548828 -200.960724   6.403311  1.127999  261.222900
240  164.178009  -2.520954  153.281555  0.186325  1.710516      51.050983   1501.430176 -216.527863   8.224847  0.959464  432.915100
241 -173.372299  13.364172  181.222198  0.194032  2.580345      89.147141   1625.199219 -208.440781   7.309692  0.640620  382.803314
242  163.437317  28.897400  206.154556  0.245829  2.885902      71.606544   1091.030762 -241.704514   5.252946  0.390371  281.949707
243  142.210510   8.735312  210.674240  0.298591  1.125713      50.451969   1200.501343 -172.832214   7.655456  0.353242  297.695251
244 -177.930161  -5.186175  169.553696  0.171382  1.070468      62.287109   1670.918701 -243.466049   8.342029  0.484827  391.019989
245  169.819870   4.366911  164.775085  0.239932  1.856793      80.034492    901.977905 -196.013733   8.392596  1.354333  385.750763
246  125.138908   8.169119   25.454185  0.349003  1.535254      76.925255   1041.702026  246.527512   8.105366  0.778789  332.571259
247  173.395050   3.647561  157.319626  0.242350  2.534026      66.767082   1305.903931 -190.129150   6.130251  1.284483  436.199097
248  169.899841 -30.611816   94.700462  0.345878  2.523074      76.708755   1944.212891 -244.675934   6.750868  1.276570  424.539032
249  172.549728 -22.300781  167.290054  0.306903  1.521903      55.329350   1375.315063  177.397537   8.974096  0.276550  379.852173
250  154.363312  12.127518  139.275452  0.299076  1.859923      75.806900    571.137268 -220.224350   6.485269  1.022012  409.283051
251 -179.257553  -3.080606  149.379440  0.214194  3.471905      74.985924    969.638916 -198.827423   5.098116  0.960750  436.684875
252 -175.385483   2.539547  179.676132  0.091325  3.711759      98.808472    767.172729 -201.942444   5.207510  1.266500  401.333923
253  159.667755   5.080235  159.041336  0.348874  1.009385      78.881523   1300.508911 -150.698929   8.285641  0.828475  320.339630
254 -179.518402  12.454457  165.445389  0.324371  2.368666      81.816566   1084.803101 -174.581894   6.509946  0.563727  367.004303
255 -167.823837   0.053545  165.900604  0.185292  3.513686      72.721542   1689.281128 -236.994125   5.363040  0.364363  424.789673
256  140.334915   4.631887  193.085175  0.207368  1.187520      72.313202   1637.643677 -245.487915   8.566600  1.490364  293.665497
257  179.307205   9.801654  175.720459  0.233029  2.119968      85.262146   1459.055786 -230.476837   5.210454  0.801357  321.522400
258 -174.222549  12.251130  178.891037  0.162637  3.419401      99.905113   1325.337280 -183.773727   5.998353  0.776111  316.418884
259  164.049667  24.040091  195.657501  0.285136  2.371862      60.238892   1550.711304 -125.239861   5.750567  0.795452  428.871979
260  173.648804   0.178761  154.301300  0.322702  1.472500      94.990486    966.685303 -122.493164   5.606981  1.436939  362.974335
261  170.833145  -1.459552  150.649902  0.283045  1.721936      43.665432   1254.684204 -142.896286   5.277860  0.292694  382.706757
262  141.191559   7.699626  211.001877  0.252589  1.280699      53.431324   1814.989136 -171.099304   8.155836  0.854606  348.565521
263  178.697922   3.390411  153.496597  0.257261  2.893682      74.212975   1771.442139 -124.870544   6.811914  1.458235  410.089935
264  159.246124  36.293602  232.779922  0.248406  1.567398      83.612274   1524.763428 -169.489517   5.576728  0.769496  428.927307
265  176.640930 -11.060124  136.233643  0.256240  2.440214      73.817505   1762.070190 -183.633789   5.533952  1.501243  426.409393
266  161.710098  18.680166  185.724533  0.342960  1.770558      39.013359   1497.990967 -206.005386  10.470179  0.250120  289.307129
267 -168.277206  -8.892694  171.645172  0.103558  2.263757      79.732948   1636.781738 -115.282166   5.176292  0.364113  371.876709
268  156.250320  -0.044640  122.273590  0.298346  1.164457      62.789440    862.898560 -166.981689   5.130039  0.533255  409.321259
269  172.962524 -26.742027  128.084778  0.219058  1.613805      85.814194   1449.937378 -168.578995   5.352517  0.717620  345.743134
270  178.398987  13.250400  159.827377  0.308167  2.870681      96.360870    712.023987 -226.253296   6.080682  1.691048  349.588531
271  168.146317   5.147802  213.601624  0.209420  1.499294      71.529747   1740.780518  207.206116   6.548334  1.603076  382.402710
272 -176.612579 -10.164093  168.707031  0.089478  3.380548      78.905090   1852.652588 -117.408936   5.588155  0.678514  307.429962
273  176.100220  22.094322  192.187881  0.303062  1.710543      93.424072   1895.310181 -244.172318   7.621704  1.292534  416.355255
274  144.601700  14.785992  219.708832  0.203411  2.412319      47.357494   1724.625854 -245.818359   6.147995  0.524199  250.813095
275 -172.349152  -8.278018  153.534500  0.221533  2.863928      94.559715    872.605957 -173.784683   5.674646  0.321137  338.717804
276 -176.139435  -9.991630  158.030014  0.186325  2.500377      36.282337   1961.584595 -228.603912   5.029637  0.213924  309.425476
277  155.951004  28.083956  217.552277  0.240805  2.638101      53.519413   1614.079346 -234.801727   7.029235  0.547787  364.185852
278  162.487564  17.991079  198.110886  0.282993  1.537164      73.780983    925.602539 -211.598480   9.459908  0.623319  363.830505
279  159.005783   9.781274  158.096741  0.317382  1.603771      63.130589   1304.599121 -182.054062   9.587290  1.351048  449.735168
280  161.660187  28.537874  229.521530  0.151849  1.651365      99.936890    606.779968 -223.059982   6.156001  1.598168  363.757538
281  162.841873  10.019270  164.778885  0.266486  2.074529      67.495850    861.256409 -180.676270   5.438956  0.362672  261.654785
282  168.708603  -2.265778  163.241028  0.194079  1.350567      79.656860    565.929749 -175.886963   5.586446  0.287395  353.628754
283  171.798065 -20.158550  145.150711  0.098187  1.094148      88.077614    880.982422 -182.836731   5.720253  1.327246  349.651794
284 -167.834198   5.540122  159.621796  0.276146  3.416789      96.817055   1947.335083 -248.015976   6.782138  1.079169  436.981842
285 -167.426865  -8.032967  141.911636  0.310612  3.629075      50.878098   1830.129639 -240.730682   5.436652  0.302912  445.686798
286  175.855957  31.317486  194.874405  0.244651  3.405915      78.515732   1866.405029 -203.712036   5.231341  0.525138  322.141266
287 -178.681427   5.420793  186.739868  0.108563  1.758957      87.939751    725.712158    2.107209   5.062231  0.477295  355.361237
288  173.276047   5.880929  136.634842  0.313199  2.791322      79.422493    569.560730 -160.461990   5.059609  0.573097  325.094391
289  168.642319  -2.022622  164.955505  0.209991  1.102463      57.569767   1626.113525 -132.127823   5.306494  0.828182  394.072540
290  167.491348 -27.824516  127.001114  0.123192  1.664173      78.264656    867.562500 -242.949097   5.902164  0.373577  313.642090
291  166.868713 -26.724379  156.789047  0.250242  1.959811      95.044350   1400.941284  132.236008   5.803057  1.467753  316.528168
292  178.180054 -21.736155  193.057388  0.339847  2.716406      78.671837   1862.684204  142.000717   5.536678  1.158544  383.376831
293  173.050858 -15.739547  132.888138  0.274490  1.633546      51.386246   1454.456299 -231.435211   6.789899  0.245878  285.457275
294  172.957428  -5.052483  148.034210  0.238024  1.996608      80.111679   1200.096436 -157.089951   5.571007  1.319640  371.614044
295 -170.190521 -18.234287  160.580841  0.104471  3.118810      99.997055   1839.331787  159.938278   5.602257  0.942535  417.826782
296 -179.224304  -4.973111  143.378067  0.251557  2.988664      88.110641   1434.273193 -234.521011   6.432922  1.074005  304.540680
297 -174.042160   7.824880  179.351181  0.130382  3.553681      86.277168   1954.582764 -249.530212   5.000388  1.199429  418.661499
298  164.794678  15.056913  157.379318  0.282477  2.947502      56.994621    874.193298 -247.931076   6.263766  0.673653  388.251526
299  164.223526   6.797357  160.856628  0.342058  1.330321      55.941319   1173.341431 -168.180939   7.116031  0.499876  447.528778
300  144.322876  20.491083  213.343887  0.302659  2.112658      56.966991   1475.782593 -208.478363   7.922555  1.410427  448.502167
301 -165.707840   8.465336  194.256943  0.151786  1.897794      98.909981   1235.368042  231.736816   5.620219  0.211907  332.303253
302  138.951233  13.525111  228.093018  0.342903  1.300914      91.795731    585.262756 -207.457611   8.074278  0.914671  306.892883
303  179.005386   4.027687  157.796982  0.245526  2.790626      85.216484   1466.834595 -132.880753   6.189519  1.932583  386.602264
304  163.656464   6.161335  157.643890  0.281547  1.763975      70.389748    916.055786 -130.347702   5.481676  0.907576  378.440216
305 -175.592026  20.108572  186.175812  0.184714  3.464060      99.773102    913.228760 -243.430298   7.226405  0.675940  419.699280
306 -178.052399  -7.207097  155.604782  0.292751  1.471639      55.792282   1619.284546  -48.709591   5.207679  0.368334  441.768524
307  161.719238  10.300662  155.248184  0.255700  2.481040      35.857655   1876.452148 -182.749390   5.467205  0.408750  270.597961
308  168.791565 -27.745584  120.455193  0.229309  1.543809      91.823540   1121.893066 -175.982910   5.598704  1.384671  409.632080
309  168.730164  -2.383166  154.089798  0.251781  1.434478      72.633469   1048.719238 -147.087524   5.550183  1.277505  418.222107
310  120.619675 -35.059299   70.321159  0.320444  1.552017      89.640594   1178.852173  151.018890   5.889363  0.502043  403.182190
311 -174.102341  -7.661809  181.383743  0.212085  1.232834      84.464798   1520.756714  190.797043   5.440819  0.408442  299.308716
312  164.328308  -8.462630  141.136642  0.257387  1.003383      82.907112    604.243469 -200.824799   6.327981  0.769897  401.824341
313  167.299957  36.541912  217.052231  0.241668  2.378223      97.031860   1085.025024 -137.247375   6.743935  0.784021  423.489441
314  179.619080  -6.110652  202.440857  0.229189  3.183247      53.345695   1677.035156  223.660995   5.402501  0.403524  312.746155
315 -173.678299  10.516204  200.917313  0.215441  1.192392      86.728294   1876.124756  205.395889   5.263236  0.805615  448.788849
316 -176.571304   3.331158  177.491592  0.139234  2.445920      90.343384   1326.386108 -245.500885   6.572615  1.218136  395.022034
317  146.049347   6.226123  164.802948  0.249039  1.069257      57.343212   1212.357544 -148.068771   5.261592  0.602636  315.930664
318  164.938370  -7.017724  150.640900  0.195149  1.006196      88.810516   1333.162231 -197.727753   8.016133  1.967545  292.104523
319  147.005539  37.471039  221.433548  0.299835  3.555810      66.226707    927.976440 -153.464874   5.315673  0.605792  408.077789
320  147.646759 -15.805213  134.269409  0.263019  1.019217      76.173828   1163.453735  234.037125   6.444757  1.589687  362.516998
321 -170.461029   4.142435  170.318314  0.176055  3.499721      83.873573   1652.514404  -58.411560   5.008014  0.540023  383.345947
322 -171.673325  10.379943  183.479126  0.140766  3.436143      77.717239   1348.133667  -34.519062   5.477844  0.319197  340.192932
323  177.566788  16.064489  195.996338  0.201082  1.185148      95.222397   1435.489990 -189.066177   7.680487  0.890352  295.663177
324 -171.333328  -8.733993  166.367004  0.111834  2.588139      83.986412   1953.897583 -210.353622   5.261511  0.489639  283.794952
325  172.782410  28.656389  205.269943  0.159596  3.754583      92.314423    821.027954 -247.837830   5.227209  1.115716  444.871216
326 -177.169205  14.301254  190.055679  0.155588  2.379688      47.814262   1756.500610 -172.373795   5.974258  0.269942  374.991516
327  168.015137  27.013348  206.983612  0.251553  2.048197      63.208397   1421.733765  -55.374107   5.602497  0.379727  344.847778
328  173.845917  35.815762  186.157425  0.348141  3.594258      34.485348   1494.389282 -235.987427   6.566231  0.204920  442.862457
329  148.644257   4.389235  138.480667  0.230257  1.101048      61.076832    981.879578 -215.117401   5.426375  1.255708  421.582245
330 -169.714020 -11.261018  153.450165  0.188136  3.734841      75.401306   1513.435425  -35.769421   5.085684  0.395253  413.475708
331  149.747192  19.571562  215.917786  0.223062  2.357873      72.689171    631.636292 -216.458038   5.727066  1.175229  418.708923
332 -166.515671  16.458601  193.687469  0.113392  3.088673      93.788261   1659.483643 -124.256317   5.308304  0.374553  407.656342
333  158.218765   0.163612  167.078445  0.127672  1.563045      81.039238    521.963318 -240.619476   5.098766  1.339646  320.727661
334  156.236771  31.872177  187.896439  0.299538  3.928782      66.288208    938.112427 -235.615326   5.663986  1.128041  327.226196
335  170.157898   6.316069  183.763611  0.174386  1.297858      81.294899   1466.124268 -147.454391   5.739324  1.267259  304.205536
336  179.291229 -22.948458  144.239517  0.202366  1.207112      65.255798   1988.064697 -217.424866   5.718823  0.593698  448.616821
337  174.924271  14.454879  140.656769  0.319292  3.602646      50.631756   1484.811401 -167.597794   5.624182  1.008715  371.453674
338  173.398117  -5.247700  133.580475  0.336471  1.890515      67.120705   1013.361572 -149.856277   5.478714  0.458683  393.741211
339  177.862915   8.624998  166.229492  0.217625  3.124205      82.597351   1910.822144 -247.412659   6.501849  1.418175  327.531921
340  154.236618   8.879052  170.618652  0.271238  1.422461      81.969521    937.928772 -203.497131   7.452559  1.774669  332.526459
341  155.480377  20.258669  139.608109  0.344345  2.286362      65.431999   1014.414124 -236.189255   7.607025  1.593958  431.336792
342  165.827789  26.001104  216.459656  0.246644  1.198200      89.845612   1834.607788 -121.399666   5.288266  0.927320  297.347137
343  168.474503  22.263773  202.828964  0.258499  1.631442      60.845032   1338.749023 -244.614182   5.114076  0.495393  435.373657
344  165.895935   9.413803  172.979813  0.271302  1.663465      81.625717   1355.242310 -189.146484   8.290508  1.489281  346.735779
345  161.157532  20.970627  189.182281  0.326124  1.941524      93.184837   1356.945923 -180.500824   5.386631  1.369932  256.455322
346 -172.970871  24.975321  212.181274  0.130766  2.968013      70.134346   1948.946045 -136.804367   5.120813  0.337152  402.640747
347 -176.866516  19.041166  198.910980  0.137167  2.128910      72.773903   1747.606567  123.457314   5.018606  0.546608  407.005219
348  169.921082  19.461353  205.269363  0.138144  2.328747      76.881210    858.876160 -108.668625   5.422066  0.393931  293.335938
349  162.866959 -10.152149  130.598312  0.241817  1.225692      61.162575   1711.910889 -179.961945   8.040048  0.661195  304.984558
350  163.040222   9.706882  145.600571  0.266791  2.666765      44.749352   1192.109741 -217.754303   6.695549  0.435875  326.747345
351 -177.403275  29.968840  195.366638  0.199778  3.624040      56.435799   1990.534912 -120.498276   5.839367  0.235763  345.889862
352  166.835602  14.990406  167.126190  0.291984  2.529668      58.656300   1371.243286 -169.571579   5.369672  1.039682  430.480072
353  159.783035  -0.621259  217.956955  0.234491  1.429102      66.269485   1290.489624  239.780334   5.748322  1.760480  417.121368
354  170.728210  14.212740  161.101059  0.293046  2.854281      61.388939   1401.853882  -95.421745   5.128369  1.509319  445.025482
355  174.134552  12.606318  179.669495  0.188404  3.227360      37.330853   1430.841919  -88.831268   5.450001  0.295743  385.134827
356  153.172775  34.654842  216.382996  0.289915  3.084468      79.210594    962.554321 -115.989670   5.166242  0.905202  375.598450
357  160.614197 -14.789200  207.692490  0.333243  1.888922      65.769096   1523.852783  186.671875   7.653206  1.466994  411.669403
358 -178.875046   7.639798  198.891754  0.161766  1.384410      87.687317   1283.402832  -48.483959   5.000758  1.431777  426.450470
359 -178.565933 -10.843173  147.016617  0.327095  1.480884      91.819626   1891.335083 -123.029587   7.450318  0.772751  336.811310
360 -174.593048   2.251549  180.355881  0.129194  1.908984      89.406410    813.597229   -6.451456   5.131021  0.494446  424.094299
361  146.347992 -15.134124  141.774231  0.276202  1.217617      66.987808   1931.026489  143.463669   7.102396  1.933627  401.837189
362 -178.866852  10.647861  176.488159  0.199804  2.917661      82.123970   1602.195923 -183.739685   5.123092  1.303946  423.682159
363 -175.042557  -1.764050  194.703278  0.255803  1.629462      73.678627   1763.499023  143.801254   5.357693  0.511806  387.852081
364  169.566940   6.577299  174.479843  0.243496  1.628091      32.679516   1968.174194 -225.583847   6.523972  0.310625  289.734528
365  178.840057   9.807105  177.238235  0.211693  2.305990      86.879944    868.096313 -168.690338   5.696107  0.684119  362.785126
366  179.917664   7.371231  167.791489  0.266216  2.196948      66.441948   1547.555420 -119.000473   6.422817  0.448818  340.269806
367  166.933319  29.930052  196.619843  0.278936  3.045363      87.802795    664.251282 -196.396133   5.476079  0.678858  387.428192
368  134.841568  40.406776  253.087433  0.308922  2.802274      93.848289   1332.616943 -192.187271   6.212564  1.492018  440.208038
369  168.750046 -11.415867  133.395981  0.296079  1.351569      70.735664   1114.752319 -207.940155   6.621973  0.712163  402.156250
370  155.348633  31.627306  195.874680  0.305357  3.500148      68.307671   1100.970215 -234.658524   6.056240  1.701838  398.271149
371 -173.910980  12.812961  186.090363  0.154877  3.210913      74.091194   1180.378052 -207.066574   5.948022  0.266496  373.350006
372  147.870697  12.620981  206.386566  0.305210  1.210597      46.420647   1917.301514 -185.034180   6.581099  0.610157  352.549866
373  164.404358   6.703953  152.929565  0.316212  1.724705      55.161297    886.264160 -181.454330   7.287439  0.356441  444.034119
374 -174.301712  -0.373679  153.091110  0.228282  3.558172      80.283096   1653.961548 -164.490417   5.409848  1.171577  429.218597
375 -174.911560 -12.465306  140.272415  0.339463  2.095679      94.238556   1492.964111 -183.056046   5.227069  0.754493  372.985138
376  156.818497  24.798679  187.610184  0.292731  3.104519      17.002081   1879.149902 -156.190628   5.770868  0.276738  310.871277
377  155.627396 -27.274778  140.525818  0.305460  1.459865      85.215889    768.422424  229.186127   5.474492  1.602535  447.079590
378  159.443832 -37.900692  146.242142  0.274646  2.998733      87.920227    698.130432  206.471786   5.905701  0.255382  324.898010
379 -176.518448  11.893210  191.876694  0.118813  2.326708      83.283905   1216.763550 -223.803024   5.098765  0.863358  428.552002
380 -178.380463   7.632065  162.829208  0.275659  2.622350      76.070686   1801.061279 -193.005219   6.586844  1.026334  406.434814
381  158.861176 -28.314734  149.984268  0.320717  1.673357      83.461937   1505.468628  139.864456   5.281662  0.925386  323.522858
382  140.349121  20.363413  216.946747  0.343642  1.900119      57.430828   1417.042358 -184.355591   9.150352  0.793024  389.397430
383  170.672913  23.719255  185.291855  0.246460  3.550987      59.147938   1325.161621 -207.944901   6.444404  0.651066  404.673737
384  170.484375   4.452677  179.707047  0.210692  1.045898      66.074203   1573.044678 -237.460892   7.994287  1.330429  449.848602
385  161.607376  24.550688  208.988968  0.231912  2.230758      75.055603   1216.823853 -195.747437   5.015457  0.980576  371.403900
386 -168.606583 -10.159966  162.458496  0.179568  2.283321      83.164047   1846.956787 -240.202087   6.797784  0.420170  383.281464
387  136.588577  20.111242  210.428528  0.324907  2.332986      67.309998    835.506653 -183.951050   5.542090  1.137005  396.669647
388 -170.140045   4.776828  167.635681  0.257907  2.439020      85.602402   1220.875366 -242.841202   7.288448  0.288182  389.227692
389 -173.076141  22.497318  212.257782  0.126798  3.638901      79.566879   1586.217163  232.533508   5.184180  0.389797  403.790466
390  174.309311  -4.479979  151.550140  0.219976  2.183224      65.168236   1113.813477 -228.458511   6.368826  0.643135  397.342316
391  168.274216  33.835533  207.614594  0.256132  3.018202      61.354870   1416.090088 -107.659134   5.088059  0.383461  434.725006
392 -177.609238  32.157669  200.564880  0.215547  2.889114      82.188705   1364.060547 -241.061508   5.173564  0.265598  423.195953
393  141.520432 -51.632008   94.137611  0.204174  1.604038      96.968834   1666.442749  246.757889   5.210045  0.342853  372.839264
394  135.338104  11.101768  176.790024  0.295208  1.313475      67.448532   1992.271118 -177.592819  10.176203  0.901141  288.090057
395  171.961243  18.859125  168.725952  0.286971  3.210709      67.091743   1000.809998 -205.587219   6.284229  1.121106  431.527435
396  177.229660  12.413187  169.812164  0.243483  3.010646      85.266846    818.798462 -181.282303   5.240466  1.465337  416.552338
397 -170.313461  14.995774  216.289001  0.221465  3.490907      87.232971   1413.268066   63.277130   5.469002  0.390524  373.232971
398  165.976303  29.466047  229.237595  0.111191  2.036315      74.430954    804.779663 -199.817459   5.541850  0.209597  361.661682
399  154.640091   8.229950  152.970032  0.232093  2.113408      50.932262   1110.576782 -223.859497   5.430239  0.539904  344.342133
400  169.301025  11.476026  163.429916  0.297392  2.216665      71.907471    999.633423 -146.152634   6.634206  0.411596  259.621796
401  170.210785   4.774384  160.965820  0.205532  2.658071      78.228638    607.352966 -233.670441   6.119085  0.925362  409.878082
402  116.889290   8.667023  317.893829  0.305171  1.348164      78.905457   1142.661621 -226.771927   8.349035  0.704534  372.707031
403  158.866318  13.364660  183.557419  0.309329  1.447635      69.695656   1597.197144 -221.120956   9.713133  1.902256  448.215607
404  164.022797  39.997200  208.419159  0.307538  3.343305      79.298843    821.391846 -203.959885   5.732345  0.235563  447.810303
405  179.894379  19.096544  197.428223  0.211825  1.438859      58.967613   1761.444824  -70.789459   6.458448  0.397130  416.177979
406  173.661896   5.498179  160.516129  0.291077  1.987427      31.413202   1690.784302 -146.901825   6.636181  0.269940  359.018188
407 -178.398148 -17.569239  150.220978  0.192309  1.511895      93.771362   1011.937012 -138.426712   5.976595  0.785883  418.718140
408  164.971878  11.664829  171.333771  0.259581  2.169662      51.631382   1858.145386 -123.106728   6.422012  0.893869  415.690002
409 -173.920105  17.787777  181.550232  0.222889  2.880393      85.981201   1806.396118 -218.370636   5.315900  0.724436  419.778137
410  154.985489  24.399025  220.226700  0.242166  1.935971      80.383354   1069.273438 -170.018692   6.141127  1.496222  392.257721
411 -177.549362   6.784530  180.716919  0.218072  1.279225      80.348869   1722.700562 -247.594055   7.799218  0.797374  401.808105
412  172.742157   5.402252  162.578262  0.231047  2.331333      88.481461    811.924561 -214.867767   6.944827  1.598823  350.738525
413  165.809601   9.787897  148.932922  0.310916  2.246878      65.563957    798.318726 -247.395004   7.602114  0.672693  391.107910
414 -169.841522 -12.150871  178.719437  0.148388  2.722911      99.517982   1853.679321 -180.135498   5.390510  1.145186  449.292694
415 -173.729462  -1.837612  149.197037  0.281985  3.108813      67.717812    998.989319 -173.806824   5.655629  0.235304  421.888367
416  156.060501   9.075338  187.383667  0.210274  1.530553      74.728867   1636.659180 -143.108002   5.742610  1.395875  286.847717
417 -179.887543   8.460734  160.507858  0.317171  2.401895      47.518490   1496.357788 -120.587341   5.044221  0.291469  370.065247
418  151.406677   6.069360  201.604980  0.176142  1.020755      72.767456    528.051575 -239.203033   5.948205  1.181626  411.215393
419  169.943665 -19.317991  163.615723  0.285234  1.090496      97.051666   1262.162964  109.446579   6.718296  1.179962  308.511200
420  168.639450   8.156446  220.955627  0.267854  1.286139      48.448753   1118.949585  183.033600   6.429164  0.295594  410.945892
421  145.546021  10.256336  152.169113  0.299570  1.165851      46.520111   1919.835205 -160.134109   7.264437  0.447647  272.723145
422  152.597198  11.985817  200.733368  0.217591  1.622017      52.564091   1803.579712 -167.428253   5.789611  0.883020  361.002411
423 -174.480789  17.885592  174.445709  0.269182  3.220399      60.060207   1730.248169 -183.769379   5.447838  0.371010  420.266846
424  161.678726  33.079727  189.747086  0.316741  3.555452      63.600456   1780.374023 -123.701477   5.438758  0.987866  336.371918
425  166.764435  -6.359214  125.352180  0.296272  1.957561      23.082142   1594.984985 -167.091797   6.167793  0.327242  440.475189
426 -171.960052  20.021076  189.011642  0.281630  1.560961      88.333847   1725.021729 -108.298492   7.041213  0.350589  396.053680
427  175.586761  13.799975  160.549759  0.266520  3.301474      92.846588    587.985291 -138.078690   5.140108  0.964996  297.713440
428 -178.503998  -4.762382  151.379990  0.230506  2.873906      74.011238   1392.235840 -222.799728   5.881154  0.971473  439.971252
429  155.392166  30.964592  236.076492  0.214690  1.547179      84.090538   1136.423828  -88.270226   5.260522  0.636168  305.558319
430  166.894089  -3.272434  137.253403  0.234510  2.210553      67.642342   1071.728027 -219.279114   7.123472  1.252095  392.805573
431  171.087296 -20.776747  165.025726  0.316754  1.164779      85.305000   1223.907471  136.417557   6.061169  1.026165  432.539917
432 -178.330811 -12.699027  134.457855  0.297950  2.526073      99.820824    867.100037 -193.811172   5.253243  0.572599  259.940491
433  170.888245  26.653097  202.483337  0.238380  2.258736      93.514854   1484.390259 -164.447922   5.045175  0.974375  307.845947
434  164.794022  10.142852  154.918228  0.270181  2.531946      64.503990    892.924011 -232.852768   6.935507  0.888921  381.664429
435  141.284378  21.639473  215.031143  0.306012  2.421991      52.929741   1424.656372 -243.874786   5.769197  0.880376  396.331360
436  149.507797  13.299937  222.311554  0.242133  1.079422      83.400070   1082.555542 -186.497620   7.848949  1.915977  318.757172
437  163.406464 -19.909079  192.222473  0.328506  2.221966      77.129128   1187.783447  147.426239   5.248197  1.201375  328.338013
438 -174.231888  15.830535  183.947906  0.199291  2.853625      80.284012   1971.760986 -163.145523   5.891994  0.732916  436.062653
439  171.487213  10.607627  184.474762  0.220235  1.633420      43.301163   1898.743164 -107.173477   5.438956  0.464883  383.173645
440  129.553452  21.392488  214.799423  0.337169  2.747116      70.289818   1040.628052 -236.922363   5.719805  1.317177  319.956573
441  179.405457 -14.859669  168.663773  0.174775  1.069011      93.345436   1332.057617  188.304214   5.545348  0.731240  275.661011
442  173.576309  12.303815  188.319061  0.278084  1.097092      85.117653    784.871338 -135.983047   5.921531  0.432318  400.558899
443  176.444260  20.267719  199.878036  0.209259  1.518515      80.991302    853.803894 -178.710434   6.115619  0.414929  436.429260
444  179.952515  -4.451543  163.482391  0.166985  2.208599      37.440926   1761.784180 -164.745544   5.398933  0.272877  349.049500
445  155.131821  11.710987  179.022263  0.312948  1.393471      73.696342    746.197449 -198.507309   6.697000  1.383699  435.708405
446  174.204147  -5.024572  161.438004  0.147645  1.946357      87.738297    964.153076 -125.671089   5.292258  1.332827  332.869385
447  148.190399   8.181493  177.266434  0.274408  1.286760      24.395821   1634.148560 -160.750916   5.094347  0.305142  355.136505
448  142.212143 -27.003855   62.992722  0.262652  1.310739      67.190453   1311.145752 -231.045639   6.338746  0.451811  285.705627
449 -177.125168  11.949369  168.833130  0.204280  3.795702      90.616081   1367.152710 -209.733749   6.674118  0.765070  267.669830
450  167.268768  10.194370  182.698975  0.293994  1.190913      72.944199   1142.660645  -70.236305   6.230886  1.210413  445.662476
451  179.090393  10.898930  175.980209  0.230183  2.390109      78.842239   1417.000122 -190.276688   5.394263  0.648157  330.079712
452  172.146713  27.019846  209.402649  0.215504  1.784063      73.973862   1394.263428  -83.017517   6.431363  0.562554  407.125336
453 -177.848373  12.908216  170.541565  0.246669  3.065083      92.507332    849.743530 -159.640594   6.058473  1.718006  449.418610
454  170.110794   3.510457  186.942352  0.154502  1.092521      20.768179   1465.234863 -224.418869   5.336852  0.236992  393.068512
455  173.245499  -2.200260  190.345169  0.168264  1.481153      86.210350   1460.663452  234.658997   6.368932  1.294843  287.697754
456  155.127960  14.759477  163.445526  0.292674  2.159523      67.642502    793.004517 -228.369324   7.335928  1.164232  394.102234
457  174.191422  23.011753  191.387085  0.265342  2.356679      75.202904   1199.090454 -127.328377   5.983464  0.536307  398.878326
458  146.324371  18.063375  203.780060  0.300262  1.897951      64.813599   1505.246826 -194.440826   7.596595  0.958683  336.642944
459 -170.471924  -1.566821  186.821487  0.149279  1.802966      92.602592   1215.401733   37.916290   5.377245  0.626880  439.671417
460  174.455292  22.429813  187.725479  0.206577  3.806494      72.330086   1458.277100 -152.610977   6.057605  1.117619  425.683624
461  141.477585 -19.799345  209.953293  0.345233  1.345544      73.244156    788.008240  224.872757   6.708970  0.407308  355.387024
462  178.377594   1.417461  174.381439  0.169429  1.681015      71.047050   1454.269165 -227.440659   5.495621  0.792954  378.814178
463  154.571365 -32.884689  147.461594  0.299974  2.554736      74.782738   1713.547852  171.301636   6.409301  1.392955  390.405823
464  176.889023   9.712852  182.944687  0.151072  2.984285      61.584057   1851.147095 -170.422943   5.950509  0.845761  415.421661
465 -169.869278  13.216151  188.822021  0.162916  1.663426      83.537804   1310.214233 -202.456253   5.677073  0.236429  361.212524
466 -175.048981   5.228620  175.698166  0.134097  3.613526      99.448624    871.508240 -198.887756   5.204441  0.623853  305.479858
467  151.145966 -32.254543   82.306633  0.291726  1.350558      64.702972   1828.869263 -215.114105   5.713373  0.623063  393.255066
468  154.864426 -13.330299  158.003372  0.251261  1.011012      80.180664    658.379272  223.377502   5.878549  1.084260  358.080383
469  147.989838  21.332752  195.180679  0.342906  2.063392      61.087128    841.612000 -244.638931   7.675198  0.319978  316.386230
470  165.725037   8.181191  158.761429  0.294907  1.871431      84.322052    660.457947 -204.917297   6.393648  1.781600  397.992706
471  164.167831  -3.008525  135.987732  0.273741  1.606415      57.340057   1144.231934 -207.570908   8.230937  0.789469  435.712219
472  164.900253 -24.605024  214.380966  0.340895  3.180191      48.248295   1941.762451  223.870041   6.328149  1.423919  411.314270
473  178.336761  -1.971580  160.202774  0.253600  1.857834      37.122108   1778.283569 -197.779114   5.564854  0.296602  397.927094
474 -179.655472   2.181000  166.365295  0.241365  1.844216      82.791328   1328.516357 -193.956863   7.082642  0.470991  273.401978
475  155.559845   9.671338  139.956589  0.275788  1.987354      59.548557    844.159851 -215.144180   5.942600  0.888895  422.345062
476 -175.686401 -21.853338  167.417313  0.143198  3.032415      92.720787   1866.039795  204.779495   5.496892  1.032108  395.672638
477  155.024139  27.289227  233.518646  0.255956  1.164689      88.444565   1184.729004 -238.708221   5.228900  1.438837  377.534851
478  170.965073  23.211540  175.074448  0.295394  3.166306      80.042267    975.700012 -246.861008   7.345725  1.457459  379.285400
479 -170.941406  15.126822  199.971878  0.143218  3.379670      64.221634   1476.805298  -79.389893   5.720989  0.219987  416.978271
480  177.942261  -2.373124  195.292282  0.306937  1.151985      69.863823   1165.838379  174.894424   6.358535  0.387750  419.879059
481  173.412521  28.683657  201.472977  0.254754  2.351046      89.089043   1031.945068 -246.219543   5.666334  0.601902  409.539948
482  171.560547  -3.104140  149.925461  0.277506  1.567082      80.183853    772.298462 -166.268173   5.706750  1.008359  442.529999
483  161.456085   8.099524  171.071274  0.295366  1.322612      87.058266    865.621460 -170.937881   6.785644  0.824348  259.095764
484  169.110229  17.849648  233.076019  0.279050  1.194605      85.168030   1220.303101  237.568832   7.495738  0.912392  375.242554
485  170.384598  20.812122  176.200775  0.267567  3.306166      42.329124   1633.331543 -223.855530   6.358608  0.500816  389.580902
486  177.427231  22.900517  176.797699  0.313780  3.136789      23.858353   1713.046265 -240.785858   7.145207  0.227440  434.503387
487  176.786804   6.860032  229.792236  0.322650  2.210285      68.060905   1341.230957  145.998184   5.305063  0.389878  258.811890
488 -175.547150  25.832151  189.658356  0.257743  2.777307      68.969246   1858.725464  -94.195793   5.423184  0.356874  431.941833
489 -171.836411 -22.982950  166.863037  0.215554  1.379581      67.702629   1912.110596  249.755707   6.368117  0.270390  417.881165
490  136.078842  31.176453  226.393112  0.294154  3.676769      52.097488   1781.627808 -220.719467   5.596209  0.789047  312.876373
491  172.228378  -3.170574  162.395752  0.208064  1.370446      66.042648   1823.135376 -143.340454   6.564701  1.351381  437.923981
492  159.362076  24.703442  212.398300  0.268916  1.882269      47.883564   1356.163574 -241.279968   7.945492  0.422003  449.882660
493  173.514587   8.184561  136.392761  0.335301  2.793516      62.368370    649.548523 -199.324539   6.636449  0.221076  413.146057
494 -178.961487  14.421801  188.389542  0.147577  2.906970      78.642853   1909.976074 -213.921143   5.497355  0.848875  371.271667
495  173.981674  21.564354  189.055374  0.235233  2.686942      90.391281   1230.107422 -231.905579   7.497020  1.827001  404.463074
496  165.144608  20.882071  167.968689  0.251534  3.870251      72.906075    797.711731 -242.044998   6.263411  1.153311  316.042084
497  168.753265   8.615184  148.876663  0.302156  2.497232      54.381939   1347.067993 -244.950760   7.408587  0.979306  438.934113
498  176.270493  12.106409  192.562866  0.169823  1.274035      93.490242    702.056641  -97.053825   7.033400  0.970276  372.092651
499  164.787811  16.322706  166.236725  0.349625  2.019434      86.854843   1665.080933 -240.585602  10.932158  1.883381  307.079376
500  169.530869  -6.206308  197.551941  0.254499  1.684715      67.912064   1817.958618  197.414978   6.171151  1.079342  363.802399
501  166.230179  22.869602  188.891541  0.329591  2.178736      24.936548   1990.748413 -156.710037   5.117105  0.245627  315.264008
502  169.788208   1.652408  172.387131  0.171693  1.595719      58.521454   1873.296509 -238.121948   5.876205  1.235014  433.121185
503  169.852768  22.433517  161.478806  0.339796  3.176334      75.945534    546.941467 -171.986359   5.720019  0.840827  394.952576
504  176.353226  -2.621786  170.287430  0.155322  1.373153      84.007591    927.528076 -177.297424   6.733547  0.984739  365.772400
505  145.685715  21.850159  186.032394  0.336008  2.278367      61.221218   1763.331909 -221.953857   8.967136  0.708953  250.178360
506 -170.531204  -0.688892  197.052979  0.239260  2.264837      92.269547   1310.102173  196.539154   6.893073  0.409509  351.093719
507  173.865372  28.338873  180.850449  0.294686  3.587818      72.662109   1738.318970 -222.102692   5.458192  0.828221  328.226044
508  162.598480  21.693169  183.127029  0.314590  2.395469      42.089638   1636.672485 -153.002167   6.011307  0.509810  404.701294
509  165.147430 -18.583689  163.558289  0.260118  1.394072      84.054077    833.762451  142.767578   5.957939  1.203868  376.854858
510  178.171844  14.832053  167.060791  0.253025  3.360643      89.516518    578.055237 -246.656174   5.853298  0.440920  365.255310
511  166.051315   6.231721  174.894470  0.203604  1.848414      51.013847   1084.813965 -185.642014   5.181952  0.414434  385.237457