            lon        lat         inc      D1AU     delta  launch radius  launch speed    t factor       B1AU     gamma         vsw
0    170.989410  15.876360  184.788834  0.346170  1.360013      85.671776   1422.001343 -224.218246   5.480436  1.290852  431.413239
1    145.987595  10.385057  185.561172  0.308487  1.247817      49.851948   1268.568115 -213.127228   7.570806  0.710909  440.149841
2    156.799103   9.462195  196.506668  0.228077  1.068623      59.632343   1061.787598 -238.725571   8.862720  1.037379  443.653107
3   -178.063446   9.241672  182.141342  0.246480  1.282906      80.808334   1890.719238 -237.373871   6.632331  0.775936  397.959290
4    175.266266  14.567256  183.808670  0.183889  2.791746      91.381561   1097.139038 -224.543365   5.451732  1.228230  321.126312
5    170.190338  21.058771  191.000763  0.332278  1.728053      46.183628   1535.779053 -236.546692   6.554187  0.297449  405.678711
6    148.110672  20.910006  200.792953  0.345930  1.856933      45.344017   1973.760010 -185.041962   7.761744  0.609039  365.396851
7    153.956482  11.323934  187.218079  0.330366  1.104542      45.289253   1618.984741 -246.864349  13.112402  0.333744  276.848206
8   -170.099152   6.788229  172.596863  0.255539  2.145286      81.062469   1345.530273 -184.428925   6.169694  0.279798  376.552551
9    166.281342  -1.500001  150.481674  0.220294  1.869275      63.520077   1886.209595 -247.433960   7.168888  1.562631  409.802551
10  -179.897049   5.653641  172.234772  0.337273  1.153071      86.533897   1224.728271 -125.867241   6.398842  0.382598  332.537811
11  -174.557541   2.904363  177.109634  0.234798  1.013185      95.430603    956.736084 -201.418442   6.072211  0.403932  375.678436
12   169.555527  15.583987  167.699402  0.325168  2.260976      68.829094    832.191895 -205.308273   6.624222  0.421943  373.258759
13   154.990952   6.567494  179.813904  0.235522  1.160945      77.914688   1662.432617 -244.972900   6.701309  1.517312  293.020050
14  -178.376114   5.451523  170.477875  0.288626  1.589100      76.322845   1339.730103 -159.414474   6.868549  0.395376  356.028015
15  -176.048706  18.207943  193.597672  0.211776  1.511972      71.007889   1517.514160 -237.403885   6.299722  0.299796  364.845306
16  -177.368439   2.324731  163.618393  0.258309  2.094427      94.486404   1020.869995 -233.237961   5.597052  0.671281  350.259766
17   173.447113   9.574199  176.477692  0.216083  2.300954      55.844509   1529.385498 -184.331055   6.479956  0.535975  370.175781
18   176.612350 -11.232845  147.956177  0.226336  1.673710      77.863617   1635.612427 -199.086563   5.407576  1.316718  427.327087
19   170.944778  21.879873  193.922699  0.297320  1.789291      77.520004   1142.385498 -173.207352   7.363344  0.538601  391.351105
20   150.162567  28.754786  197.895828  0.341196  2.743485      71.708687    922.653442 -191.322433   5.449487  1.273487  373.431396
21  -170.287277   9.614614  166.314301  0.298267  2.681508      67.716484   1726.971924 -204.992142   5.706605  0.339294  437.078705
22   179.295303  21.185799  183.157303  0.346115  1.927761      78.808510   1650.577881  -94.679260   5.484765  0.559809  406.016296
23   174.191666   2.262852  163.239441  0.222316  2.179947      84.064217    587.872192 -201.497864   6.137559  0.455476  395.271240
24   150.858337  28.684214  197.709259  0.326113  3.059221      41.227177    945.046021 -246.490387   5.686712  0.351151  430.800079
25   178.966949   4.867740  172.232101  0.306805  1.202328      98.911774   1062.098999 -178.604553   5.919458  0.948113  374.217987
26   149.017639  25.089314  211.859863  0.301836  2.315389      65.637009   1382.601929 -191.445648   5.406891  0.964390  360.721863
27  -173.696960  -4.203080  144.351730  0.304022  2.961751      75.249886   1679.851440 -214.702499   5.687997  0.877899  437.192383
28   178.261734   6.224123  172.876801  0.326433  1.210527      51.764709   1588.333130 -114.949768   6.810938  0.280631  392.674011
29  -172.038651   3.775454  167.267426  0.286389  1.935803      76.566376   1906.987671 -215.187424   5.156175  0.397060  362.385437
30  -178.921326  15.763025  176.508575  0.325881  1.936720      76.110252   1692.629272 -175.796890   6.235845  0.332868  254.312485
31   145.902847  12.138350  187.972351  0.343169  1.191672      78.560768    702.296509 -186.596237  11.232605  0.590706  363.918701
32   161.737427  24.137892  193.144470  0.329948  2.109963      77.547066   1070.701660 -222.473160   7.191226  1.042688  381.826263
33   173.144730  16.965651  189.569748  0.292319  1.493793      92.790070    871.455078 -177.713257   5.601860  1.314577  434.580780
34   176.601303   9.890014  170.732803  0.314729  1.779634      50.528675   1989.240845 -186.214493   5.045451  0.433699  375.433289
35   165.300797  20.183735  208.306686  0.240718  1.261050      82.638191   1494.385376 -144.685501   5.315869  1.293185  366.461823
36   169.102036  12.507197  180.400513  0.237317  2.086058      79.939674    845.049255 -189.161377   5.916864  1.368948  415.631897
37   178.969406  -1.011921  165.386688  0.208687  1.761550      61.115089   1444.056274 -213.134125   7.155745  0.329586  295.979034
38   172.296753   7.714948  174.495712  0.307906  1.266847      90.878983    704.557739 -177.059372   8.775936  0.372154  303.533386
39   177.376801  -3.961983  158.707840  0.273444  1.345453      81.935013   1598.580444 -200.852661   7.007329  0.825273  349.469147
40   167.242615  17.794836  191.628189  0.247152  2.053413      66.186989   1871.510376 -229.398071   6.170918  0.976066  372.873535
41   157.496017  10.625825  187.847290  0.279487  1.270805      74.490540    592.292664 -201.096436   7.117789  0.323432  426.486877
42   170.560547  23.030989  194.771011  0.280567  2.076365      80.239700   1030.884766 -125.361229   6.134577  0.563800  372.663696
43   179.367599   3.063638  169.754181  0.288441  1.316700      83.498047   1166.289062 -216.321854   7.634952  0.865858  444.579681
44   169.025757  22.988979  211.826141  0.176196  1.464681      93.974731   1212.598389 -245.761520   5.322128  1.719138  364.910919
45   173.707184  19.734510  194.328079  0.227151  1.990320      87.970421   1043.464355 -222.345261   5.385908  0.654447  314.064392
46   168.571075  18.976326  192.553345  0.313856  1.532535      60.625710   1160.638794 -188.069763   8.977145  0.245084  327.700287
47   174.902115   3.829577  156.209824  0.296770  2.129215      35.591545   1635.462524 -209.841034   6.253517  0.333360  405.132599
48   162.509659  -0.739749  163.936737  0.192763  1.119349      60.293999   1964.180298 -236.856018   7.253857  1.662399  429.466309
49   158.669647  36.347794  220.236786  0.316208  2.175057      84.711250   1837.675659 -164.887817   6.026415  0.914952  404.845459
50   173.007797  -3.270561  154.919327  0.301401  1.261205      44.237705   1767.480347 -214.183655   8.162470  0.365169  367.804565
51  -174.884186 -10.038906  149.308945  0.266744  2.185313      68.642578   1976.770142 -190.670975   5.425584  0.540289  420.260529
52   173.781189   3.549726  177.656052  0.215930  1.079763      55.691971   1357.816406 -206.787094   6.779969  0.339806  334.105927
53   167.034485  27.212471  180.720367  0.323948  3.086283      52.350163   1804.894287 -203.684845   5.193409  0.516031  294.597290
54   147.660629  26.487131  227.902863  0.296166  1.911071      92.943253    521.914734 -139.903091   5.718683  1.029781  387.593048
55   152.048584  16.542059  194.200638  0.324556  1.536958      85.486320    831.919312 -238.094986   6.972983  1.854593  360.783478
56   168.504974  11.589521  165.902924  0.340524  1.780233      22.925350   1738.246460 -182.672485   8.946978  0.252228  394.475189
57   176.590820  13.252703  176.479691  0.327952  1.638355      68.083359   1738.401978 -195.743652   6.707193  0.597736  407.238251
58   161.654892  15.961549  167.172607  0.330301  2.114619      58.064304   1611.351807 -233.452820   7.469096  1.028229  409.071106
59   153.472305  14.709808  178.197876  0.319379  1.666146      60.705097   1285.514771 -196.871643   7.398708  0.593005  328.449249
60   165.171188  23.591841  215.089096  0.242511  1.149872      78.714066   1125.876465 -216.327927   5.917057  0.858955  415.483917
61   179.920456  -2.805356  155.665436  0.325822  1.467894      92.052574   1828.965820 -158.669403   6.542033  1.064368  364.018066
62   163.195831  17.157387  192.324005  0.263115  1.931105      67.811295   1022.274719 -232.545135   7.315691  0.881787  420.368011
63   169.448318   8.633750  180.159683  0.290121  1.190982      53.197376   1211.371338 -229.461334   9.849316  0.329084  402.801636
64   168.777161   6.165020  166.514465  0.292620  1.533375      62.813545   1882.818481 -183.785690   7.005081  0.753276  349.794281
65   158.472778  30.461506  191.448318  0.340960  2.957017      63.109634    709.259460 -177.704514   5.241092  0.402335  449.506073
66   172.696960  14.907575  190.647186  0.309569  1.116697      74.561859   1168.814453 -195.584579   7.295174  0.483881  398.219879
67   162.009476  19.093790  206.891632  0.293481  1.151944      81.184517   1525.390869 -206.153305   8.601293  1.160155  356.188812
68   171.651794  13.560120  184.528152  0.281616  1.527267      76.892570   1955.786255 -241.864075   6.755188  1.288511  404.860321
69  -171.128738   7.943218  163.330963  0.276959  3.000915      73.865685   1832.264160 -225.492004   5.245757  0.522645  427.163239
70   153.662262  11.489636  194.210251  0.286222  1.289266      20.371998   1665.158813 -178.033752   6.858282  0.318940  443.116364
71   162.011475  17.806187  198.485336  0.234481  1.920376      66.606537   1432.724976 -234.619888   7.246700  1.317861  428.686493
72   159.931931   6.477666  168.968338  0.233089  1.588888      78.102409   1157.947144 -245.963455   6.225450  1.452996  315.742645
73   160.315613  19.754631  201.852005  0.268922  1.797063      62.111557    988.993225 -193.139236   6.369853  0.607934  449.095551
74  -177.610184  -0.315101  172.683502  0.198612  1.284356      91.932793   1384.506714 -163.378830   5.864070  1.199343  389.238617
75   175.931107   4.172300  171.826843  0.253145  1.563333      36.907669   1759.789062 -215.239487   7.017766  0.263178  326.253815
76   166.005951  -3.637988  155.983932  0.226095  1.177444      60.307655   1198.976685 -230.388901   8.410205  1.122653  449.819763
77   178.311630  -3.790103  161.201675  0.259212  1.311895      94.085136    703.892395 -230.960312   6.253946  0.549157  388.130615
78   175.653778  16.623257  163.476395  0.275331  3.520585      52.432842   1699.803589 -229.364334   5.374504  0.804067  410.558258
79   165.165070  -0.685360  151.054062  0.306287  1.140600      92.951225    958.995483 -182.841553   8.626015  1.012766  265.881378
80   167.758774   3.581101  149.143417  0.315744  1.699806      54.465435   1171.879150 -180.679169   7.969160  0.353663  340.902283
81   167.979172   3.873181  152.045853  0.319314  1.625706      69.911369   1436.664429 -190.516434   5.878886  1.092628  388.973358
82   170.751297  14.903051  194.507980  0.245651  1.232785      62.788502   1396.193970 -189.486267   7.737463  0.535778  395.065765
83   162.225464   3.709458  172.418549  0.247590  1.061551      58.495415   1006.535889 -243.495850   8.400912  0.596803  419.038300
84   169.090347   6.278264  160.525162  0.336791  1.503497      59.527069   1755.599487 -144.339172   8.324904  0.686128  403.801086
85   176.530075  10.211267  172.035416  0.303025  1.742780      70.925652   1778.485962 -185.398514   6.344545  0.559587  326.670532
86   158.947800  17.476433  171.150253  0.313162  2.251507      59.548820   1054.848999 -177.610718   6.252586  0.694064  381.936584
87   155.381119  13.269445  203.919846  0.275673  1.092168      66.476891   1163.094604 -249.335648  10.154590  0.988325  404.252045
88   160.481918  16.479471  153.753922  0.339493  2.241366      68.655052    881.415588 -179.274704   7.599637  1.841547  443.978577
89   174.918854   1.127578  169.983948  0.254455  1.139906      72.790550   1644.183716 -130.912720   5.108967  1.150201  436.608795
90   160.298050  11.219270  198.667862  0.231239  1.089874      62.193748    990.740479 -209.682144   7.284964  0.393375  306.311371
91   178.398621   5.075969  162.441193  0.293626  1.960092      84.229622   1373.157349 -236.834778   5.153472  1.257281  409.257172
92   171.536865  18.118454  181.286896  0.290236  2.197615      75.414467   1757.618042 -186.978027   7.011619  1.203132  391.955688
93   169.983292  14.482440  183.280441  0.264106  1.959090      53.342365   1649.344482 -226.542221   7.001688  0.569606  393.107361
94  -177.539139   2.961285  163.964844  0.268067  2.084842      86.919579   1246.638550 -154.270370   5.667079  0.928499  411.853882
95   157.891159  18.071344  197.342331  0.295483  1.655848      55.886509   1494.565674 -173.417801   6.751471  0.589360  361.309875
96   152.531998  16.074886  169.803833  0.349895  1.671672      71.535301   1570.000488 -187.002701   7.518785  1.521990  389.708069
97  -179.946243  13.555864  190.903503  0.187451  1.436167      94.985916   1142.611572 -153.784729   5.134945  1.243436  404.895111
98   157.011871   9.400499  155.570602  0.312663  1.585009      66.793633   1723.564575 -206.202866   6.559154  1.830369  417.398346
99   176.166718  11.838568  170.245605  0.252422  2.597473      49.877750   1709.998901 -214.837540   5.823927  0.334148  277.892212
100  155.532028  16.353838  200.902435  0.297110  1.409129      79.373314   1615.405884 -180.860748   6.628425  1.537277  336.853577
101  152.810593  18.946497  224.727783  0.247594  1.212738      77.124397   1200.875122 -204.676880   8.027049  1.993183  403.568573
102  179.107803  13.292678  177.064758  0.261397  2.170869      89.935661   1779.245972 -171.759216   5.004817  0.870072  297.363220
103  168.072067  18.911715  195.312393  0.247418  1.911271      77.700935   1197.110352 -246.618378   6.804626  0.912193  371.318298
104  158.328415  14.840075  190.233124  0.334431  1.280024      93.547913    768.675537 -196.647247   6.422574  1.252680  314.084656
105 -174.997360   0.436542  175.813461  0.162599  1.425545      68.689774   1310.489380 -169.172394   5.317544  0.442069  442.362457
106  172.884598  -7.488758  155.564194  0.239306  1.091974      79.212242   1466.143799 -207.477295   6.167815  1.787285  437.278625
107  142.384491  24.336073  191.385849  0.329577  2.652576      64.622917    657.187378 -217.890717   6.290636  0.337205  330.186646
108  166.942047  14.845791  179.472916  0.291460  1.948644      65.116631   1567.867188 -201.695831   7.255783  1.209793  441.517090
109  142.401138  15.588994  227.118439  0.333237  1.286840      74.178551   1181.776733 -246.961929   8.407337  1.371683  394.079224
110  169.049652   3.491290  164.356674  0.258418  1.527338      58.123154   1552.306885 -235.072403   6.317432  0.569462  346.097748
111  167.639938  20.681250  198.204926  0.243330  1.921958      97.011703    964.025696 -198.086639   6.360860  0.985565  256.013214
112  158.615372  31.509872  216.586990  0.326730  1.854017      91.409485   1295.473267 -171.426300   5.627170  0.859010  334.093048
113  155.491882  21.830654  211.895432  0.341064  1.299182      84.697639   1136.784180 -163.325531   8.343249  1.244245  378.795624
114 -179.596298  12.678047  186.370590  0.275377  1.187611      73.843712   1075.101807 -220.922913   6.555354  0.213413  356.382446
115  170.877716   0.639746  160.819321  0.254919  1.483989      86.742081    788.244507 -247.065598   5.609506  0.794513  318.956757
116  166.085770   1.749339  164.770981  0.285026  1.166123      18.648664   1729.000977 -209.012192   8.321142  0.207115  326.227753
117  178.811447  15.232517  185.420364  0.185019  2.613905      97.885895   1236.022095 -163.131531   5.132704  1.680373  364.612091
118  170.919449  12.492787  181.632828  0.254643  1.800525      75.320847    954.298645 -221.901382   6.496379  0.445748  325.282898
119  178.374435   8.111626  165.777145  0.315089  1.941485      40.695145   1726.540649 -195.222733   6.246052  0.329171  446.774994
120 -176.076904   3.900512  157.937531  0.283115  2.609264      88.976921   1975.892700 -202.532104   5.704170  1.295440  372.912537
121  175.649170   1.288255  177.497757  0.167290  1.028100      64.291481   1640.603027 -195.981094   6.506746  0.750849  383.075165
122  173.497559  17.433277  170.626495  0.283835  3.028466      48.138760   1671.068237 -222.227524   5.724844  0.672292  430.506866
123  166.398575  -1.192163  167.682297  0.162419  1.226305      95.707825    580.530762 -233.292542   6.611270  1.732960  271.838959
124  168.282898   6.660960  174.766830  0.277773  1.272828      36.996761   1611.460693 -173.453354   8.189004  0.283779  348.527252
125  158.631805  13.478237  192.331863  0.265155  1.501970      63.214806    846.759521 -229.899323   8.175997  0.552962  420.119476
126  151.873581  11.476070  179.247833  0.337754  1.202527      79.683327    917.384277 -181.456848   9.121262  0.808016  319.651062
127  162.729782  -0.230130  162.448593  0.199577  1.274980      75.247322    924.995728 -210.543640   6.991725  1.885994  383.611877
128  164.178223  15.153724  187.326767  0.318891  1.408150      74.595222   1871.838623 -116.645737   6.747926  1.588464  419.880371
129  172.629257   8.288416  179.319901  0.226605  1.808048      31.466175   1632.628784 -189.731049   5.642973  0.269299  356.581085
130  179.234741  30.003578  185.541580  0.344238  2.688532      88.736397   1128.944946 -184.853134   5.188385  0.380296  368.444733
131  156.907410  18.501572  201.119995  0.346724  1.277911      84.512299   1518.697021 -199.108810   6.865638  1.475740  366.014374
132 -176.534363  10.218102  159.531525  0.332758  2.651186      58.422318   1433.095703 -205.913513   6.176213  0.376560  408.460236
133  158.358170  23.390148  193.164780  0.304004  2.358249      69.911255   1411.203125 -207.647797   7.641692  1.326838  384.015259
134  167.742722  -2.000213  165.227936  0.184180  1.217338      66.668022   1202.383179 -217.677383   5.510176  0.965842  369.058167
135  168.951157  13.590047  182.278214  0.263963  1.831313      67.840904   1206.176636 -160.451508   5.217919  0.800766  419.282745
136  164.734985  18.788544  207.468643  0.270148  1.012852      91.773903   1520.926758 -165.916031   7.217201  1.899435  361.187439
137  146.041611  11.719981  198.247375  0.298959  1.334550      32.525570   1892.201782 -195.344330   7.667946  0.461578  382.480927
138  159.787109   2.205287  133.112213  0.336611  1.297964      64.205925   1951.815186 -247.114166   7.978850  1.288139  416.793396
139  174.912323  12.554825  187.694214  0.234407  1.574901      68.006607   1068.712158 -205.216583   5.964772  0.557947  449.824921
140  170.839844   2.864926  148.153061  0.333601  1.734502      67.207619   1162.519775 -126.436142   6.419599  0.886895  441.145813
141  178.395508  12.145524  157.704803  0.340483  2.533180      94.955765    637.698547 -246.047791   7.298102  0.689514  317.767700
142  162.698212  31.162951  196.671616  0.315782  2.873267      78.042572   1322.589600 -229.584045   6.179476  1.300270  389.863281
143 -170.852707  10.416259  186.802948  0.204140  1.063189      50.353275   1771.873413 -194.335800   5.984147  0.212930  431.310760
144  151.954941  27.000984  204.737335  0.281561  2.840394      74.893425   1734.130615 -240.092773   5.882730  1.540975  316.194763
145 -179.907394 -12.352522  147.396759  0.249676  1.787886      74.899666   1706.243530 -248.211304   6.994354  0.626909  379.833221
146  167.484894  13.951332  184.143448  0.265803  1.826602      51.354362   1120.054810 -176.842438   6.438887  0.328476  392.104462
147  177.171738  10.893010  169.256287  0.265609  2.465220      81.364822   1647.357056 -207.907166   5.951161  1.739738  414.379761
148  148.592575  16.147272  189.755508  0.305832  1.816494      60.735771   1635.143066 -215.545914   7.688827  0.912883  341.864960
149  175.727676  -1.373262  151.184982  0.293719  1.821462      99.464287   1512.286377 -207.546249   5.868597  1.899924  310.566986
150  168.848099  28.517159  210.971527  0.301526  1.350321      96.276726   1499.922974 -237.373413   8.272510  1.441794  447.394073
151  174.534256   2.725192  176.996521  0.211264  1.032999      91.568237    786.406067 -177.880402   6.995428  1.389010  381.000458
152  175.644897  -6.216846  149.421707  0.311126  1.381327      81.468582   1765.794067 -182.702179   7.291960  1.403156  429.017120
153  155.011368  21.542591  180.785614  0.317790  2.385372      86.280434    749.784241 -234.198364   8.260191  1.266284  272.901428
154  161.707794  23.004662  192.717377  0.293328  2.313806      98.237671    756.811279 -184.201584   6.168498  1.875980  282.493683
155  168.913040   5.672351  168.174515  0.233350  1.844694      80.887718    849.988586 -247.677246   6.951794  1.778755  410.201569
156  174.252487   8.248956  177.683151  0.220700  1.908739      74.120300    778.422607 -209.751541   7.093604  0.400825  390.400238
157  169.771912   2.236167  177.301102  0.190533  1.147697      57.500896    948.832703 -245.890625   6.861401  0.385266  385.099823
158  171.746887   4.191296  168.820343  0.270877  1.420948      65.637810   1094.960938 -226.055649   7.490914  0.511107  383.844330
159 -169.080170 -13.025032  165.073776  0.141767  1.372750      97.995087   1445.267700 -243.974564   5.723751  0.405981  312.159851
160  164.431763  11.476807  191.890686  0.238773  1.238451      82.995461    736.511597 -242.293991   7.732416  1.553114  398.645111
161  166.205536   9.123039  140.697388  0.295953  2.580291      42.290379   1968.393066 -228.104523   5.502606  0.956816  438.984558
162  157.518478   9.396883  193.016541  0.253343  1.039469      71.322823    837.260010 -191.693558   8.372215  1.165804  407.475494
163 -176.042679  -0.916885  165.030045  0.247707  1.756013      53.120884   1946.401855 -196.880905   5.130682  0.381621  428.691589
164 -173.654968  -3.207500  154.779099  0.270396  2.522028      92.769836    762.714905 -208.607437   5.923168  0.285980  387.865143
165  143.831573  27.463999  218.974686  0.339286  2.313479      61.855633   1462.718872 -235.606705   6.643770  1.315971  449.251312
166  170.865433   5.455575  154.283539  0.264609  2.420417      59.883427   1029.050049 -240.590652   5.296567  0.419465  324.288513
167  161.440460  24.517731  188.646317  0.335973  2.328547      67.499786   1022.953552 -229.841019   7.371377  0.980698  427.152435
168  152.532120  18.159378  184.306152  0.305958  2.093642      71.554489    654.866699 -233.243515   8.010692  1.399759  444.445862
169 -169.620804   1.016927  174.995880  0.177570  1.772328      69.265617   1867.069824 -242.468475   5.227723  0.328204  380.266113
170  179.206238   9.691936  171.013062  0.222427  2.957738      71.584816   1141.177612 -242.736740   5.469253  0.808094  438.518158
171  161.240875  28.942610  192.927780  0.345022  2.564934      46.106342   1380.520264 -231.756439   5.334675  0.450313  429.942871
172  152.867065   5.825589  155.695786  0.267257  1.232204      82.253304   1639.021240 -193.043839   8.041822  1.809465  291.919159
173  168.089523   0.479636  156.028580  0.244396  1.703285      68.703827    808.055115 -151.443481   5.233780  0.777138  425.719391
174  174.108994  10.240187  166.759277  0.318492  1.886694      64.917290   1943.589233 -196.664017   7.243871  0.763071  384.801605
175  166.709534  12.694810  185.873505  0.243667  1.698742      77.923416    871.781982 -241.525894   7.890688  0.831027  365.206146
176 -174.586975  14.445758  154.769196  0.330587  3.503910      94.028679    986.068542 -231.034607   5.083951  1.330593  346.937073
177  173.346008   4.600761  173.855209  0.289142  1.073761      80.319290   1912.392700 -240.221588  10.063051  1.199554  382.538055
178  172.699631  35.621029  188.540604  0.330328  3.497092      86.816933   1808.225708 -236.444412   5.164439  1.230792  385.320587
179  169.018509  29.599375  192.656601  0.299594  2.924269      90.637856   1429.815186 -242.082123   5.868933  1.919669  385.465332
180  174.370804  19.157013  183.790833  0.281173  2.292773      70.313011   1415.215576 -220.214142   6.715942  0.582094  373.782135
181  174.742859   5.985991  163.220551  0.279492  2.025285      47.046741   1925.381470 -247.265854   5.468414  0.428573  362.273834
182  164.492325   9.387113  168.731964  0.253938  2.084575      51.936489   1360.612671 -245.709595   5.691433  0.539489  359.495209
183  176.806549  16.077188  168.209167  0.310484  2.685494      66.201485   1712.704468 -231.338730   6.493057  0.881775  406.832764
184  155.880508  21.778870  181.561783  0.336582  2.254299      76.348396    962.327698 -236.947083   6.810037  1.998702  395.655670
185  173.559219  -0.536008  163.425308  0.219421  1.819324      63.026711   1015.759705 -232.944168   7.701722  0.531083  421.452118
186  163.292297  21.870096  197.091949  0.314814  1.755064      77.733978   1058.690186 -224.514587   7.889092  1.019684  409.823181
187  172.329102   6.923584  167.688263  0.310547  1.494008      85.522156   1453.165649 -164.489883   8.259797  1.513383  392.071960
188  175.180618   9.846944  172.073792  0.243131  2.228985      96.932549   1057.005615 -210.864853   6.797492  1.765155  330.807343
189 -176.481842  16.323404  161.696136  0.346820  2.896559      94.918495   1596.302246 -209.482346   5.283933  1.208263  320.785553
190  179.852097  -3.621586  150.889084  0.341842  1.618447      69.076355   1211.781250 -201.957123   7.280231  0.414031  430.345490
191  157.528397   9.148883  146.221756  0.343026  1.464428      67.809288    843.531311 -195.028534   7.276746  0.670724  412.617615
192  143.550537  16.537317  217.035248  0.278465  1.860409      65.880432    738.215393 -227.555115   6.150952  0.314441  319.422913
193  156.707504  15.367659  206.108170  0.261248  1.304206      62.135658   1130.702881 -224.762375   8.931597  0.918325  436.041718
194  170.181824  23.290850  191.094513  0.334260  1.895108      60.310032   1025.348145 -208.616959   6.085443  0.243202  441.755798
195  171.627838  15.204530  160.309494  0.296717  2.929582      62.623135   1265.379761 -233.084412   5.384953  0.843116  378.002838
196  154.112686  14.367855  203.755463  0.292364  1.196539      63.198616   1004.879822 -163.861481   5.661807  0.494795  361.889465
197  169.666779  14.026715  190.343674  0.279439  1.264069      77.554237    883.244995 -126.014336   5.215737  0.731679  446.704071
198  173.600250  16.772276  180.976059  0.311682  1.888604      72.917496   1805.619019 -121.949097   5.292352  0.894359  393.797699
199  154.487274  16.396877  189.949570  0.334565  1.530559      56.041275   1329.406738 -168.271301   6.077383  0.645286  403.835266
200  178.286591   7.954283  181.873154  0.214263  1.354927      90.629730    870.040649 -168.233124   5.219036  1.456708  446.941315
201 -178.384476   3.329410  157.291183  0.320912  2.077690      94.054878   1243.402344 -196.753998   5.651970  1.455811  413.335205
202 -176.878128   5.847329  161.700836  0.327131  2.080844      62.378498   1341.896851 -223.931854   7.482955  0.224989  326.695740
203  169.947403  -4.404306  142.775665  0.247473  1.949767      54.897709   1329.629272 -229.753632   6.778191  0.394323  296.332825
204  161.146469  27.459660  176.851456  0.344843  3.050883      47.902836   1851.943237 -240.844406   5.565825  1.102446  434.577637
205  167.191147   2.342337  165.770935  0.221215  1.484550      84.742821    937.204163 -197.377197   7.987405  1.450114  336.606750
206  179.400665  10.545998  149.208359  0.318934  3.256288      62.894417   1059.741211 -211.482803   5.341074  0.752342  408.835480
207 -174.077530  -1.990229  160.406219  0.331263  1.573442      72.338821   1703.183472 -192.275085   6.794383  0.357317  382.763336
208  152.565582  10.741108  177.726410  0.314954  1.327626      40.605450   1500.558716 -220.580200   8.188750  0.451277  403.661316
209  168.162811  18.221014  192.351639  0.222129  2.293502      87.269707    758.749268 -241.706146   6.070455  1.602480  378.406311
210  173.044769  23.226107  205.588837  0.233142  1.335289      66.864922   1687.338867 -175.848633   5.140395  0.392912  324.311615
211  166.636322  23.942190  205.204147  0.301413  1.460140      86.587822   1402.010864 -242.978882   7.931921  1.573017  429.922455
212  168.241959  14.858612  198.097870  0.214152  1.368989      71.936096    902.560852 -213.199890   6.413232  0.714891  404.356445
213  163.077560   6.961632  172.408081  0.240040  1.666509      44.024452    988.781555 -232.127930   7.020629  0.204066  340.877533
214  173.634125  10.335657  165.095993  0.295756  2.135753      90.828934   1283.744629 -236.746597   5.596500  1.080523  278.860504
215  156.999557  36.754555  236.543457  0.237481  1.615091      72.015831   1819.548340 -242.921066   6.291138  0.490216  373.706757
216  166.307846   3.633526  148.288086  0.328063  1.545026      84.593132    995.950378 -147.809891   7.165188  0.627262  255.261353
217  168.313385   6.609822  185.038513  0.194329  1.197645      58.863144   1162.296997 -228.575363   6.635458  0.759799  430.705780
218 -171.408752  23.290318  189.894501  0.268501  1.943317      75.074936   1723.576538 -109.278137   5.129388  0.205462  341.523621
219 -179.030411  21.537468  197.274841  0.250233  1.301043      69.313599   1800.577881 -236.614182   6.380526  0.281500  291.549927
220  167.331726   3.493871  162.222702  0.259183  1.616691      45.958637   1196.544922 -163.999893   6.494310  0.379013  403.845581
221  172.187653  -3.224115  162.375626  0.219409  1.192179      87.289818    745.340759 -169.113190   5.634660  1.373176  387.571075
222  161.298508  28.530376  189.462296  0.307499  3.044389      77.372803    711.987366 -242.001663   5.041934  0.439495  285.646545
223  163.021179  16.071972  206.288605  0.232524  1.185515      68.630325    896.636353 -236.400528   8.638308  0.505584  374.441376
224  143.092468   8.381914  175.395081  0.252982  1.265795      87.367760    731.334778 -225.399033   6.857362  1.542250  293.387665
225  154.365356  20.685694  181.337555  0.319214  2.252273      77.132095   1949.216675 -205.965942   6.078568  1.827900  314.994324
226  159.359482  18.958155  186.053665  0.347819  1.709491      79.938492   1448.016846 -184.794525   5.672762  1.891182  410.342438
227  154.555725  15.865888  171.541000  0.341203  1.717862      84.153641   1004.778320 -242.143738   8.924346  1.405358  318.721527
228  154.922165  22.684200  197.058212  0.298963  2.369662      34.244202   1797.471436 -247.177231   6.295552  0.392444  349.050232
229 -177.563644  -7.979686  148.555420  0.256462  2.256377      93.902351   1898.071655 -170.733536   5.241622  0.772086  251.230133
230  175.301620  31.066460  194.695023  0.331235  2.389361      64.226311   1681.738037 -207.729782   6.034627  0.379178  422.734131
231  152.588715   8.159908  187.360718  0.232543  1.378858      34.948975   1921.453247 -183.774048   5.108624  0.445092  307.029480
232  164.455841  24.336777  217.985992  0.230937  1.174518      69.693535    817.510254 -208.447250   8.976098  0.202952  413.445038
233  166.125931  28.894539  174.833313  0.344501  3.273997      67.266312    926.521912 -211.229691   5.499624  0.819076  357.898651
234  166.774796   6.192368  147.985916  0.311281  2.001017      32.571709   1658.359741 -201.072876   7.076327  0.347129  362.878479
235 -178.713150   1.819009  168.225220  0.318049  1.212903      31.603601   1865.176880 -101.757782   5.795603  0.212204  446.548492
236 -173.205933  15.088885  187.238617  0.222866  1.612730      69.366562   1850.205078 -136.796890   6.090859  0.304540  367.534729
237  159.017014  24.026066  207.255615  0.334308  1.553537      97.927834    511.246674 -179.786163   7.776352  0.678125  415.742645
238  162.379410   1.418857  151.584747  0.279762  1.343732      53.969578   1618.377686 -167.267822   6.358805  0.617986  354.019348
239  169.102280  11.038875  153.604691  0.292537  2.568197      82.923820    948.915222 -242.134476   7.493569  1.041043  279.259399
240  176.966980  20.302099  171.890762  0.292609  3.222768      81.794945    887.974609 -190.442032   5.502992  1.230509  421.993347
241  159.768555  22.431297  209.176346  0.294872  1.551081      58.268787   1717.917725 -232.789841   7.637584  0.496111  327.363098
242  165.393265  25.288836  188.799362  0.318068  2.480841      71.820602   1313.523193 -236.323502   6.551156  1.114240  403.771698
243  165.774612   3.960190  171.305405  0.277748  1.004270      83.079819   1782.064575 -219.843582   8.607344  1.110927  277.428040
244  163.307465   8.226070  154.934006  0.332106  1.613535      70.772331    930.491211 -209.028900   7.484217  0.839622  398.232422
245 -176.483658  10.623121  163.086990  0.348621  2.276211      69.566292   1684.452515 -185.333679   6.674114  0.578438  421.292358
246  153.588516  19.597889  189.200745  0.336441  1.869132      55.074951   1326.665039 -234.344864   9.304261  0.399284  291.061188
247 -178.904236   0.124811  169.131195  0.212922  1.740445      58.753208   1557.294678 -187.082916   5.724526  0.341946  344.154602
248  150.140198  12.474659  173.396011  0.340631  1.319115      88.432732    778.103882 -116.613983   5.865188  1.463859  333.522186
249  173.346786  -1.447403  157.463150  0.309341  1.266356      68.676888   1141.693604 -199.704926   7.920565  0.651858  435.501373
250  173.621750   8.566154  178.596176  0.241387  1.572318      79.959045    830.743225 -194.464539   5.816188  0.759384  425.687531
251  149.329941  23.084410  225.014175  0.313436  1.539645      48.051178   1468.712036 -234.184830   6.729097  0.314168  293.182159
252 -179.822525   3.839693  173.996918  0.211634  1.592072      95.316383   1239.438599 -153.643036   6.220470  1.775109  406.392303
253  174.616547  13.977030  182.233032  0.238435  2.073879      80.433151    874.412598 -249.013519   6.262878  0.739745  412.892639
254 -178.452621  12.411400  170.615906  0.322228  2.099389      72.929077   1503.714966 -177.277359   5.126952  0.575018  436.628143
255  163.429230  -6.408340  130.083603  0.312920  1.209094      58.573292   1443.099487 -238.905167   9.342817  0.700314  413.263947
256  152.165283  17.322615  202.959473  0.307015  1.589371      56.208630    927.466919 -203.552475  10.560691  0.235455  313.983887
257  154.842255  13.998187  190.743011  0.338957  1.237416      81.106117   1161.205566 -173.542786   6.450106  1.844186  397.500305
258  173.478134  17.743490  194.276443  0.292602  1.293443      35.715706   1838.537964 -157.818527   6.328676  0.245298  381.111298
259  169.473907  15.879124  178.092957  0.319818  1.869050      66.175629   1444.753174 -141.525726   5.617552  0.656248  380.737213
260  176.404892   6.729857  163.515518  0.298725  1.961087      70.017418   1598.522827 -167.668594   5.178983  0.747421  393.342255
261  154.282959  22.207195  203.153839  0.336572  1.826676      22.952492   1788.598511 -197.594162   9.066710  0.330453  423.840271
262  155.343781  25.084736  196.523621  0.331865  2.245271      62.775509   1647.305176 -184.835312   7.731013  0.736898  321.736237
263  166.996063  25.647621  170.079025  0.349644  2.998566      68.877861   1046.140137 -227.367264   6.743071  1.406382  397.080566
264 -175.632812   6.329344  171.691269  0.257637  1.885939      96.955276   1386.646973 -238.880646   5.237865  0.798316  347.824860
265  166.003723  31.812624  191.583755  0.320760  3.067968      82.521362   1500.476440 -233.195099   5.477005  1.115886  325.333405
266  172.734360  -1.091562  166.474091  0.212200  1.409553      34.617538   1738.169067 -249.608948   5.772506  0.267880  296.176239
267  154.861694  10.332639  208.604492  0.182149  1.197863      45.606407   1731.160278 -241.341064   7.804255  0.966732  438.122925
268  163.902069  11.932964  196.879929  0.191535  1.541603      62.781872   1796.827393 -241.648758   6.056406  1.500245  421.585022
269  155.306519 -24.495050  158.888885  0.329156  1.792184      70.743774   1027.765747  176.214096   5.024561  0.965207  410.345978
270 -175.401047  10.633486  165.760742  0.337889  2.167611      81.835907   1512.730713 -192.327835   6.698318  0.368716  282.731079
271  155.022186  15.130598  176.091263  0.310160  1.921910      53.648708    970.340271 -204.727356   7.150180  0.432346  385.142822
272 -179.465210   1.832591  164.012741  0.248926  2.005389      79.779785   1252.939087 -199.242630   6.522325  0.496406  316.842194
273  165.536133  29.421368  207.871658  0.319693  1.774922      80.753563   1681.289917 -242.235214   6.015886  0.452956  250.989792
274  175.001770  12.362490  172.279419  0.267712  2.297244      82.349739   1213.570435 -221.424316   6.507149  1.092660  372.264252
275  178.147797  16.313667  176.047592  0.264371  2.643986      85.317238   1194.058105 -199.849319   5.205836  0.577370  281.929810
276  158.043320  19.292070  198.713608  0.302724  1.687896      66.834335   1361.057983 -248.389221   7.828343  1.240814  445.981628
277 -171.574783   5.707176  168.596619  0.260957  2.361039      64.958321   1719.073975 -195.376114   5.009260  0.321515  424.731567
278  146.587784  10.037792  188.655380  0.338625  1.004142      66.959312   1528.097412 -197.540314  10.294827  0.561168  250.096146
279  170.397232   1.251242  169.241394  0.224102  1.327323      72.082512    664.536072 -186.891159   6.939086  0.287364  433.772522
280  159.052338   8.757675  180.013519  0.320804  1.027767      67.258301    768.844482 -168.317001   5.676034  0.418325  426.810211
281  168.176819   4.592488  177.683441  0.208441  1.236554      54.178013   1588.065308 -249.491409   7.939051  0.635161  381.306793
282  175.305344  -2.909351  159.815628  0.237978  1.656691      60.736778   1155.834595 -197.190735   7.043475  0.507401  431.601166
283  167.619202  10.010813  163.268021  0.300942  1.950577      74.461647   1428.636230 -168.903519   5.830560  0.987757  321.570801
284  163.885849  13.879417  199.311783  0.220000  1.286003      73.208931   1074.927612 -237.900299   5.324527  1.411429  428.368713
285  179.568207  22.040859  157.794342  0.348854  3.649049      42.352032   1473.129517 -228.454269   5.411197  0.362447  329.853302
286  154.168259  30.543152  210.856323  0.336218  2.377953      29.241957   1566.555298 -205.071533   7.175863  0.207795  339.881439
287  174.215179  -1.914644  158.501495  0.280689  1.356567      81.945755   1630.320923 -165.965302   5.414563  1.415796  406.214752
288  169.908707   4.945133  158.883545  0.290377  1.758755      88.309967   1174.680420 -244.694458   7.695158  1.851304  341.652130
289  175.547363   0.603005  165.920258  0.275118  1.251538      88.548752   1998.321777 -210.054947   7.101371  1.940802  403.824371
290  166.808060  11.700768  176.472748  0.272295  1.786663      80.206734    752.319275 -201.655945   5.109703  1.314932  416.587982
291 -177.648849  -0.199803  169.053864  0.296452  1.051184      84.658981   1216.953979 -199.703278   5.789876  0.278714  253.154388
292  144.280899  12.017525  175.772919  0.295556  1.510012      35.332092   1735.700317 -230.019928   7.036994  0.463129  373.828278
293  167.146606   9.974003  173.156830  0.272544  1.735715      67.061600   1644.855225 -244.699936   6.980651  0.559388  252.829834
294  162.407150  24.451113  204.265396  0.301477  1.800612      83.984444   1679.958374 -222.725494   6.614008  1.754854  407.862396
295 -177.731125  26.917850  199.179611  0.269911  1.531149      68.145493   1750.707764 -220.055374   6.907269  0.241112  379.832886
296  156.509186  11.105411  147.561844  0.319949  1.806941      21.703232   1588.971069 -209.750549   5.955616  0.285583  383.403351
297  163.514740   7.780684  178.133087  0.273527  1.276310      44.632938   1460.079468 -199.356644   7.663337  0.502012  427.345581
298  154.063126  25.670465  201.010544  0.339704  2.174113      73.738136    749.278198 -184.126755   5.933471  0.678535  406.478790
299  173.242126  27.983788  187.485138  0.341215  2.540437      60.017879   1361.681030 -230.151367   5.159701  0.282019  343.643341
300  176.311859  10.976541  180.687668  0.207775  2.174880      79.036537   1330.932617 -210.342056   5.920206  1.212029  414.679810
301  164.341141   6.949287  144.895950  0.292935  2.119626      73.809532   1366.266724 -240.910370   7.680223  1.660233  354.026917
302  169.363510   1.607359  170.941238  0.242384  1.112513      28.950558   1945.601929 -220.866760   7.244358  0.315580  352.701202
303  175.606277   4.261077  157.972916  0.327628  1.765547      63.130402   1593.077026 -206.058380   8.630760  0.520332  354.470459
304  151.632584  27.022680  226.359741  0.282484  1.790837      66.991470   1010.845276 -195.739014   5.280365  0.388814  348.401855
305  174.190094  13.511100  182.149094  0.273544  1.828642      32.125843   1939.805908 -211.416977   6.915539  0.304485  394.113983
306  169.826828  17.504461  173.039658  0.307055  2.474632      41.371464   1627.843018 -190.750168   5.625701  0.377772  374.005310
307  177.217529  15.751177  190.076340  0.218114  1.780203      72.686150   1507.483765 -235.899597   5.285908  0.508343  337.438995
308  172.525955   4.483418  169.728073  0.304904  1.247581      36.329967   1458.005493 -219.410294   8.223577  0.202756  365.438629
309  160.857239   6.902590  169.167023  0.300601  1.254893      50.240376   1833.426270 -162.804947   9.160306  0.790290  438.022552
310  162.056122   3.296529  226.506653  0.278377  1.209327      67.792358   1515.945435  182.710999   5.936061  1.270850  393.228455
311  173.782837  24.916595  175.830872  0.287582  3.553001      77.074310   1361.183105 -193.515488   6.476357  1.541591  403.221893
312  165.991928  -0.572225  150.225571  0.311187  1.235570      61.728897   1959.486694 -241.673782   9.032114  0.961933  399.882385
313  176.725845  13.609701  168.303116  0.254493  2.993430      88.648705    795.613281 -235.594559   5.533300  0.762481  317.161407
314  178.617920  -0.847410  148.089706  0.286498  2.434119      47.468948   1880.017700 -199.540985   5.604881  0.536077  419.024994
315  168.220352   6.238269  175.763748  0.244479  1.379682      85.784569    574.432800 -211.035980   5.772902  0.737620  395.979889
316  161.555496  16.350269  161.817352  0.329459  2.286325      47.318989   1020.124634 -206.440384   6.259367  0.313489  365.343658
317  161.093933 -14.886139  170.781021  0.295813  1.174286      70.984200   1435.262817  205.447037   8.791464  0.580787  273.919525
318  168.527451  32.392838  199.266769  0.340121  2.358534      97.922928   1120.453857 -221.699188   6.248361  0.971854  369.853210
319  179.537689  17.215061  170.619553  0.308375  2.711895      86.288597   1707.500000 -235.514801   7.498635  1.752372  418.673157
320  171.716873   8.198580  165.036469  0.292091  1.976794      40.168999   1920.992554 -228.550735   7.084327  0.445147  388.381592
321  165.517487  36.414970  207.722961  0.335568  2.444261      59.231174   1265.350708 -184.593765   5.731149  0.244775  438.600861
322  144.059525   8.965549  180.563980  0.263592  1.343676      66.803352   1758.027222 -224.714813   7.056881  1.584948  365.270905
323  168.081268  34.600628  197.330490  0.295326  3.329964      69.552643   1686.387939 -246.567200   5.954226  0.757843  407.250580
324  157.578644  22.204332  201.935959  0.321533  1.776244      44.792263   1503.779297 -150.066742   5.707067  0.402706  391.931519
325 -178.554352   4.745597  178.031952  0.210265  1.334130      60.222267   1400.074951 -205.769379   6.311023  0.259115  310.956177
326 -176.464432   3.228060  163.151138  0.291510  2.084356      73.023643    993.890503 -197.005234   5.902456  0.298942  447.990601
327  174.178436  15.621703  158.103149  0.308127  3.010476      78.011108    791.692810 -248.042175   5.847323  0.553671  289.442871
328 -179.400543   8.644724  169.550720  0.290072  1.988425      73.580360   1174.389893 -142.787338   5.742861  0.513987  436.121643
329 -177.058243  -1.041801  168.063477  0.217752  1.660670      86.218460    941.211914 -235.919342   6.869864  0.511405  408.475098
330  168.412186  16.563883  191.681595  0.257152  1.727477      70.428024   1144.706299 -174.158279   6.324864  0.528468  342.824463
331  160.654892  12.026742  173.777237  0.285494  1.809457      60.981365    797.412170 -212.687256   7.338046  0.536925  437.114197
332 -179.125122  12.092727  176.418564  0.240325  2.477297      49.356773   1956.479004 -233.975128   5.441560  0.416510  415.886688
333  153.360123  11.215967  184.497437  0.247614  1.665647      88.444901    544.355347 -220.073380   6.678282  1.319158  298.025085
334  158.727768   7.936107  154.180313  0.319839  1.471437      75.336205    622.928101 -223.162613   7.878851  0.476501  407.624298
335  174.856689   3.223222  161.855881  0.278962  1.720430      97.795998    755.947693 -214.266953   6.124493  1.125366  328.394348
336  170.678406   2.046318  162.594116  0.250936  1.618131      76.577843   1000.368225 -201.276688   6.715820  1.701766  445.489502
337  164.373459  24.109118  207.503952  0.286854  1.551471      75.313766   1062.614380 -193.507599   5.986395  0.357541  313.482300
338 -179.479996   8.058071  164.372177  0.264436  2.615497      95.736488   1151.195679 -222.647964   6.638011  1.740596  366.889069
339  176.501343  -8.951489  159.042450  0.192629  1.200004      74.084801   1101.985352 -159.508377   6.465210  0.744090  421.099884
340  175.303375   3.594405  147.562943  0.335319  2.095921      94.421669    802.105530 -246.936920   6.026847  1.035096  308.384521
341  171.575180  13.996898  185.833145  0.271608  1.625386      36.206444   1916.439941 -203.097031   6.542301  0.262034  296.427124
342  176.586777   7.759070  173.116440  0.283942  1.595804      62.312771   1733.978394 -177.610199   6.512137  0.660828  437.479218
343  161.378906  25.305632  209.209106  0.321653  1.536872      78.236778   1044.830566 -211.636963   8.290435  0.785945  434.781982
344  175.522095  20.030174  145.800888  0.345628  3.752200      49.443375   1064.113770 -216.572556   5.397593  1.006171  423.306946
345  163.630295  17.607096  194.398804  0.327696  1.330545      72.709785   1223.253174 -161.400085   5.687516  0.788293  403.645447
346 -179.422302  17.171213  154.905136  0.317327  3.773312      53.397335   1370.183472 -224.685028   5.569996  0.559479  370.356537
347  164.966797   5.123944  167.045425  0.256701  1.479394      69.075386    732.313232 -240.918335   7.393925  0.481579  407.594116
348  171.155914   4.548697  164.421066  0.332988  1.277464      63.924465   1157.616821 -128.723236   7.183704  0.458763  436.078918
349  156.508270  11.851258  163.013260  0.309632  1.718690      89.531067    529.044922 -234.538437   8.500479  1.723808  349.191406
350  174.183609  -8.511994  157.249069  0.213299  1.012634      95.241814    902.944214 -245.206650   6.947215  1.348523  345.750977
351 -176.515244  -1.452909  148.873520  0.341095  2.138778      97.627113   1074.750488 -236.991226   5.931653  1.801897  448.173187
352  164.987503  13.385056  165.994858  0.324451  2.006671      81.541733    560.804993 -176.645676   7.304355  1.297000  448.724365
353  163.076935  10.656942  188.855286  0.267877  1.107660      76.455429   1679.988892 -230.913086  10.235942  0.893931  283.881256
354  151.444748  17.175444  207.836456  0.329711  1.322575      40.762291   1849.648193 -122.292328   7.738332  0.504254  418.262909
355  169.382095  -4.811088  151.860184  0.220862  1.552465      82.114304   1811.146851 -241.820419   5.959188  1.800690  334.654999
356  171.431686  19.603733  194.335205  0.218320  2.316496      73.456970   1933.977417 -213.492538   5.301299  1.127948  392.264801
357  172.195114  -5.209086  161.914948  0.189039  1.118705      91.443565    692.075684 -201.633911   5.569783  0.664793  266.065918
358  175.598495  13.032955  175.581970  0.300366  1.857512      96.720924   1192.508667 -223.529892   6.697986  1.502742  345.096008
359 -174.792938  18.004051  175.788483  0.291644  2.715632      99.611824    791.272766 -189.960815   5.463364  0.261502  357.066772
360  179.588486   5.041719  136.227020  0.346570  2.937533      80.570221    920.243347 -173.552139   5.424512  0.720417  267.862640
361  168.996506   9.379855  162.811111  0.297143  1.967443      80.922104   1992.225586 -217.613449   5.616086  1.586504  329.558533
362  147.691010  31.418379  229.259628  0.289511  2.356823      97.287048    520.678528 -221.922714   5.160430  1.960705  403.752899
363  160.566940  16.892519  194.545670  0.338569  1.272213      74.751175   1577.081665 -165.817093   8.072289  1.119695  404.496429
364  162.381332   5.419532  172.141510  0.214095  1.539850      78.652588    792.663940 -204.994858   5.272002  0.835990  312.839752
365  176.429825   2.849596  169.437866  0.221480  1.750993      59.992886   1672.230835 -237.928604   5.738623  0.511765  347.741089
366  160.189407   3.704392  159.155685  0.304891  1.082901      76.054405   1574.213623 -189.869080  11.246499  1.466673  367.667450
367  165.652740  36.559685  217.665909  0.247364  2.443060      86.447258   1158.253906 -224.991180   5.771567  0.276327  253.454865
368  160.105881  11.755836  187.192154  0.250779  1.588184      68.767838    730.185181 -203.003662   7.336991  0.696506  437.808380
369 -178.893158   6.801382  170.442963  0.260850  1.986450      78.406311   1254.141968 -157.415436   6.184889  0.459534  351.378693
370  164.914291  29.326784  202.410233  0.275435  2.679169      69.216339   1996.132568 -166.256180   5.211828  0.826591  365.238586
371  169.797836   7.417692  184.639877  0.223002  1.087294      50.889107   1627.415771 -213.758194   5.754755  0.680856  446.263519
372  164.918533   8.435167  154.307877  0.295582  1.972933      83.318878   1991.510254 -198.574997   7.456686  1.693651  286.145905
373  169.986862  -6.355574  148.856888  0.253901  1.283166      97.443497    619.344482 -225.790558   7.596498  1.503265  346.297729
374  176.811523  10.487991  165.327393  0.236165  3.092199      78.128624   1458.223267 -230.928192   6.104073  0.940302  315.854675
375  169.976517   2.746652  164.481506  0.227705  1.733204      86.848114    812.831787 -170.571030   5.237212  0.661285  256.506409
376  165.799896   6.549364  152.256027  0.308486  1.850613      49.677441   1555.936401 -244.044785   6.948811  0.761917  443.209717
377  158.131271  11.562764  162.253326  0.349739  1.461431      77.100426   1780.351685 -168.012054   6.656273  1.186404  324.970917
378  152.700531   6.938858  155.151581  0.279587  1.337400      63.266830   1521.462036 -212.561584  10.972650  1.926795  446.965210
379 -179.363052  10.182544  162.415009  0.301932  2.576715      82.190132    979.822632 -247.500183   6.397867  1.065904  446.264587
380 -179.197800   8.341341  169.393250  0.308134  1.805537      92.524132    870.713379 -147.120850   5.799378  0.676899  408.827759
381  163.807327   6.027128  164.855820  0.248846  1.750905      36.006168   1937.703369 -244.737839   7.192945  0.459241  358.335266
382 -176.797409  -3.199136  164.944305  0.233180  1.536265      88.838097   1292.058716 -239.336136   6.462238  0.943752  416.036621
383  170.528397  13.699306  189.902832  0.282030  1.217317      72.576714   1617.490112 -119.932022   5.746011  1.028085  434.450562
384  169.450897  22.858580  184.781555  0.282402  2.695170      75.568123   1772.793701 -209.870178   5.189425  1.131641  353.885803
385  155.382553  22.793848  208.903366  0.280422  2.066150      35.522617   1580.267944 -174.775360   5.490453  0.288821  310.256439
386 -179.660812  15.232136  164.065903  0.343832  2.587925      73.651337   1187.084717 -236.492310   6.121638  0.558993  375.313843
387  165.165833  11.236835  184.734451  0.325303  1.056869      63.800373   1310.869141 -159.612915   8.230289  0.606889  418.781219
388  161.451538  29.148958  213.990356  0.287111  1.905108      99.146065    554.391846 -145.993408   5.942401  0.525450  412.121368
389  167.769974  37.625618  205.667191  0.272905  3.335137      95.499619   1601.866699 -208.106262   5.876453  0.674710  258.069366
390 -169.131729   7.994943  165.033600  0.286960  2.796590      92.643394   1950.198975 -159.466263   5.552533  0.483083  298.391144
391  167.584366  -2.355799  210.576309  0.296555  1.431599      85.804031    726.029907  140.502335   5.566115  0.578936  306.998169
392  159.898682  21.498871  196.779358  0.330072  1.735888      76.198288   1735.121216 -211.220139   6.818627  1.233169  359.253510
393  156.919266  25.004013  196.425720  0.305897  2.426960      75.992691    782.255737 -235.750900   7.067358  0.960304  384.340637
394  156.000626  17.794790  195.920349  0.274701  1.929787      72.070053   1215.114990 -245.743057   7.458991  1.776938  398.910919
395  145.279922  31.710072  223.301346  0.348355  2.412165      62.994495   1489.924561 -214.662994   6.439988  0.890021  416.982300
396  168.593933  12.379336  195.721466  0.211663  1.084963      83.057877    941.858582 -214.819427   5.764905  1.260702  385.160248
397  160.993240   0.934705  169.862793  0.200525  1.153240      28.020399   1596.968506 -230.515305   6.564343  0.394627  384.326782
398  156.303070  17.489246  204.960693  0.281836  1.666817      15.083892   1668.553955 -196.054230   6.475320  0.260408  441.400940
399  156.870087  16.744057  201.137833  0.280814  1.486680      76.654068   1114.409546 -175.886169   7.359189  1.188821  366.278015
400  176.292847  31.175371  212.958130  0.205118  1.456542      78.203773   1433.060791 -207.250015   5.293792  0.342081  373.824493
401  151.623520  10.303440  169.221893  0.303965  1.349886      80.266426   1723.556885 -222.445557  11.438732  1.209809  260.023102
402  156.781464  18.267820  187.430191  0.329908  1.767508      83.411644    544.487305 -230.434143   7.617679  1.069213  446.458649
403  179.981842   8.966066  168.774094  0.289099  2.022430      97.536049   1199.501953 -115.941223   5.670891  0.944021  322.064758
404  154.897949  19.406069  185.611435  0.337760  1.957226      70.664055    737.981812 -246.331772   7.874989  0.933995  433.922180
405  162.808044  27.650204  214.588470  0.271212  1.719645      60.615654   1517.642456 -150.948669   5.788825  0.378262  340.980103
406  163.017654  23.956566  177.884842  0.329661  2.715128      61.461483   1665.325684 -184.685181   6.375702  1.575713  440.398041
407 -162.062546   3.185689  179.260544  0.155889  2.445498      78.286949   1781.612305 -237.225311   5.153882  0.212676  445.821777
408  177.670685  16.688931  187.051575  0.286467  1.553685      97.124924    928.587524 -159.863922   6.484037  0.917976  414.670776
409  169.002670  31.109177  219.446198  0.246370  1.138525      96.680397   1415.866333 -248.083237   5.675275  0.844864  368.827911
410  163.486160  13.828941  205.393906  0.191947  1.272428      34.280533   1611.252441 -247.692078   5.796845  0.328870  347.098663
411  169.613815  14.830540  180.261414  0.244000  2.255834      94.559341    676.406677 -233.789886   5.824157  1.472779  327.786194
412  178.243622  -4.285151  152.955948  0.245049  2.114242      87.867256    659.540222 -177.028214   5.863442  0.384102  366.966461
413  159.558731  29.869093  205.489273  0.291929  2.658236      61.356525   1712.113281 -180.192551   5.643725  0.726591  372.761414
414  156.388031  10.568817  164.580231  0.320172  1.539975      42.981472   1184.968628 -223.878082   6.061836  0.432558  432.935120
415  169.711990  14.320088  187.416016  0.276616  1.526659      70.207535    816.841248 -206.969101   5.322114  0.306509  435.657654
416  169.674683  21.033262  200.109955  0.319218  1.209961      91.401619   1360.699463 -134.001038   8.185823  0.790710  325.239594
417  173.021683   9.758063  184.629150  0.275476  1.036556      83.452156   1075.197144 -171.384872   6.665154  0.434542  277.580963
418  169.088211 -10.776978  147.481110  0.220548  1.027944      60.532501   1510.178345 -203.489014   7.062151  0.780911  417.036804
419  167.853317  13.463269  172.550919  0.297792  1.960663      75.258240   1261.558960 -217.449280   7.643274  0.578641  257.270264
420  167.492035  -1.732584  137.203827  0.259425  2.239243      64.363022   1573.873535 -238.918533   5.856055  1.602796  419.780853
421  178.035828  15.436888  182.169937  0.308803  1.622084      92.350151    846.228088 -172.677429   7.514878  0.465671  388.746887
422  172.699692  11.545486  193.218445  0.220648  1.029243      28.932060   1911.323975 -128.598648   6.442529  0.288690  394.295288
423  164.437027   5.981249  171.176590  0.311960  1.065536      86.991341   1082.400269 -216.112640   9.818822  1.984785  382.310913
424 -178.580231   3.934756  161.817047  0.280372  2.148971      86.835098   1448.570557 -194.329422   5.837788  0.822990  339.161285
425  154.647842  12.723872  180.869507  0.253107  1.901913      70.246239   1193.875610 -229.021118   7.815364  1.409657  352.478485
426  162.833557   4.279535  172.066391  0.281362  1.056393      31.644440   1373.416748 -187.822891   8.629633  0.219256  344.282776
427  174.171188  20.784126  193.873932  0.289089  1.615088      98.812057    784.006836 -208.336929   5.051590  1.285432  438.448669
428  177.114868  10.206754  187.536285  0.204696  1.441222      61.870979   1091.618774 -202.438522   5.953099  0.223494  315.856445
429  177.525986   0.616916  172.466721  0.238897  1.028375      81.926865   1472.974243 -237.255920   7.245670  0.845246  355.657227
430  172.658249   6.111616  181.539108  0.198139  1.349424      75.068794   1065.471191 -243.233246   6.510280  0.831001  377.382080
431  165.007355   2.167115  171.961182  0.212366  1.222873      70.239197    951.003601 -249.138062   5.638606  1.534416  431.938232
432  145.701355   9.822813  199.854279  0.287889  1.142888      78.855446   1506.885864 -208.968506  10.512564  1.667638  321.187836
433 -173.674088   6.788889  169.223221  0.250550  2.406278      90.955017    890.597595 -195.393906   6.339715  0.299686  374.369476
434  154.048019  23.694477  214.158066  0.317482  1.611717      89.882462    919.932190 -222.826172   8.223843  0.743543  268.964294
435  153.788071  31.053480  225.596313  0.302591  1.886220      56.991386   1559.804810 -219.555725   6.152823  0.309070  266.503418
436  162.984253  22.282890  169.783310  0.335869  2.703314      59.865040   1432.675293 -224.008560   6.165294  1.046848  370.003937
437  159.875687   2.120608  162.380966  0.269862  1.035251      47.347889   1425.952026 -191.252869   7.327087  0.599621  427.642853
438  165.351242  14.930799  184.103561  0.244322  2.168245      73.812370   1359.737061 -217.970367   5.629149  0.984007  319.119415
439  152.912354  32.641666  224.898453  0.338882  1.845336      89.457893    839.453674 -214.659836   6.581511  1.018647  425.926147
440  161.509796  18.235737  180.653046  0.347362  1.775594      89.794273    653.622681 -130.875244   5.908615  0.770679  336.076385
441  161.818573  12.980853  191.763199  0.258446  1.396559      73.024094   1387.430786 -189.133667   8.001150  1.563833  409.628082
442  148.166519  10.799205  183.310150  0.309184  1.277686      43.760189   1450.199585 -217.577606   8.165605  0.394793  338.506409
443  173.858871  12.024938  180.706375  0.255145  1.738517      66.563309   1636.562622 -235.607452   6.796420  0.751389  402.027496
444  171.041946  27.354143  203.043701  0.331589  1.535844      52.075729   1618.898071 -172.572098   5.998480  0.268594  428.850525
445  158.387268  22.470600  203.228363  0.319739  1.686283      93.698685    867.332642 -103.491272   6.578662  1.821344  347.405273
446  176.497894  10.875552  166.512161  0.308923  2.151212      74.898949   1271.078491 -190.257050   5.255723  0.723403  369.511536
447  161.150085  13.021244  202.486130  0.219764  1.141208      64.967506   1481.925903 -224.545029   6.648286  0.894895  346.861084
448 -174.311996   6.834395  180.284409  0.257696  1.108086      63.304306   1463.574585 -213.389206   6.516959  0.226552  407.408966
449  163.065445  11.359521  168.437027  0.282621  1.976247      51.803219   1071.219360 -225.981476   5.879704  0.316656  333.572906
450  167.484985  11.447234  170.769745  0.264509  2.154586      78.999916   1042.851562 -236.520950   6.704360  0.741242  274.039154
451  156.944534   8.920653  183.915359  0.243746  1.349783      60.683109   1787.425659 -197.477844   6.585664  0.759373  291.891541
452  157.501129  17.672478  188.302124  0.276626  2.059794      83.005684   1054.753296 -205.020569   5.394724  1.200163  286.642853
453  170.127762   8.451102  155.126297  0.304467  2.164263      93.383308    578.705383 -208.773148   5.513195  1.810328  353.502411
454 -174.545639   6.800478  184.324081  0.160810  1.247956      67.726776   1747.654785 -173.771652   6.386769  0.452626  400.388672
455  152.075912   9.865268  172.958405  0.290577  1.388370      64.637100   1486.505249 -229.317337   8.897385  1.965535  439.539978
456 -177.361221   0.165289  153.373917  0.321284  2.146161      71.469887   1223.596069 -228.464172   5.828982  0.350695  364.888855
457  171.583786  27.840702  211.370087  0.258797  1.254113      90.088699   1867.539307 -177.381744   6.054025  1.235051  437.777985
458  172.147659   0.874077  162.774139  0.290700  1.243144      83.222740    880.253723  -92.479492   5.415880  1.204854  425.401123
459  179.573944  14.290396  189.788956  0.225962  1.353837      67.086693   1716.861572 -236.397293   7.469479  0.471424  377.808289
460  164.234604  18.245316  180.424362  0.336332  1.882252      79.602524   1038.186157 -194.483047   6.068369  1.234747  399.932251
461  169.943634  -1.855462  146.343140  0.285393  1.669011      82.783112    770.982605 -213.784683   7.126550  0.705936  340.712311
462  176.987183  15.432536  183.002655  0.253226  2.044283      92.481979   1193.478027 -237.811157   6.186025  1.087345  353.856323
463  179.083984  20.272814  181.601913  0.343778  1.905383      91.319939   1566.521484 -203.914841   7.897416  0.955198  419.573669
464  174.105469  23.501015  182.798355  0.327834  2.438865      57.247871   1617.554810 -212.037064   6.336762  0.509141  420.399414
465  161.796753  29.852518  201.314011  0.327886  2.398912      80.640854   1364.695190 -229.301208   7.125125  1.184357  388.860992
466  169.685471   7.550403  177.578690  0.262860  1.299951      82.317398   1892.675049 -240.887512   7.309155  1.902629  385.195587
467  159.051865  24.644855  211.221283  0.295887  1.697402      75.632393   1729.389893 -209.146103   7.375063  1.576234  420.842072
468 -178.643372  16.594635  195.321548  0.176781  1.293165      94.360100   1782.956787 -195.179688   6.490423  0.781357  304.515594
469  157.394592  22.113701  192.516205  0.287696  2.416177      76.853294   1292.115234 -229.183670   5.961626  1.972844  375.495758
470  172.367905  10.744045  165.500061  0.341997  1.915906      34.048225   1374.784546 -216.574219   6.746784  0.222948  414.500977
471  165.498749   3.591363  169.710968  0.227171  1.437803      68.308861    931.346252 -247.149872   7.958978  0.838458  395.558380
472 -178.034134  27.017660  184.606308  0.305155  2.836246      87.884621   1961.479492 -236.246521   6.955397  0.836672  429.878082
473  150.658875  14.382655  175.821609  0.325457  1.674913      29.820238   1763.305298 -230.148682   6.405687  0.344283  340.872803
474  159.426712  11.700420  195.030975  0.267773  1.093990      77.468559    929.930603 -182.901733   7.130771  1.048216  373.181946
475  172.107025   8.730213  173.997910  0.254828  1.902493      48.657555   1271.322388 -140.929794   5.643989  0.337430  374.357086
476  178.499557   2.111488  174.156952  0.211229  1.244449      89.122200    952.781860 -207.037811   6.286293  0.946870  390.613251
477  179.365555  -4.057696  165.159943  0.190932  1.557451      69.775406   1940.386963 -236.329453   6.441988  0.569723  291.219299
478  161.168640  25.797676  195.902679  0.305315  2.423965      80.105095   1647.524536 -232.131149   5.151361  1.450913  351.854797
479  145.738144  11.194817  192.448212  0.317267  1.233618      71.917336    900.974304 -192.499634  10.577624  1.442124  431.127472
480  179.322601  14.779202  191.647888  0.229923  1.233220      94.348122    713.823975 -125.529694   5.987120  0.359487  403.321869
481 -176.719589   2.318153  175.463669  0.228576  1.155761      85.647018   1033.212524 -167.553299   7.156598  0.486070  405.187256
482  148.291061  11.763197  198.480331  0.314598  1.181120      54.872364   1924.841064 -202.439377   9.474406  0.954040  406.870544
483  176.442963  13.406399  176.913193  0.244707  2.380040      78.503578   1357.802002 -191.966537   5.249574  0.666335  312.007904
484  167.328506  17.560877  180.391693  0.347319  1.732088      91.556435    725.438232 -152.340912   5.795731  0.938607  361.037598
485  168.597107  11.253011  168.498199  0.306599  1.841527      67.658951   1439.029663 -169.093140   6.235323  0.772711  361.152954
486  170.664841  13.353621  197.249115  0.172918  1.390873      74.244659   1438.995361 -223.452820   6.456873  1.709444  442.640320
487  177.663269   8.763507  176.680939  0.300026  1.379370      38.684490   1973.956177 -116.121201   5.118670  0.331266  435.553284
488  158.744568  13.313784  156.097443  0.333205  1.882469      61.867474    743.625366 -185.951599   6.949505  0.421747  446.561005
489  170.493118  23.704821  179.487946  0.348284  2.459654      66.008682   1141.798584 -236.796799   6.023386  0.688609  447.444733
490 -178.783096  20.386637  168.618805  0.306434  3.328580      94.068314    998.749695 -144.447021   5.184418  1.837309  391.293365
491 -177.978943  -1.710366  159.446457  0.227356  2.383443      78.129433   1039.558350 -227.904694   5.503272  0.421005  347.281952
492  174.107758   0.500887  142.483658  0.339861  1.934727      91.988762    939.853088 -217.085098   6.191904  1.370893  346.118011
493  149.458099   9.950889  188.467697  0.323529  1.048424      48.994839   1584.649292 -135.509094   7.270478  0.535135  372.100037
494  165.244675  10.421841  182.337372  0.319908  1.078963      95.006691   1180.474854 -124.469589   7.343818  1.959088  339.077301
495  169.623932   8.686563  153.825699  0.342694  1.936780      61.187428   1545.339844 -217.853882   9.099654  1.050903  443.174316
496  167.982895  12.426564  171.790329  0.345478  1.606351      49.863220   1511.878540 -172.766769   6.077159  0.376113  364.977234
497  177.914139  -8.421520  157.972946  0.233261  1.278370      59.208164   1467.823242 -153.949356   5.483253  0.479960  423.424438
498  167.848160  19.976902  205.973755  0.262896  1.105529      59.885155   1487.393188 -167.443893   6.715331  0.490305  398.063812
499 -176.480499  15.400670  173.622528  0.247846  3.112651      95.483917   1286.868042 -247.298889   5.133065  1.938491  443.571686
500  165.102280   8.431151  180.697021  0.269869  1.198718      77.698875   1083.075806 -141.290192   6.514936  1.041253  370.270508
501  168.519775  14.738000  193.961746  0.306253  1.034855      71.880333   1611.618164 -151.945953   7.518874  0.938608  423.090149
502  175.520752  -0.909828  161.328094  0.244952  1.608238      84.328560   1580.736328 -248.282928   5.911903  1.786284  414.615112
503  164.397934  16.691244  178.305679  0.300371  2.092393      74.567635   1237.977295 -186.132477   7.072271  1.134070  353.778442
504  175.117981   3.222042  166.537033  0.239281  1.795397      78.476181   1200.809082 -248.724121   5.010050  1.084577  406.687164
505  176.379272 -20.176111  138.902802  0.270994  1.231474      62.818890   1619.935181 -185.026749   5.263148  0.424703  416.984467
506  161.269882  15.090052  174.025650  0.301145  2.041545      75.810394   1194.656372 -179.446899   6.484162  1.820494  386.151337
507  156.961105  11.168257  183.097519  0.314954  1.209503      83.734055    621.008423 -181.268890   5.801414  0.253215  255.162704
508 -176.205811  10.868054  175.227982  0.300086  1.763527      75.191444   1498.443970 -241.475739   6.744039  0.363103  371.499969
509  175.844971  26.409489  177.648941  0.287068  3.818671      65.526741   1045.466187 -239.835388   5.328957  0.582418  435.615662
510  172.193298  22.914507  192.476105  0.349093  1.590172      93.864021   1868.514771 -122.785843   6.849877  1.659563  415.528900
511  160.479050   1.371179  163.258667  0.247695  1.034069      49.076366   1777.121948 -222.546463   7.931544  0.758815  402.934021