           lon        lat         inc      D1AU     delta  launch radius  launch speed    t factor       B1AU     gamma         vsw
0    -6.920938  -5.675263  190.029816  0.119744  1.868096      23.608364    503.285919  240.093597  12.258116  1.197581  315.538452
1   -15.067750 -14.178848  183.639404  0.194270  2.219551      16.856247    514.454956  182.385864  10.048374  0.600166  330.122253
2    -9.883582  -8.946304  191.418701  0.130997  2.135111      29.304773    860.938171  214.524887  11.642732  1.831855  309.324829
3   -21.424118 -18.068254  190.797836  0.189556  2.395075      23.175032    508.539429  210.839539  11.443034  0.695232  351.538879
4    -4.918916  -2.370398  192.923767  0.112143  1.483975      18.478540    720.469604  222.487808  10.878056  1.571511  316.353333
5    -4.014301  -2.393859  193.486526  0.115401  1.291733      15.442639    720.026062  220.780594  11.467904  1.200138  309.719391
6   -18.763945 -12.339061  194.934540  0.159354  1.605990      13.709280    425.014282  222.031113  12.591143  0.981472  386.997864
7    -6.365987  -2.417989  185.838348  0.117821  1.213296      26.475903    519.374084  163.983765  11.710104  1.796164  321.537628
8    -4.021511 -14.403695  192.681549  0.156944  3.321378       9.187418    879.748901  249.416458  11.027109  1.186157  319.622864
9   -14.011776  -6.739005  191.925064  0.129094  1.151752      17.984373    442.883759  195.427628  11.789399  0.460775  322.303467
10  -18.686028  -8.951840  193.715363  0.124562  1.285066      20.627306    608.165588  230.453842  11.562167  0.445195  281.958191
11  -15.246874  -8.049449  194.798798  0.135238  1.165903      20.512161    426.208038  222.782700  11.947126  0.202191  294.701569
12  -15.133370  -6.007578  190.404465  0.127208  1.360152      15.321860    972.723145  220.125870  11.629598  1.762491  335.528503
13  -13.922847  -6.056627  190.177475  0.106686  1.257107      24.105640    948.519104  238.898987  12.014518  1.023604  285.772675
14  -11.297352  -9.515193  192.006409  0.142959  2.061248      15.337096    484.777069  245.431732  11.252783  0.792948  330.908966
15  -24.325666  -9.063631  186.022110  0.172737  1.262361       9.287477    496.238495  222.929611  12.235814  1.477971  407.822723
16  -20.348715 -14.127691  198.289215  0.154444  1.688877      14.299811    592.230225  235.755295  11.450576  0.547953  331.244232
17  -30.541882 -26.631536  186.600510  0.271974  2.579287       8.266160    873.561218  243.124634  12.043940  1.525878  446.317169
18  -12.114223  -5.251075  193.596130  0.118165  1.217437      20.547165    675.690674  210.730774  10.273614  1.195253  316.070282
19    2.378351  -0.496483  186.085464  0.114878  2.522428      21.599937    413.798767  230.807419  10.100789  1.285688  332.114716
20   -5.584294  -2.424898  192.873398  0.114963  1.258149       9.215372    500.217743  184.430893  10.654027  0.397780  293.387726
21  -17.969704 -22.625925  195.984604  0.214938  2.543211      18.404285    437.241669  220.277847  11.729142  1.453170  398.371277
22   18.491316  12.979423  193.229736  0.182988  1.915624      25.483063    909.251526  218.289917  10.397372  1.528717  341.899445
23  -12.509315  -6.209162  196.094269  0.112495  1.070132      16.318226    910.599304  207.439697  11.073558  1.032947  301.925690
24  -17.533537 -12.841781  193.414291  0.166048  1.908509      17.877895    453.616913  223.404602  10.233113  1.175339  368.992310
25    2.849323  -0.426679  188.659271  0.128957  1.664761      15.115705    422.970062  220.296204  10.932214  1.921301  353.908447
26   -1.009046  -1.409169  192.013519  0.115781  1.435369      20.197330    522.178955  213.223206  10.781241  1.974525  329.904541
27  -20.945219 -15.864170  188.106125  0.182760  2.424663      17.984980    530.501343  221.309525  10.932528  1.907558  382.732788
28  -14.604642 -21.291937  195.377914  0.199177  2.898131      10.097691    564.948120  231.945908  11.632054  0.952851  356.047882
29   -5.746989 -12.132337  195.098328  0.151415  3.437263       8.341051    530.044861  249.629395  11.774482  1.274677  346.518768
30   20.686274  13.289575  192.540024  0.178203  2.128355       8.590369    612.223694  216.061646  11.499786  0.834035  368.632263
31   -7.298380  -3.031523  188.286697  0.103715  1.014458      21.845739    689.117676  230.485992  10.112424  1.001938  291.111786
32    2.614143   0.588683  191.283432  0.123033  1.823092       8.444266    744.389343  244.077072  11.712864  1.339980  330.430267
33  -18.712378 -18.084278  192.731140  0.184080  2.458025      29.215191    771.078552  192.444794  10.247098  1.572049  335.901611
34   11.003878   5.730185  194.227203  0.145392  1.434986      23.501247    428.646484  204.548523  11.572291  0.986401  337.009949
35  -16.100731  -8.347404  195.645981  0.116270  1.366246      24.300379    811.797668  246.221344  11.798104  1.679165  322.659088
36    0.596338  -1.288605  194.141602  0.108511  1.270947      20.310181    571.762390  229.994507  11.747179  0.628885  278.837860
37    8.507773   2.052436  190.721985  0.115459  1.190712      18.403454    832.826599  209.301971  10.779579  1.037879  296.725433
38   18.128412   9.286155  195.070816  0.147503  1.575498      21.424368    592.466003  201.185852  11.349526  1.690444  352.627869
39  -24.037720 -13.582652  188.106567  0.177797  1.948438      14.682559    665.682739  249.325226  12.559086  1.464565  384.013611
40  -27.659500 -15.391271  185.755539  0.207741  1.884729      12.665111    573.293396  239.413589  13.112545  1.667006  418.652313
41  -22.129301 -19.004940  191.783325  0.197389  2.381876      17.037159    565.590637  225.816132  12.128823  1.650409  390.371063
42    9.657087   3.460867  199.645401  0.115743  1.411393      18.941130    627.294128  224.426758  11.413735  0.803364  296.083588
43  -18.302128 -10.300450  193.160431  0.154703  1.472069      18.532101    429.263153  187.049835  11.591345  1.737936  378.353546
44  -12.031293  -7.269643  194.271591  0.123666  1.456768      23.964302    578.431152  227.508301  11.674859  0.617309  287.791107
45  -10.210238  -7.634161  192.973175  0.121186  1.751283      28.804361    878.827087  228.635437  11.138778  1.204325  285.126770
46  -25.864773 -26.703991  189.636230  0.265651  2.527239      28.839216    511.002747  235.476028  11.306128  1.267445  404.601105
47   -8.394506 -12.236746  189.715454  0.166395  2.512203      19.906900    906.119446  198.580673  11.449985  1.205778  309.924530
48    5.706363   1.868912  199.397400  0.117146  1.083977      25.388811    410.351685  240.437592  10.919863  1.739942  329.314636
49  -14.820683  -8.320254  195.459915  0.124458  1.392936      20.549620    546.516968  200.529877  12.118834  0.911730  320.520996
50  -19.815104 -13.330313  187.303680  0.190326  1.986992      13.768409    407.678711  228.402603  12.294027  1.707430  433.419312
51  -14.969404 -24.849836  193.060562  0.235669  2.916027      13.327685    413.932648  196.331253  10.285769  1.056543  407.318085
52  -20.985161  -9.829427  188.184509  0.156087  1.622938      15.509209    674.443665  181.475647  12.348310  1.816385  371.751923
53  -14.661193 -11.413453  191.436798  0.172770  1.727443      11.765936    518.332031  199.421249  11.927136  1.513623  370.355469
54  -10.916954 -19.908564  197.006653  0.194391  2.947412      13.852945    514.022522  217.864960  11.976656  1.393132  360.269501
55   -5.346014  -4.417925  190.001480  0.128608  1.972700      12.069999    416.943268  238.288193  10.336546  0.672367  338.970032
56   -9.306952  -4.296854  190.413666  0.125215  1.118153      11.763540    501.079681  237.653992  11.927473  0.714485  322.547272
57  -20.580135  -9.171088  193.204910  0.127352  1.195255      27.079962    611.157227  212.114990  11.386234  0.555865  293.633575
58   -6.525952 -11.426447  195.707367  0.135442  3.239209      12.247505    661.109619  222.896667  10.533272  1.096378  319.520538
59    3.266295  -0.894900  191.763916  0.116873  1.941560      13.833129    444.311371  233.502274  11.428100  1.707450  347.999878
60   -1.828987  -1.476522  190.110077  0.126597  1.368590      17.537933    458.784698  241.262024  12.487536  1.554819  337.398285
61   -1.892484  -1.006946  188.247101  0.120123  1.313184      18.479467    742.675781  187.770248  11.735114  1.664077  319.371307
62  -12.891819  -7.063139  198.713150  0.124337  1.124287      14.886237    832.701050  225.586426  11.410366  1.950879  339.075897
63  -21.412962 -39.559776  188.759323  0.323763  3.741154      15.637763    512.219971  249.253662  10.751145  1.326766  401.098145
64  -23.365723 -21.753254  192.824539  0.221835  2.216608      23.738218    845.064758  246.590591  11.944410  0.724385  338.165070
65   -8.932782  -8.349966  194.180862  0.131502  1.831274      20.490681    523.917480  199.830048  10.401122  0.705004  303.583984
66   -5.606271  -8.891039  202.626511  0.130401  2.632828      21.112486    480.837677  238.290070  11.916472  1.773355  332.645508
67  -14.283531  -5.498793  189.960281  0.115906  1.013515      21.967386    775.746948  207.368622   9.963041  1.118728  305.294403
68  -18.151892 -35.105270  197.313705  0.294221  3.116086      22.088816    603.296387  245.061981  11.145337  0.969115  377.311737
69    4.216599  -0.233180  194.044617  0.104843  2.136756      15.249824    616.336426  232.328720  12.034864  1.606454  324.387024
70  -17.201569 -14.960507  191.128418  0.161036  2.440104      19.450626    990.333740  246.313416  11.191116  1.729546  341.696533
71   -8.466561  -4.486427  191.288025  0.124135  1.026025      12.175653    835.182129  247.530060  11.505752  1.356121  322.945923
72   -2.136158  -1.494833  189.844376  0.129447  1.883255       9.680762    427.655731  247.950638  11.952561  1.531763  358.553772
73  -14.985027 -16.857994  193.504623  0.195037  2.317761      13.240534    427.904968  217.104431  11.981865  1.914803  390.877228
74   -6.308402  -9.451839  194.969849  0.143819  2.449594      11.921786    691.543640  234.068924  11.752154  1.555190  337.180756
75   -4.775504  -7.379559  192.947723  0.130666  2.195082      15.190705    727.135498  226.357620  12.340996  0.714775  288.804810
76   -5.506570  -3.610105  195.812180  0.112017  1.815642      18.217484    735.988464  241.324356  10.653803  1.488923  314.247681
77   -8.201768  -3.059672  192.902298  0.126737  1.108786      14.687011    427.814148  249.427780  11.206433  0.524142  325.514862
78  -21.179504 -11.669756  188.088287  0.160002  1.952496      21.630650    434.287048  243.077026  12.391992  1.611874  377.300232
79  -15.195275  -6.470951  191.128891  0.124605  1.382867      25.173796    471.632477  234.000198  11.815316  1.661806  338.593536
80   -8.383852  -6.454802  192.458862  0.114715  1.935229      22.939289    740.863403  191.036530  12.104208  1.901397  315.929047
81   -2.714944  -1.516128  188.686356  0.111744  2.515402      15.847495    688.330566  176.723129   9.928350  0.922260  299.751373
82   -7.931262  -4.494736  195.075302  0.104295  1.736697      23.649395    624.711670  246.372787  11.780996  1.910268  316.841766
83  -10.339173 -14.176919  196.014328  0.161884  2.681881      22.244892    613.844116  249.678055  10.420838  1.064711  318.534393
84    5.256039   0.525295  193.753189  0.113144  1.256943      12.408526    461.584808  206.504730  11.249256  0.309085  285.001801
85   12.258062   4.783350  193.401855  0.132727  1.324211      20.888422    590.031189  239.323669  11.601868  1.703952  337.757843
86   -0.069816  -1.011691  195.454071  0.122775  1.359974      17.825283    538.348633  227.238846  11.741999  1.668392  329.067535
87  -18.166063 -21.424360  183.976929  0.205159  3.356009      19.840380    797.934448  215.882629  10.091215  0.710664  302.740356
88  -17.500156  -5.955605  187.282333  0.121290  1.240020      19.361328    641.049561  213.854538  11.829353  1.265379  332.865265
89  -14.860225  -9.101557  194.233887  0.146174  1.518513      15.333702    452.272766  229.495316  11.471017  0.708487  346.729340
90  -13.398865 -15.504601  191.864288  0.178632  2.788006      12.941423    422.356598  227.088943  12.249217  1.629154  381.566467
91  -18.003273  -4.393333  184.581451  0.121951  1.031539      23.146103    834.184875  216.657837  10.663906  1.543151  327.635345
92   -2.867344  -1.742567  185.689606  0.121991  1.346143      17.583742    518.314270  226.615540  10.917601  1.117480  322.829346
93  -18.282356 -16.981916  185.720261  0.216185  2.272692      13.862913    457.784515  179.692917  12.174706  1.414117  393.894653
94  -19.318617 -16.522615  194.612549  0.173943  2.219659      12.385489    841.991272  209.777969  12.006546  1.503460  366.664734
95  -10.579141 -36.055363  200.664230  0.287608  3.515010       8.324714    757.627930  228.797729  11.881279  1.708192  372.398376
96   -9.413279  -4.262794  190.278564  0.122438  1.744242      15.412731    539.699890  242.095047  10.493683  0.394419  276.519440
97  -13.556690 -21.549829  192.705734  0.210044  3.052289       8.780466    676.973145  187.197647  11.299094  1.520300  364.620300
98  -11.232418  -7.142432  193.192261  0.124869  1.562713      14.612813    789.951172  227.766159  11.523190  0.896561  303.870667
99  -22.938662 -19.026741  194.685303  0.185255  2.276611      28.027042    549.386536  240.984528  12.595601  1.937340  376.559845
100  -8.312094  -4.717757  195.590744  0.109987  1.735383      26.967342    430.137421  234.574951  12.184340  1.367316  318.737396
101 -10.177802 -12.636076  197.994827  0.149354  2.600093       9.034431    733.283997  246.152878  10.267577  1.187729  336.064026
102 -21.148880 -18.190876  193.769196  0.179274  2.391846      17.750547    881.655151  222.767136  11.392305  1.443611  358.671295
103   7.122567   0.021588  187.714905  0.133140  1.220045       8.270867    476.224915  248.918640  11.741033  1.685453  360.636658
104  -8.038383  -5.844665  196.759506  0.111618  1.339716      16.066362    552.658752  247.432632  11.260953  1.214430  322.352692
105   0.420624  -0.679325  195.271103  0.104827  1.519005      27.713465    522.658447  226.196594  10.791063  0.618185  266.703064
106   1.701019  -0.931082  189.240997  0.103243  1.527031      22.315269    481.576080  217.119644  11.752088  0.780022  297.358795
107 -12.880530  -5.698606  193.036926  0.120456  1.015623       9.146623    861.382812  232.366241  12.144679  1.940448  348.101044
108  12.075598   3.764100  193.870132  0.130733  1.490344      15.001274    550.664246  228.795441  11.349110  1.465606  342.649231
109 -18.475361 -22.512585  193.453827  0.257610  2.119422      21.005838    427.806213  126.916397  11.850456  1.388814  419.441040
110 -10.513293  -5.886697  195.087372  0.118066  1.090313      16.119686    445.483398  227.140747  11.531096  0.433226  306.485809
111  10.519383   2.093528  190.209259  0.135016  1.164338       8.613915    584.536987  218.810562  12.223992  1.012778  338.493469
112 -13.489164  -4.857907  187.950790  0.133548  1.600086      15.434891    525.584595  235.323639  11.291986  1.661892  352.403137
113   0.464573  -1.162074  192.600769  0.114080  1.239644      10.071717    651.622437  248.937241  11.977345  0.560913  281.341095
114 -12.376044  -4.629812  192.641418  0.109430  1.087129      23.360195    526.426819  196.160385  11.637921  1.851267  329.152344
115   4.385541   1.978829  186.328613  0.127187  2.038519      17.431864    478.413208  234.766556  11.343276  1.726110  338.254395
116 -16.911283  -8.550553  198.173752  0.116420  1.159892      14.636528    550.031555  237.202194  10.750715  0.953531  333.227448
117 -17.120577 -22.920429  194.324982  0.199693  3.245192      16.269989    701.671387  236.194153  10.792039  1.589095  364.281036
118  -6.792152  -3.363822  192.854767  0.109809  1.268353      19.186314    562.491882  230.231033  11.835446  1.816556  329.277893
119 -13.057592  -8.010766  186.680542  0.138880  2.010140      17.527250    678.229309  226.616531  11.813723  0.907583  314.335327
120  -7.482404  -3.567029  190.527313  0.110611  1.213343      21.011810    660.372253  229.296799  11.743141  0.924070  290.564026
121 -15.832957 -12.776640  195.687576  0.147841  2.044410      17.517014    448.920929  241.991684  11.256250  1.699920  368.887665
122 -19.325081 -14.828613  194.747269  0.161271  2.020377      20.373478    735.078613  218.259857  12.098889  1.564833  353.559692
123  -5.498563  -4.015909  191.630249  0.125389  2.143163      19.846943    400.452667  230.414780  11.260741  1.910766  350.066071
124  -1.548434  -2.160330  194.914734  0.108360  1.643769      21.421848    897.545593  222.558105  11.337036  1.404236  296.730316
125 -15.020980  -6.396230  187.086746  0.123462  1.586848      12.223058    477.813843  248.325546  11.141335  1.889815  363.140198
126 -15.679602  -6.774822  187.106369  0.138737  1.319533      22.655134    611.867554  215.952698  11.320109  1.912824  344.044830
127   4.127501  -0.199580  188.877945  0.105330  1.625662      12.622140    972.026367  244.083374  12.448574  0.718625  272.540466
128  -8.851505  -4.566298  185.509872  0.118325  1.756512      13.581949    463.750031  235.465134  11.529189  0.518243  313.829956
129 -16.154434  -7.565097  192.060684  0.131763  1.446015      20.257587    463.881195  228.635208  11.924472  1.398969  353.731903
130   3.579104   0.210505  192.589828  0.121280  1.069454      13.857288    749.033691  233.955627  11.975192  0.890671  298.713806
131   1.486016  -1.283460  193.212173  0.123799  1.769000      10.928821    527.112793  194.835648  12.343329  1.748385  348.182892
132 -22.854898 -18.033882  187.860336  0.201182  2.398269      11.004332    538.591125  244.766830  10.850330  0.889705  385.654205
133 -22.188255 -12.355659  196.489456  0.152754  1.150835      18.960079    883.522888  238.004486  12.058437  1.386535  352.500031
134  -4.077348  -3.502455  191.234985  0.119807  1.820254      17.866913    485.953247  248.584183  12.140666  1.907571  336.697327
135 -17.571020 -12.321459  197.758408  0.159742  1.459691       8.884641    531.220825  220.778687  11.835994  1.296943  374.561432
136  -9.379115 -10.243132  192.804688  0.152128  2.191770      11.839989    447.395569  229.450027  12.401454  0.387622  321.050781
137   1.125506  -0.887738  198.433823  0.109774  1.175069      18.160671    774.724731  231.049835  11.180276  1.402504  307.370575
138  -5.850920  -4.732680  198.922821  0.126292  1.290559      10.077271    434.651917  183.705276  11.983973  0.825286  341.213837
139 -13.355879 -20.267082  192.034851  0.199994  2.939458      21.836552    626.951721  228.729874  11.238870  1.430986  340.144440
140 -26.074780 -19.912205  186.274048  0.218842  2.518815      10.504386    710.088257  238.322052  11.088488  1.310189  399.704407
141  -2.716110  -1.492973  190.113983  0.115505  1.623112      11.717872    402.968201  237.076843  10.624174  0.251584  312.610901
142 -16.880369 -20.064270  196.305817  0.198061  2.449534      13.531370    688.649841  204.991165  11.408922  1.744379  372.200623
143 -16.469503 -17.611330  192.587463  0.209715  2.064903      18.395912    430.064789  181.837418  11.374490  1.169192  386.216278
144 -11.930015 -10.003986  190.920929  0.142103  1.950171      27.465263    750.518127  216.662521  11.649231  1.378235  309.568268
145  -9.782896 -11.901394  190.916245  0.147901  2.936898      12.798452    597.106934  249.441147  11.248069  1.543316  343.537506
146  -8.882565  -9.323929  188.533646  0.141235  2.421140      16.240303    786.605774  239.610321  12.547902  1.550434  329.170410
147  -9.419587  -9.829718  191.757278  0.167248  1.888659      17.815521    470.592529  159.026779  10.874984  1.912281  358.645020
148 -21.760849 -15.725079  190.583099  0.162628  2.413446      15.440872    594.240967  236.227646  11.507288  0.965341  357.468475
149  -2.346066  -3.182617  196.324997  0.121954  1.537544       9.050793    458.092041  244.919113  12.204079  0.534552  319.191406
150  -5.916073  -2.848950  189.067764  0.113594  1.080845       9.417285    882.339722  248.270370  13.502833  1.311093  320.799469
151  -5.276099  -2.019886  184.536575  0.097819  1.150004      21.058708    936.730591  229.136810  10.821273  0.705695  255.359787
152 -24.350119 -10.950644  187.561584  0.166244  1.579877       8.077736    451.463684  248.841476  11.675449  1.373041  419.194244
153  -8.864406  -3.618498  187.932953  0.119408  1.123745      12.919250    522.777283  231.233673  12.795685  1.124170  334.600189
154 -16.352777 -15.823982  188.535156  0.179271  2.645386      10.819175    476.967499  237.347931  12.089584  1.438591  375.628296
155 -18.055460 -16.255053  195.320602  0.173699  2.217343      13.361672    529.641541  211.205856  11.373690  1.048629  367.164185
156 -19.193722 -11.114420  192.372849  0.154848  1.716897      17.264757    428.312744  224.250305  11.078601  1.898422  388.010651
157  -9.699662 -15.548391  193.092819  0.188271  2.597781      14.984863    686.567444  238.706787  12.008577  1.902039  353.549988
158 -11.293778 -17.594151  192.738602  0.164779  3.132444      23.765379    889.462036  241.697968  10.389296  0.702197  268.442352
159  21.621403   5.460291  188.473740  0.149810  1.142390      14.012925    838.026367  202.032654  11.814211  1.115777  349.509644
160  -7.356897  -4.202245  192.690262  0.108501  1.199976      23.248009    642.717407  240.590698  12.267583  0.688329  274.410583
161 -11.269349  -6.480869  190.555634  0.128830  1.475031       9.053592    619.006531  205.498688   9.874844  1.723747  351.112518
162  -8.971145  -4.970698  192.212738  0.112659  1.216531      23.014931    477.895752  195.427277  11.825963  1.575098  324.727051
163 -16.525129 -12.655275  190.452301  0.181277  1.909955      24.371655    448.127502  163.230240  11.697986  0.700034  345.953674
164  -4.865554  -2.240178  187.197388  0.134723  1.000368       9.418285    457.720978  221.568863  11.938736  1.291239  355.510590
165  -6.767843  -6.295842  191.729965  0.118079  1.701201      17.871841    643.873108  229.494019  11.276168  0.643186  280.181274
166   5.161288   2.840999  194.212891  0.105620  1.801653      13.910531    882.690918  243.089737  11.625897  0.689526  270.853485
167 -14.793685 -15.528054  188.939835  0.182800  2.548205      16.185690    609.502625  229.272537  12.843410  1.321367  351.948578
168 -16.332523  -5.749695  188.881454  0.124933  1.058482       9.793434    948.648804  181.678055  11.298082  0.853688  313.923401
169 -17.448488  -5.444148  187.233963  0.139876  1.227465       9.078837    555.834961  214.927307  11.748403  1.737982  374.305084
170 -13.863351 -12.303033  192.062271  0.158316  2.101769      22.232765    613.190063  225.296753  11.605888  1.342982  330.413910
171  -0.787912  -0.246633  187.762863  0.121005  1.410586      18.314394    533.890015  245.728317  12.105550  1.152166  315.372711
172   0.647441   0.547117  188.218430  0.111710  1.669097       9.463353    732.876404  242.441788  10.567444  0.456697  258.597778
173 -15.904902 -19.455767  189.665909  0.198609  2.768694      16.417765    483.399902  237.021271  11.776657  0.209723  288.325531
174 -20.193918 -39.023033  193.154892  0.311857  3.523686      16.380377    494.006653  248.706619  11.394649  1.169853  409.750824
175  -9.412737  -4.554571  193.003723  0.099356  1.440696      18.846701    639.549316  232.456192  11.781509  0.906547  295.956268
176 -21.242218  -7.125875  190.155258  0.114884  1.119901      16.948050    482.440552  236.099808  11.490672  0.224528  288.774658
177  -4.099856  -1.664218  183.325638  0.109229  1.053593      26.677992    436.245300  192.186371  10.355742  0.771269  300.578400
178 -19.556719 -14.508056  192.098434  0.175797  1.895935       8.720102    822.113342  204.975479  11.670026  0.934665  348.307495
179 -13.147696  -8.483515  191.958221  0.128906  1.821968      25.567915    452.789856  242.379547  11.256790  0.633292  310.573700
180   2.960741   0.196986  193.156891  0.115143  1.271933      16.043602    412.270111  199.096252  12.275487  1.630881  345.488190
181 -14.848644 -13.047752  191.919708  0.161958  2.332285      11.956354    551.126953  244.531326  10.372032  1.905447  366.749146
182  -2.385864  -0.047395  190.805359  0.131491  1.917625      20.152740    416.082764  204.248184  11.063773  1.016397  333.490479
183 -15.722836 -22.341524  194.997879  0.204646  2.943077      22.667767    590.378174  240.183350  10.410325  0.337504  278.389557
184 -28.125103 -15.201738  187.296661  0.202228  1.848740      21.365187    540.920105  239.079407  11.421745  1.921408  413.529236
185 -13.449730  -9.266856  192.678406  0.132018  1.934090      15.801443    623.920776  205.212997  12.193918  1.531355  341.180481
186 -13.647360  -9.932402  192.878998  0.143386  1.727469      14.183481    892.341736  216.163651  11.985216  1.925501  345.292084
187   0.033106  -1.294232  189.018387  0.114375  1.124273      21.340117    928.209473  211.236694  11.130788  1.827639  311.654144
188 -15.205940 -14.101053  195.009201  0.152824  2.221505      21.065067    581.635132  248.447952  12.392910  0.491402  290.729584
189 -15.950899 -10.217208  189.780319  0.143781  1.904648       8.116091    568.031372  238.604706  12.074550  1.179720  357.947510
190 -13.526217 -16.116127  196.111649  0.187009  2.268733      17.735199    478.351501  196.294144  11.189205  0.549241  338.575470
191  -6.660786  -7.236763  190.422943  0.146362  1.940681       8.896523    453.387421  217.520386  12.488873  1.228642  355.866821
192  -8.678039 -16.751127  196.920227  0.162255  3.144153      21.484110    543.997925  230.853485  11.822124  1.274521  327.401245
193 -13.495636  -7.664872  189.646317  0.128543  2.110125      13.719770    605.759338  204.159195  11.165453  1.291925  338.141022
194 -18.529524 -17.938555  183.809357  0.207000  2.781913      14.629219    504.009430  246.420883  12.226848  0.593667  351.493256
195  -3.046219  -1.854512  192.368561  0.114385  1.478238      11.992513    541.027893  241.382828  11.683473  1.790988  340.075623
196 -20.068533  -5.819047  185.466614  0.142782  1.513888      14.379606    463.300323  237.325989  11.103905  0.772790  362.718811
197   1.884842  -0.230725  189.978012  0.121929  1.245392      11.498335    633.582153  237.351929  11.910261  0.757322  303.743347
198 -13.790029  -7.554895  195.620148  0.112521  1.448122      26.584780    677.140869  236.250046  11.943129  1.114222  301.409424
199 -11.225277  -7.876600  197.767761  0.124983  1.519619      24.272331    534.081543  215.810410  12.505917  0.616245  288.346222
200 -10.069356  -5.292037  192.445709  0.139012  1.295236      11.504439    762.734375  245.355606  12.487169  1.881575  346.640411
201 -18.389359 -20.851633  192.807510  0.212545  2.488916      22.112261    605.769104  222.118866  11.313580  1.144552  354.931091
202 -15.802086 -16.491615  190.709137  0.180803  2.548758      23.137026    846.023621  231.082397  12.925605  0.799982  301.702545
203 -16.737303  -9.135292  190.827469  0.140115  1.765857      19.691956    432.649811  221.106216  10.794485  1.594889  366.120941
204  -8.472515  -5.866935  191.056030  0.126984  1.673321      16.235968    485.476807  220.781555  12.251260  1.287679  336.758881
205 -10.789221  -8.923954  192.252899  0.139902  1.915831      21.614990    409.803955  215.351288  10.654613  1.728399  353.162506
206 -12.674401  -6.171885  193.227768  0.122152  1.151156      12.289038    637.308350  213.703796  11.915796  0.950127  321.056000
207  -1.238815  -1.103752  196.628189  0.110575  1.212287      11.661658    456.529968  247.472260  12.366191  1.405714  342.034271
208 -15.329530  -6.679413  185.126526  0.142464  1.479324      24.039614    580.702881  236.850754  11.073429  1.802150  340.497253
209 -16.134504 -10.737801  191.007416  0.149879  1.796005      18.401783    468.713226  195.415207  12.384475  1.997738  365.309631
210  -4.150131  -3.981873  195.346313  0.124897  1.857729      14.550495    536.934875  243.638657  11.380162  1.757946  341.866974
211 -20.093319 -15.844410  194.769760  0.176056  1.904937      20.958242    793.700195  229.043106  12.146353  1.866823  365.853058
212  -7.726869  -3.999190  191.873871  0.116393  1.217749       9.442332    656.315308  206.619675  12.474410  0.979502  321.263275
213  -7.704476 -15.251109  193.070343  0.175511  3.108135       9.292878    732.000366  185.174805  11.361177  1.872945  353.351532
214 -17.638287 -11.793138  192.724106  0.152114  1.660956      12.537986    963.225037  237.766403  11.498261  0.986154  327.380432
215   0.456693  -2.210985  183.006622  0.128478  1.565220       8.877367    472.487091  211.397491  10.311045  1.966996  361.266876
216 -16.612537  -5.928571  189.746628  0.117496  1.175263      17.086596    707.718323  232.486130  11.908071  0.945420  315.052948
217   6.555060   0.414944  190.526047  0.117954  1.209026      15.457746    784.279602  189.187057  10.815452  1.845987  330.561005
218   2.417831  -0.554827  191.916824  0.123131  1.678941      28.244358    407.348633  216.744873  11.166006  1.052259  315.009247
219  -4.307311  -3.496112  194.944687  0.107906  1.036369      25.272894    447.143463  155.231857  12.164219  1.473806  317.840149
220 -14.253749 -18.156715  191.862610  0.187508  2.651318      16.145056    667.068787  194.483047  11.427489  0.947597  331.658173
221  -1.971448  -1.169747  195.815170  0.104984  1.171097      17.692465    578.331055  199.289917  10.898346  0.448795  260.353882
222 -16.879927  -9.165915  197.831467  0.125843  1.192421      22.090012    693.889648  244.822098  12.830004  1.202263  322.480927
223 -11.820701 -22.012529  197.699570  0.178766  3.748786      19.748726    456.323914  245.522278   9.552102  1.868586  355.850067
224 -16.035587 -16.435736  193.363602  0.187087  2.406095      14.568269    700.304016  207.804688  12.157743  1.673723  363.946106
225   2.302066   3.473189  187.737473  0.132059  2.561255      15.459850    476.137268  224.410385  11.267015  1.496323  342.421631
226  12.060674   4.098499  193.260941  0.136289  1.297881      14.811902    464.169800  229.577988  11.167409  1.550887  356.951935
227 -15.842783 -12.259138  196.125809  0.147485  2.064301      24.022253    437.520813  243.920395  11.159221  0.725618  340.838531
228  21.574230  14.508197  190.185867  0.201971  2.166914      16.768248    514.174072  236.977448  12.470236  0.980393  383.664246
229 -21.550581  -9.158726  190.817444  0.145162  1.182520       8.984168    644.762390  226.840363  11.918533  1.920602  385.804871
230 -13.052241 -13.400126  195.830444  0.136532  2.644745      17.247839    600.453979  241.412170  10.928741  0.842899  316.108246
231 -27.387300 -26.057594  193.922073  0.273713  1.971818      15.662428    708.519592  237.286148  12.072167  1.309306  434.593811
232   9.873811   2.496341  192.777512  0.122279  1.067765      18.162550    443.458008  211.176132  12.237407  1.144487  338.952362
233 -15.010201 -18.757708  195.878448  0.191435  2.488341      29.438877    406.726624  233.776962  11.734902  1.220108  356.940857
234 -22.962744 -13.562585  190.367416  0.175019  1.749244      20.289785    576.459839  238.569290  12.855685  0.993448  364.845795
235 -15.021512 -20.043026  192.285217  0.201280  2.839238      19.209351    447.201172  209.790222  11.735460  0.689977  355.715637
236 -13.946990 -14.496943  194.819000  0.169866  2.438332       9.503808    449.323700  207.390228  10.623346  1.595597  387.996796
237   7.467846   1.765378  191.181091  0.118348  1.414796      14.289099    463.294403  247.974426  11.880593  0.562117  312.955658
238 -15.086023  -9.280793  192.742065  0.147793  1.571076      14.501900    867.638123  220.666595  11.941069  1.447116  339.418243
239 -17.843386 -11.443680  189.524078  0.170463  1.935666      20.019733    529.083862  220.970718  12.065313  1.824185  366.393677
240   0.557775  -1.165888  187.472504  0.121325  1.103766      20.693008    545.109192  165.786713  11.423600  0.802933  298.462219
241 -12.185225 -20.400770  190.303802  0.196466  3.107526      21.877851    708.133423  210.357437  12.029320  1.647809  331.536804
242 -16.131107 -15.773239  188.993332  0.178172  2.658981      13.776193    674.349182  234.505371  10.601351  0.851143  334.642853
243   3.654622  -0.487367  186.259552  0.123435  1.213890      15.727338    833.000549  239.024765  11.494020  1.793308  325.234100
244 -12.651169  -4.701370  192.004715  0.120713  1.032247      23.721327    811.580933  239.327118  11.764244  1.397428  311.000763
245  -7.944686  -5.275538  188.751236  0.117046  1.820789      20.758926    632.379822  242.122833  11.205130  1.602027  318.337219
246 -14.768088  -9.452508  192.633209  0.144493  1.537619      24.513733    654.430908  214.043701  11.730622  1.150959  321.472412
247  -4.609990  -3.212389  193.162796  0.135462  1.234194      16.264767    412.398010  215.695633  10.728879  1.063333  347.770630
248 -12.913933  -8.902618  193.902252  0.138014  1.939026      12.280179    535.108398  223.099548  10.638927  1.079189  342.132233
249 -13.183700  -7.241770  193.234924  0.136276  1.276235      17.017408    880.108276  201.033600  11.209317  1.428793  326.097504
250 -11.656781  -8.188503  191.702194  0.131644  1.869160      20.772614    797.967896  230.248917  11.340374  1.566983  322.541534
251 -13.054283 -12.226401  195.106171  0.137020  2.542408      20.728817    933.667480  231.165298  10.398838  1.325628  313.536713
252 -10.677967 -14.072072  194.705429  0.161469  2.353291      18.201075    749.333313  227.240494  11.318258  1.431403  329.229950
253  24.763655  17.037725  196.503616  0.205712  1.765422      25.652903    551.483215  239.130310  11.498194  1.133028  385.824524
254 -11.091063  -7.954906  191.518845  0.128901  2.015951      13.008333    535.880737  244.576416  12.007883  1.251655  340.398468
255 -15.769809  -9.301804  188.492477  0.148972  1.877158      12.142778    704.988831  195.290176  10.766432  1.287874  343.830688
256 -22.700872 -17.262629  187.391632  0.210357  2.262277      15.774566    442.484711  214.211121  11.444084  0.812317  408.901489
257 -14.552021  -7.582345  193.706116  0.140996  1.165246       9.258966    469.266937  239.248154  12.330046  1.699692  372.837616
258   1.126034  -0.717201  197.144897  0.106827  1.161978      14.455236    568.605652  247.961609  11.268383  0.736303  297.493195
259  -9.307477 -11.070860  199.875931  0.139302  2.218713      24.315046    545.228821  245.318069  11.330405  1.243959  317.286011
260 -19.574589 -16.110191  194.779053  0.183594  2.021148      19.435915    671.549988  246.350067  11.521907  1.440208  363.373444
261 -11.174195 -28.213566  193.741791  0.243641  3.396506      23.461308    805.045593  209.463791  11.037752  1.176087  318.586670
262 -17.170319 -19.339794  191.733994  0.195306  2.843239      15.713068    769.533203  231.191452  12.337228  1.650085  359.867310
263  -8.561070  -4.523909  190.444672  0.121915  1.448683      20.009779    935.137390  229.054245  11.566468  1.257285  302.546997
264  -8.124170  -4.501849  194.774979  0.111297  2.583809      22.856926    438.993561  246.231003  11.612967  1.313197  326.291565
265 -10.452662  -4.273409  192.404205  0.109640  1.058137      19.787096    842.447510  221.423737  11.217726  1.825960  319.391174
266   2.506325  -0.298405  189.675079  0.124913  1.684431      17.144329    519.562622  199.293716  11.291579  1.720556  333.356842
267  -1.684286  -1.450352  196.224701  0.107644  1.387996      24.340654    445.677856  212.739731  10.915586  1.348486  316.307465
268  -1.769569  -0.691164  190.155029  0.121020  1.308346      25.390779    638.175781  211.336960  12.103443  1.781578  313.856537
269  -3.191940  -2.876099  197.716324  0.108111  1.372041      24.672359    784.983215  204.584045  11.180976  1.949569  307.164062
270 -18.029980 -20.598787  189.945770  0.207563  2.708778      14.008237    996.020874  189.872009  10.956826  1.817402  362.916229
271 -17.922365  -7.461537  187.187027  0.147521  1.429436      15.058384    506.550598  188.254410  11.630351  1.790975  373.357544
272 -16.728127 -11.706159  196.419601  0.144653  1.597259      20.744400    521.316772  233.854568  11.522500  0.414183  299.856232
273 -22.196707 -12.699772  187.745056  0.201979  1.539107      21.563391    414.105743  209.234009  12.096162  1.944035  431.383606
274 -18.936651  -9.089002  188.727814  0.139551  1.897304      22.503517    473.009613  241.030029  11.391854  1.733674  361.868256
275  -4.915016  -2.373741  184.064896  0.114292  1.215232      12.017212    870.142212  214.832382  10.720863  1.407225  320.251465
276  -6.354956  -4.599948  190.467834  0.119330  1.765808      16.177296    648.160767  220.291168  11.361300  1.371101  322.785217
277 -19.713451 -20.490086  185.805878  0.217575  2.893969      22.612473    432.879120  242.907501  12.060356  1.305478  380.407532
278 -16.767401 -14.615922  191.459305  0.181600  2.027445      14.069934    597.178162  196.514252  11.463153  1.457075  365.015106
279  11.520433   3.880016  192.767441  0.134637  1.376766      12.419042    419.786011  230.887115  11.588575  1.719204  371.232758
280  -3.370703  -3.049712  191.284836  0.126964  1.399044      12.573087    658.577576  213.592194  11.246562  1.197247  322.733856
281 -14.642945 -20.131968  196.712585  0.191897  2.787820      13.388469    670.923767  241.096970  10.902155  0.759472  330.895538
282  17.987961   7.245123  192.540085  0.151032  1.410826      16.042103    714.969055  218.350540  11.692332  1.030746  338.869965
283 -17.161013  -7.888673  188.318481  0.140043  1.733184      25.847263    593.071716  228.299408  11.166558  1.599552  335.558624
284 -26.353050 -19.593899  189.991760  0.194453  2.541155       9.765087    495.875427  249.560974  11.981020  0.599997  408.304169
285  -4.156813  -2.275554  192.870239  0.122366  1.404388      14.313116    483.176788  232.552948  11.788618  1.772551  344.980896
286 -19.610504  -9.163898  191.102737  0.141927  1.442363       8.255054    942.665466  239.789841  11.826493  1.778219  363.218079
287 -17.472010 -12.387309  188.051147  0.159910  2.228696      14.787074    554.303650  241.301849  10.403850  1.705668  365.772766
288  -0.358506  -1.677563  194.944595  0.109962  1.400897      17.879583    520.408203  231.277664  11.228776  1.019750  308.119171
289 -21.008429 -10.622803  188.600967  0.166270  1.544768      14.242980    725.028809  248.095428  12.616487  1.947338  375.025299
290 -15.933811  -5.674483  181.787399  0.140795  1.457211      12.115958    958.091370  195.445282  11.782782  0.945275  317.652100
291   7.774258   1.303149  189.835983  0.104637  1.164975      13.205140    826.419800  227.725769  12.117499  1.051349  301.981384
292   2.848765  -0.405361  189.268524  0.117128  1.073498      11.411403    774.298218  227.604706  12.438387  1.724495  329.637756
293 -17.407148  -4.550060  185.118530  0.124847  1.019783      12.772811    553.411072  248.801987  12.499629  0.846162  338.437347
294 -20.375624 -18.346802  191.105148  0.181659  2.561754      26.593193    924.618286  234.019882  11.265295  0.968240  315.808105
295 -14.499704  -4.470076  187.111618  0.122029  1.505250      11.351475    546.456116  228.146988  11.248732  0.648293  321.670715
296 -15.163177  -9.285225  191.169281  0.135923  1.598004      26.920433    785.456177  198.667175  11.713420  1.412207  314.464172
297   2.404977   1.323864  200.656754  0.111208  1.704565      12.094443    568.345093  221.537674  10.761728  0.896115  314.236267
298  -4.107654  -3.429307  191.253464  0.121739  1.630009      18.669224    719.918091  198.116028  11.304460  1.170904  305.444977
299 -18.815535 -10.691163  194.733932  0.138050  1.612349      18.127708    525.251587  248.267197  11.732763  0.954607  348.209656
300 -15.859959 -13.394510  189.280334  0.175060  2.056532      23.268673    652.928833  235.936447  11.670173  1.424084  336.220795
301 -18.544685 -13.430682  193.078445  0.149849  2.174710      10.105689    570.880920  235.491394  11.947117  1.884965  377.891907
302  -3.570795  -2.039540  186.334366  0.109597  1.168988      13.016885    863.294067  220.339127  11.110340  0.620261  265.646729
303   1.465654   0.261919  197.724503  0.093968  1.219593      29.979628    658.098145  230.234619  10.864623  1.264058  282.836884
304  -3.378685  -1.559473  190.760880  0.111196  1.695491      16.888285    411.641937  224.404816  12.355519  0.422470  308.301086
305   3.920712   0.447308  191.506165  0.103494  1.129188      15.084620    799.854370  240.863586  10.825015  1.160122  302.568176
306   1.918326  -0.501688  193.890060  0.109101  1.024691      14.787556    557.249146  213.226791  13.141478  1.364062  323.927338
307 -10.079234 -12.263340  192.157120  0.160075  2.606268      13.415216    848.641113  232.583237  11.595214  1.527611  335.231445
308 -19.635292 -13.041069  191.407059  0.163866  2.061916      12.932441    782.133667  215.882385  12.209771  1.987070  371.554443
309 -17.788847 -17.942009  195.548706  0.188845  2.242920       8.202987    654.290405  217.098846  10.588346  1.064586  367.091858
310 -17.769056  -8.189979  186.021637  0.158034  1.515345      12.381426    773.344971  211.956711  13.195382  1.317065  350.601440
311   2.975457  -1.758416  184.774826  0.127112  2.257315      18.315191    410.183655  243.230774  11.255414  1.736043  348.297333
312 -17.894163 -13.283862  192.623840  0.151294  2.440213      22.415104    584.958801  238.542633  12.197800  1.993756  358.809845
313 -25.808353 -10.460448  186.291580  0.153757  1.682231      24.851969    530.518921  243.326065  12.871521  0.451677  331.339813
314 -16.648746 -11.934940  197.234573  0.153315  1.578039       8.057508    609.206848  205.794632  11.895258  0.600512  333.679718
315  -3.097954  -2.410025  194.320404  0.110304  1.527511      19.389484    848.701965  237.383575  11.490756  1.651112  312.700867
316 -18.783138 -16.764515  192.505569  0.194415  2.170880      11.173859    510.532623  214.189026  10.923469  0.987265  377.917328
317 -13.382980  -5.316590  189.892395  0.123904  1.155643      13.992644    483.007568  204.765915  11.421539  0.972001  336.640808
318  -7.639205  -5.964997  196.173004  0.111747  1.964652      21.476858    669.532288  227.869644  10.683601  1.662790  315.443573
319 -14.513622  -6.631297  190.720673  0.118046  1.308334      24.540581    910.989990  238.297638  11.652413  0.891531  285.767975
320 -15.724016 -41.054642  193.734146  0.346450  3.469980      14.482184    421.763733  242.824799  11.104049  1.480399  441.122467
321   2.478972   0.267958  190.635666  0.121681  1.299613      19.111433    539.247803  244.771149  11.268894  1.660538  328.235840
322  -7.854520 -14.633823  191.603836  0.146316  3.465070      18.665913    529.314514  249.816193  11.463572  0.973549  315.670197
323 -10.785121 -10.432603  194.274353  0.143187  2.452279      14.584179    485.672974  243.836517  11.619123  1.011598  341.174469
324 -15.998359 -10.302162  192.433487  0.145289  2.001116      24.023863    583.821228  248.140091  11.992738  1.715257  342.725708
325 -22.862604 -21.784729  192.833618  0.216301  2.481279       8.131678    587.322510  230.308807  11.889044  1.450308  416.151764
326 -13.915419  -5.916389  190.228653  0.129834  1.173459      21.143257    609.976807  204.193665  11.657869  1.498125  334.757690
327  -5.453599  -2.095145  180.932953  0.129913  1.111789      17.493456    432.376007  248.403656  12.121841  1.741156  348.645020
328 -21.559084 -14.528859  188.250519  0.181905  2.157792      18.795959    429.420074  240.600937  11.779579  1.789569  403.338226
329 -13.442582  -7.720861  191.800919  0.129805  1.521771      11.598790    997.039246  225.824356  11.558721  0.642261  282.849060
330  -4.467559  -2.685813  192.818787  0.133497  1.076817      11.186950    630.747498  209.797180  12.001513  1.835161  343.975403
331  -2.865103  -1.619972  194.364365  0.097382  1.054250      29.032309    714.477966  205.130432  10.615838  1.956067  298.914215
332  -2.872169  -2.839636  186.988693  0.117944  1.848277      15.681591    510.790833  227.826065  11.956385  0.912765  317.391022
333   4.733425   0.894695  191.236938  0.106842  1.620865      22.516354    819.240845  231.247772  11.250564  0.717958  261.207794
334 -12.877400 -10.934633  192.577698  0.167467  1.847285      10.631494    644.233582  215.476562  11.479095  1.718963  362.459503
335  -5.311740  -5.030325  184.819519  0.133084  1.894288      19.133448    821.063416  231.590347  10.690307  1.917495  325.691589
336 -16.892599  -8.569126  192.009262  0.138214  1.604203      24.483601    430.609528  209.003281  10.870603  1.231904  353.882141
337 -10.043856 -10.337133  192.954590  0.134784  2.524365      29.767241    584.952881  201.449356  11.415196  1.638468  315.833832
338  -3.997663  -3.087765  191.792221  0.098821  1.691297      22.774349    516.201294  241.373337  12.704407  1.545603  313.932800
339   7.460086   1.259833  188.491425  0.125505  1.360009      15.207479    595.675720  226.477798  11.289247  1.080024  320.052734
340  -7.293232  -3.642342  185.207260  0.137101  1.166445      13.852389    417.083191  145.888580  11.431489  0.942571  352.541138
341 -14.011136  -9.668207  190.016953  0.143454  1.858084      21.690247    768.312683  220.490112  11.032150  1.179225  315.687408
342  -4.867345  -2.101074  198.583374  0.097153  1.710771      25.529520    720.976990  217.538071  11.220402  0.702186  255.306946
343 -12.346061 -15.580483  194.018829  0.182344  2.612159      18.701632    423.677246  206.622803  11.298047  1.749578  373.010254
344 -17.725233 -26.060719  195.381561  0.237334  2.905346      15.597489    722.232483  237.566635  12.740355  1.360354  372.619141
345 -16.765596  -7.475756  188.474213  0.124393  1.683574      19.509598    600.500122  242.013321  10.875075  0.730400  310.039276
346  -5.966844  -4.434784  192.581985  0.117187  1.474015       8.877866    866.250122  223.805176  12.175040  0.907322  300.813995
347 -27.539211 -21.782824  191.732758  0.242116  1.899514       9.381595    718.839233  218.063507  12.006802  0.389744  362.855621
348 -10.987206  -7.666595  191.209061  0.147968  1.902876      10.716297    450.935303  223.494705  10.542759  1.218691  363.424591
349 -11.490816  -5.684200  188.801865  0.116253  1.929241      23.959019    512.680603  197.022781  11.804953  1.131056  316.098175
350 -19.328293 -20.505062  194.220932  0.208814  2.536989       9.936995    489.143311  241.683472  11.808988  0.582589  380.776733
351 -21.755167 -14.514828  192.300400  0.161172  2.192009      10.486924    514.675659  235.152374  12.830956  0.237900  320.269562
352 -28.695656 -11.801668  189.230850  0.162234  1.413018      24.016327    730.351868  241.651505  11.633708  1.414939  378.723480
353  -7.853474  -4.992958  194.144470  0.101705  1.582177      25.733768    689.354309  211.357864  11.354299  0.968995  282.485199
354 -12.765997 -17.901518  190.896744  0.168732  3.456437       8.585431    608.822571  227.246887  10.540597  1.993762  365.523438
355  -5.891519  -4.729492  194.913879  0.134790  1.281284      13.897309    411.305969  206.212479  11.387421  0.873166  349.100281
356 -15.237988 -12.516850  190.052155  0.155879  2.265295      16.863791    470.956543  214.590073  12.292532  0.536442  331.326874
357  -0.445599  -0.524180  194.237167  0.107069  2.449534      11.960940    748.492737  249.036591   9.817187  1.305505  315.292694
358 -13.691303  -5.751714  191.439850  0.111068  1.312234      18.243645    558.626282  249.158142  12.398209  1.124304  323.478546
359  -2.653716  -2.315191  195.391815  0.100422  1.861069      26.642269    487.901459  239.427475  10.087975  0.697752  281.913147
360 -16.792189  -7.211874  194.561584  0.117582  1.134903      27.190907    545.786621  237.698776  11.518367  1.131099  316.978973
361  -3.867827  -5.276061  188.080566  0.126236  2.488034      10.538755    485.892090  192.351929  10.777392  1.345353  343.935181
362   1.057504  -1.029640  188.490845  0.119919  1.117242      19.353266    888.381531  238.533325  12.966706  1.930983  316.987854
363 -21.127800 -20.795807  188.450150  0.239058  2.344227      24.154306    421.630524  198.582413  12.569366  1.528526  428.683807
364   2.508531  -0.353423  192.163681  0.115752  1.982527       9.186405    639.311096  228.400269  10.478780  1.635936  335.608612
365 -13.604412  -7.775240  190.931702  0.137001  1.730740       9.941618    490.779541  241.009933  12.558515  1.385018  364.133881
366 -23.777601  -9.811563  191.912140  0.139644  1.172264      25.748711    599.548157  223.649277  11.893292  1.199036  349.596863
367  -8.656557  -3.725399  191.712372  0.124732  1.232368      11.171295    715.175293  217.649368  11.521657  1.215672  325.972382
368 -14.302651 -11.182594  190.290833  0.149521  2.241096      21.673796    995.646729  236.342575  11.603104  1.338704  318.319824
369 -15.060108  -5.887775  188.776184  0.123083  1.256076      16.948765    901.029297  240.745712  12.556002  1.854471  334.456879
370   3.723361   0.917284  194.274017  0.127018  1.293373      15.884889    469.078308  249.193405  11.488121  1.249813  335.404755
371 -12.605449  -5.773832  190.240433  0.112031  1.517685      13.521044    722.004822  244.749619  11.794256  1.612180  334.191010
372 -26.572393 -18.777079  189.000580  0.221535  1.931085      12.906017    904.700989  242.114868  12.159521  1.228745  392.212067
373 -10.348086  -7.888837  189.994064  0.139276  1.899041      16.486519    570.217590  210.428864  11.176843  1.329178  336.395782
374   6.660927   1.972628  191.821396  0.118485  1.508147      25.912247    578.167969  234.348450  12.081438  1.846575  319.713257
375 -12.612642  -5.791240  193.585403  0.116756  1.050742      16.579044    424.861755  199.846146  10.953693  0.362786  312.816498
376 -19.365816  -9.721920  187.126404  0.151551  1.913795      11.179055    504.769897  245.776535  11.720363  0.284805  316.812622
377 -11.200359  -5.090586  192.858170  0.118226  1.480383      13.859439    446.519043  246.171799  11.113848  0.508180  324.007629
378 -27.772400 -19.276712  190.404373  0.208038  2.148423      18.571285    654.950500  245.167282  12.150351  0.582173  368.403595
379 -20.676939 -19.246887  191.761246  0.211996  2.306018      26.101257    417.387756  238.361359  12.482146  0.933172  400.858459
380 -17.847740 -10.335850  189.093063  0.154006  2.034784       8.307728    862.785950  206.710205  11.551873  1.841551  368.649841
381  -8.288415  -2.347526  189.353851  0.100917  1.038713      28.091494    720.418518  237.332657  11.661412  0.835868  268.805481
382   7.970140   3.013245  202.045319  0.108117  1.004571      26.548944    506.208557  212.253311  11.367828  1.912192  318.517578
383  -9.490533  -7.735680  192.581345  0.138984  2.228599      11.233993    432.175598  232.439545  12.156651  0.674920  348.548248
384 -16.218874 -10.435088  189.610123  0.159518  2.045267      16.828936    416.564270  198.906799  11.084521  1.111285  378.511169
385  -8.522064  -8.913086  190.735672  0.127670  2.336548      17.469551    963.438416  227.918991  11.643069  1.209035  303.858215
386  -5.671863  -2.620782  190.740738  0.129872  1.171665      12.002983    471.243530  197.731262  12.366884  1.401375  346.386536
387 -19.301973 -12.743001  201.842773  0.122592  1.392513      26.991589    596.567322  247.577698  11.273676  1.452250  335.315247
388  12.752541   3.477470  184.943878  0.134541  1.670239      18.332533    600.145691  236.684174  11.629778  1.287418  331.200409
389 -14.353803 -11.278759  190.000061  0.148313  2.072431      21.277573    774.800232  216.045532  12.062357  0.998618  309.686432
390 -11.365099 -12.337304  195.022507  0.145416  2.730096      18.917416    440.399994  244.387421  11.462909  1.095799  341.407196
391 -10.311090  -3.946043  191.173950  0.112283  1.076126      13.365284    768.587036  168.925171  10.520316  1.803723  332.285614
392  -7.630124  -4.179766  189.191559  0.128846  1.503343      14.702765    415.036621  205.660400  11.429400  0.615469  337.740387
393  -8.364648  -6.161947  192.538986  0.126465  1.745131      16.793081    425.820862  245.147629  11.293933  0.717056  330.296936
394 -18.812973  -6.685894  188.819366  0.130224  1.155436      16.864660    797.453796  197.228241  11.519844  1.909395  354.075256
395  -8.908751  -4.443585  188.851562  0.133827  1.274897      12.843978    402.185333  208.550858  12.527463  1.299482  369.424316
396 -17.760405  -9.818007  194.504456  0.141593  1.440022      10.194430    471.641846  226.043045  10.915030  1.403037  376.840607
397 -22.948057  -9.232651  190.052994  0.153444  1.001273       9.529950    828.512085  206.923416  12.518917  1.346983  370.558075
398  -8.826240  -3.574778  188.635483  0.121835  1.164788      25.025341    425.808685  228.403931  11.033577  1.239179  330.277710
399 -13.998994  -9.226973  195.157516  0.131211  1.910081      14.909254    916.732788  222.486893  10.939579  1.878628  339.950348
400 -14.524266 -14.600402  194.009140  0.179213  2.374462       8.412789    502.207458  232.089462  12.151702  1.048292  373.799713
401  -4.283998  -2.172255  185.296707  0.112317  1.733601      29.788618    643.834229  235.630951  11.900104  1.918171  308.240845
402  -2.229881  -1.815942  189.558258  0.121243  1.263222      19.123837    519.436279  178.040756  12.023529  1.654847  327.525360
403  -3.939339  -7.898632  197.258438  0.140377  2.111121      16.441671    435.599152  209.186188  10.965885  1.369059  344.144287
404  -2.316906  -1.046076  189.124008  0.107041  1.236051      22.927303    518.616577  234.149811  11.812691  1.761306  318.416626
405 -21.309652 -16.561575  190.852371  0.201973  1.973019      13.353545    453.538239  199.252945  11.751808  1.509612  413.914459
406  -0.768338  -1.525996  193.316666  0.104582  1.912577      22.487225    498.286316  235.766098  11.032020  1.445750  314.923553
407 -12.058012  -9.924539  190.925964  0.139701  2.041953      23.755802    470.546814  248.846359  10.850883  1.945938  341.316772
408 -19.535275 -26.599577  193.303360  0.218151  3.276893      24.475859    788.515320  244.152939  10.937102  1.760868  358.950043
409   0.283000  -0.436360  188.839813  0.120474  1.697293       9.131217    556.865723  243.327881  10.484239  1.477341  338.681061
410   5.600620  -0.152432  187.825912  0.117068  1.337500      23.849615    466.633606  225.352997  11.949618  1.252300  319.903290
411 -19.949327 -20.054108  188.974609  0.227626  2.438073      11.743400    433.040741  148.071579  10.872980  1.795852  426.112244
412  -2.943675  -1.983919  191.876526  0.110000  1.512624      21.735273    572.350220  240.175629  11.102905  0.683787  283.021179
413 -14.594920 -16.864973  191.344879  0.199236  2.310147      17.128986    402.355225  205.535812  10.785541  1.567466  393.809113
414 -18.174192  -8.691259  191.702713  0.139895  1.299731       9.190714    428.249725  209.520004  12.157963  1.319104  392.756165
415 -13.680958 -15.453979  194.237701  0.186453  2.215174      23.393953    519.479736  234.123901  12.172030  1.972721  359.739136
416 -10.994757  -7.043974  189.829239  0.122818  1.715655      18.592770    550.995911  247.699219  11.737580  1.643958  333.844452
417 -18.847063 -28.923283  192.013580  0.252002  3.155627      17.553135    531.104309  241.675446  11.384976  1.127419  378.567780
418   1.338549  -1.299489  192.649612  0.110066  1.580130       8.393791    740.016052  240.272202  12.000703  1.400905  327.773743
419 -11.164425  -6.649861  190.238113  0.134487  1.524883      25.431313    561.376160  218.279343  12.194760  1.992457  333.668427
420   2.640345   0.448093  197.765945  0.106358  1.481991      12.010653    673.364624  240.746155  11.270551  1.177676  314.433136
421 -23.044701 -13.837046  184.526443  0.184706  2.128107       9.161427    858.847290  238.270828  12.119548  1.496015  377.995087
422 -12.114095  -3.756002  187.128983  0.110982  1.127261      24.825397    554.480713  222.634109  10.175766  0.716344  292.000244
423 -14.281985 -14.296103  194.476562  0.169042  2.154469      12.284097    449.794556  201.870941  11.221023  1.816238  381.204468
424  -7.338797  -3.723096  193.383499  0.120133  1.287517      22.909597    412.749298  242.278671  11.896893  0.786205  321.524200
425  -1.187967  -4.275946  195.336899  0.122131  2.447275      18.090931    629.451477  205.228027  11.503657  1.729952  323.725830
426  -0.104470  -0.500440  188.669556  0.114319  1.267089      21.821661    650.243835  211.185135  12.076261  1.220812  305.324432
427  -4.110076  -2.697319  199.739807  0.120693  1.911989       9.567620    433.733459  244.278824  11.440631  0.414381  320.359741
428  -7.470017  -3.967323  187.840393  0.131676  1.201122      11.777150    936.958191  176.833099  11.492815  1.442611  325.836029
429 -13.760356 -15.948177  191.785599  0.164686  2.794449      23.810869    587.672974  178.040161  10.937059  1.174207  324.381683
430 -22.839445  -7.092356  181.442810  0.150853  1.770652      13.630227    536.037903  248.761703  12.282234  1.368144  377.965424
431 -14.922098  -6.829540  190.184082  0.116899  1.666368      11.415659    658.236938  213.277954  11.015503  0.794946  315.542145
432 -22.385422 -16.153090  188.680923  0.182971  2.543321      16.196970    684.964111  235.411453  11.924286  1.269562  368.195679
433 -13.573442 -11.902139  197.531158  0.131810  2.254568      14.899045    837.673218  239.198425  10.801391  1.707359  337.813202
434  -0.347189  -1.045520  190.076172  0.107557  1.310600      20.483025    529.139893  225.532928  10.073637  1.357739  313.925720
435   4.595237   2.505706  192.965958  0.130754  1.557305      14.637034    553.125793  205.536255  12.188684  1.251298  328.745819
436 -13.093721 -26.164314  189.523712  0.235709  3.284077      16.957949    576.135864  204.566254  11.293889  0.570589  306.797089
437   7.635389   2.930297  191.053528  0.113573  1.830384      26.062660    480.748505  179.427567  11.766869  0.818965  297.526550
438 -26.945644 -10.063190  190.087143  0.150073  1.110811      26.787888    895.217163  239.298477  11.115496  1.628834  362.577545
439  -9.170515 -13.872993  195.388000  0.147003  2.816792      13.098079    893.654663  233.244522  11.155319  0.818036  294.826385
440 -23.199551 -23.393215  193.978424  0.216564  2.556986      25.287619    707.836182  239.286407  10.960434  1.454425  374.015533
441  -0.069818  -0.797843  193.684586  0.106835  1.157736      20.663500    542.101135  244.692505  12.984624  0.948205  299.946747
442  -7.856046  -3.306639  191.444031  0.135508  1.056182      10.550529    444.487610  247.311020  12.227122  1.213524  355.098083
443 -28.182583 -25.249847  196.414963  0.226076  2.208725      18.294632    615.259277  233.653458  11.924788  0.882035  415.189270
444 -21.074770  -8.062785  187.098282  0.149061  1.297689       9.685499    699.959290  247.490494  11.977674  1.614067  374.707031
445  -1.513845  -0.479198  199.954529  0.096991  1.733867      19.172440    838.989502  224.882095  11.278916  1.178701  291.075714
446 -29.266233 -17.557631  187.933456  0.213736  2.002201      16.588676    497.297516  196.569199  11.752658  1.485283  440.870514
447 -15.905502  -5.629697  187.403625  0.143692  1.296047      14.186000    434.268188  233.714172  12.969165  1.779802  374.720367
448 -15.445788  -7.163491  185.964218  0.135096  1.836691      27.982862    477.401398  243.466644  12.227641  1.127161  326.282776
449 -16.391336  -7.844779  188.501678  0.140266  1.600215      16.515429    500.001465  232.728928  12.310226  0.725392  338.364227
450 -17.566845 -10.064308  188.143402  0.154339  2.217429      10.527327    734.029480  242.763458  12.193384  1.867619  367.840881
451 -20.011852 -16.346415  190.888672  0.181295  2.263854      27.128632    675.765442  242.257294  12.301184  1.727607  353.084564
452  -3.551928  -3.796749  187.386536  0.121337  1.934877      10.491801    579.505554  241.930405  10.940101  1.484821  338.200745
453  -4.387908  -2.546810  197.914948  0.107228  1.384860       9.870073    563.292542  207.580124  10.482805  1.375035  331.545074
454 -10.243276  -6.350318  190.791153  0.124680  1.653335      12.683715    893.347229  249.660843  12.258393  1.949880  336.066254
455 -18.501942 -17.783869  188.917862  0.208452  2.322041      14.011947    762.545837  220.070251  12.259093  1.337938  363.923462
456 -13.389655  -5.087584  191.110947  0.117258  1.168620      12.158502    651.749878  226.712112  10.853452  1.584033  343.622742
457 -16.530762 -13.199914  190.755264  0.179761  1.941405      11.383491    831.221680  183.685913  11.891348  1.329688  354.372009
458 -19.650454 -14.856507  189.178925  0.169764  2.630397      12.728007    510.298706  223.424271  11.156265  0.724773  362.215088
459 -17.436291 -21.107784  188.943176  0.212339  2.962987       8.476640    975.429077  232.795456  12.534853  1.424355  363.160095
460 -16.814156 -12.963972  191.952164  0.159817  2.056501      15.617183    810.287048  212.498703  12.065488  0.842045  319.241608
461  -6.761450  -6.182609  192.884674  0.115971  2.022296      22.691071    661.304749  225.404434  10.869716  0.705853  273.987701
462 -13.242842  -5.335698  191.029984  0.126729  1.060243       8.561470    712.484497  176.176147  11.076392  1.591888  350.635162
463  -9.316645 -17.294123  196.667603  0.186951  2.581787      21.436571    795.363098  232.954788  12.198368  1.552783  327.848511
464  21.678623  14.581738  192.195801  0.193703  2.163976      12.334183    825.142273  244.266891  13.839305  0.734327  343.532135
465 -16.499939  -7.531191  191.327667  0.132911  1.505863      28.424515    719.040649  204.100708  10.998241  1.335609  315.811493
466 -17.816477 -10.147565  195.802399  0.137201  1.355254      14.530460    592.244141  248.841446  11.843362  0.615711  323.122162
467 -14.786677 -32.113472  200.147751  0.260836  3.169015      22.513626    511.404846  213.848343  10.873495  1.488835  377.347321
468 -10.326606  -7.125615  196.467300  0.119656  1.538071      27.717016    493.510803  238.453751  10.917971  1.692836  319.205261
469 -25.329708 -21.327444  191.629456  0.212056  2.312492       9.761065    729.002319  249.112701  11.878378  1.754292  413.805634
470  -7.358833  -2.787233  187.835922  0.110013  1.162571      23.307720    757.111206  185.865738  12.051514  0.847542  278.362305
471 -16.909525 -12.127538  196.927933  0.139197  1.968341       9.212381    524.494324  248.759964  10.984222  0.909441  357.653198
472 -14.174545 -16.393471  195.790634  0.164934  2.742285      29.162579    876.997192  246.140305  11.370523  1.526646  317.913757
473  -6.774920  -3.220243  186.609818  0.123863  1.462752      22.445528    401.148682  240.920212  13.327991  1.839407  340.962067
474  -7.499047  -2.976362  188.097046  0.114448  1.351898      17.829885    648.285278  249.100693  11.780876  0.985485  304.875427
475   5.068200   1.055342  197.362946  0.104641  1.030884      21.347782    615.130798  225.901642  11.753785  1.549912  312.608154
476  -5.398383  -4.471390  193.239136  0.115304  1.772201      16.828127    584.254761  229.460968  10.773397  1.287053  317.381409
477  -6.199246  -3.513150  192.058243  0.124227  1.451016      10.580998    591.486938  213.737930  11.567279  1.578526  339.918976
478 -18.711103 -10.085680  190.882584  0.162296  1.499215      12.282507    442.972504  201.452118  11.156587  1.962241  394.488190
479   0.780573  -1.411623  195.632797  0.107895  1.544631      21.829639    775.473877  189.541977  10.895007  1.819706  310.232544
480  -1.621165 -13.840562  201.038834  0.143690  3.404166      18.983517    766.737549  227.650864  10.524777  1.761338  318.000183
481   3.197128  -0.526603  191.307648  0.101006  1.301853      19.185841    980.946838  216.380478  12.006790  1.550100  301.781769
482 -22.498459 -19.423578  185.667114  0.208960  2.821634      23.066801    435.267975  245.427414  11.586703  1.406036  396.072662
483 -19.874945 -34.770081  197.604233  0.297947  2.861423      26.890751    655.467285  220.664917  11.600046  0.716873  360.095215
484 -12.931705  -5.666641  191.805832  0.114252  1.417979      15.758582    752.054443  245.351456  11.045696  1.071805  310.676117
485  -8.223643  -4.981556  191.751907  0.133549  1.369747      16.767237    405.575439  235.892242  11.579751  1.034211  350.480103
486   5.207070   1.319495  194.414017  0.099025  1.434251      28.836798    436.084595  200.905777  11.403722  0.449146  270.609436
487 -15.308521 -20.367752  193.260620  0.211586  2.624763      21.107386    554.683899  204.040421  12.223927  1.183473  354.924316
488  -4.254649  -1.695768  189.599106  0.122569  1.853804      21.733103    413.277252  222.208908  10.510861  1.538951  334.546631
489 -29.686403 -13.916803  187.589493  0.189260  1.558415      11.136698    929.379028  212.774704  11.877080  1.382213  403.644897
490 -12.115883  -4.425098  190.115524  0.138400  1.043386      12.080058    429.620850  241.294556  11.555011  1.869659  373.088776
491   4.425994  -0.002939  191.059372  0.108782  1.342330      19.909243    637.065369  223.196167  10.694956  1.705284  317.827301
492 -15.478703  -7.369295  185.619034  0.150551  1.717865       9.739348    408.601074  209.740143  11.938149  1.829354  394.280273
493  -6.951229 -13.050179  194.646469  0.148956  3.457590      19.300995    786.486450  225.391510  10.740170  1.985398  331.057068
494   2.635312   0.449516  190.500290  0.104496  1.877728      20.876652    764.857971  239.797348  11.318734  0.671881  264.229034
495   9.506765   2.558640  192.940735  0.120597  1.103934      20.132967    455.164246  245.278503  11.348659  1.335389  330.020905
496  -8.723334  -8.120942  195.506332  0.124813  2.102655      11.642712    790.585083  229.151077  10.913562  1.640365  331.392578
497 -14.189597  -5.126667  191.165436  0.111587  1.001147      20.232433    839.137390  231.994339  12.421710  1.878351  324.766449
498  -3.247649  -3.440011  195.590546  0.125046  1.933823      16.154099    453.691833  249.064880  12.170667  1.037348  331.860901
499 -25.500811 -13.969549  187.339417  0.175332  2.065760      14.703498    689.106812  249.860596  12.397770  0.930852  369.416046
500  -0.672623  -1.942843  192.471695  0.112883  1.400133      20.770926    534.740173  213.664276  10.668102  1.164522  307.655243
501  -0.215920  -0.745043  184.663177  0.113432  1.613992      17.464275    675.519531  239.901443  11.077246  0.911002  296.309875
502  -1.647733  -1.202948  192.463272  0.111295  1.373414      11.392966    591.572998  241.977997  11.173761  1.387421  329.862854
503  -8.288340  -8.464938  189.795975  0.141825  2.653915      16.910818    487.956146  234.657074  10.688732  1.794176  348.909943
504 -21.092026 -35.329037  187.520142  0.303401  3.462099      21.185888    468.678833  247.723679  11.169082  0.880576  380.136414
505   0.297885   1.457333  194.929382  0.117924  1.811917      27.669205    598.018616  225.337296  11.337822  1.738333  308.938965
506  -3.460933  -1.345716  189.403763  0.110718  1.621716      25.911032    404.490662  241.032425  12.648447  0.553067  299.498505
507  -8.429089  -5.234945  187.831711  0.132891  1.413731      11.666800    588.947937  231.581085  11.748858  1.060052  327.552063
508 -13.064912  -6.736441  188.189682  0.149955  1.436322      11.826294    403.060303  189.174423  10.551444  1.618269  388.243042
509 -14.313446 -10.002703  187.212463  0.165566  1.979915      11.783222    403.523590  206.647583  12.335576  0.901463  390.269135
510 -15.389589 -23.132181  196.650101  0.218165  2.832307      16.388052    442.115570  194.613892  12.416885  1.220008  390.986572
511   2.582238  -0.403381  182.565460  0.120512  1.201623      13.263442    540.414185  217.475693  11.870394  1.085284  325.478668