           lon        lat         inc      D1AU     delta  launch radius  launch speed    t factor       B1AU     gamma         vsw
0    15.513042  -5.777987  345.591309  0.099541  2.656883           35.0    358.277527   69.177086  13.227535  3.770415  307.965240
1    13.310187 -11.947660  342.650574  0.091065  5.294157           35.0    486.343567 -199.977249  13.592543  3.063868  287.925018
2    11.073080   1.082008  354.397888  0.093725  7.834604           35.0    526.731934  169.783844  11.649891  3.183240  281.625305
3     8.835034  -4.457516  349.792725  0.092114  5.229349           35.0    572.118958 -207.831497  13.575310  2.974343  276.865265
4     6.819658  -8.074402  340.863312  0.091545  4.388951           35.0    649.040405 -220.686829  13.360137  3.900896  276.370636
5    10.976939 -13.443725  354.485077  0.106089  6.053292           35.0    408.760223 -218.908737  12.339975  2.821126  287.717407
6     3.665964  -5.878841  347.891541  0.097382  3.306544           35.0    411.446106 -233.254547  15.508842  3.694983  280.685760
7    14.407238  -1.865683  347.292480  0.101068  5.561894           35.0    507.010956 -239.773712  11.414133  2.469385  282.998077
8     7.627440 -14.822730  347.667511  0.092541  7.927303           35.0    508.439789   -1.896286  13.586038  3.138584  275.370819
9     2.877573  -7.804777  349.404327  0.082299  6.693458           35.0    375.569366 -183.685501  12.490790  3.306807  281.183380
10    9.528514  -3.593071  348.960999  0.078846  7.310990           35.0    560.089172 -130.815430  14.137089  3.795768  282.953278
11   10.944324  -4.486024  345.194824  0.097235  8.110724           35.0    406.144928 -217.566116  11.056103  2.288986  282.489349
12   10.875196  -0.444690  346.205261  0.092828  5.841457           35.0    467.255585 -195.751938  13.912120  2.650629  280.086487
13    5.477290  -7.953181  355.865662  0.095399  6.734317           35.0    467.425140 -171.212646  13.831602  3.516303  278.929779
14    9.240714  -7.544991  349.365356  0.077181  8.589501           35.0    424.770782 -184.298553  14.643239  2.955086  286.085571
15    6.873686  -0.931798  356.668640  0.092489  8.660243           35.0    422.758331  239.842758  13.447825  2.649255  278.579315
16    6.017407  -5.137621  351.611115  0.085617  6.323976           35.0    479.177734   70.081932  14.260281  3.451125  276.818665
17   13.639947 -12.689418  342.727966  0.077529  4.236618           35.0    481.808655 -228.056763  13.182617  3.657675  293.810883
18    9.506803   1.482556  342.418182  0.086550  6.872200           35.0    500.911438  191.304245  12.469213  3.701275  276.882507
19    8.301571  -8.367492  357.355774  0.107599  4.131878           35.0    504.626190 -214.428909  13.609213  3.887280  285.584015
20   13.151244 -13.425143  343.671509  0.072425  5.078134           35.0    523.057678 -101.834946  13.186948  3.633715  290.666748
21    4.290517 -21.441824  340.392670  0.099844  7.322228           35.0    365.232635 -143.615204  12.425879  2.803919  281.170471
22   10.298516  -3.770099  352.854858  0.096649  1.825857           35.0    511.862396 -158.490463  13.227527  3.228133  284.935425
23    7.390118 -13.154574  347.836060  0.108485  4.379095           35.0    389.606995 -194.334747  14.300398  2.537156  285.403870
24   10.740991  -4.566304  356.687714  0.094698  8.045908           35.0    490.276489  -74.687531  13.139190  2.504024  280.056305
25    8.809936  -8.761021  345.583496  0.078175  5.639058           35.0    391.142487  -81.123894  15.041684  2.461026  283.727203
26   12.733021 -14.498012  346.945740  0.105540  4.714193           35.0    416.266846 -161.955566  13.562021  3.243027  294.941284
27   14.575450  -6.472151  349.872803  0.091103  2.564781           35.0    527.846436   -1.441013  13.230294  3.197250  290.336578
28    7.232053 -14.055058  351.575531  0.082611  7.014330           35.0    603.917419 -167.492020  14.093371  3.826054  276.203064
29    9.982219 -20.778137  351.355835  0.143010  3.835220           35.0    678.889648  -86.230156  12.696162  3.143181  283.379303
30    4.371787 -13.832846  348.628876  0.101333  6.625852           35.0    397.906525  -76.697151  12.022759  3.211708  280.652863
31   12.254538   2.024806  351.253479  0.103318  4.017230           35.0    466.006409  -81.375885  12.544548  2.455894  284.514343
32    8.413160 -14.581053  347.469696  0.098894  5.869287           35.0    497.970459 -241.506927  12.476027  3.441705  281.520538
33    9.850184  -5.813326  351.896423  0.068712  7.748312           35.0    504.543304 -220.120636  14.904463  3.111634  278.899017
34    7.315785  -8.661900  353.192200  0.091781  7.888867           35.0    423.683990   48.457371  12.441582  3.280083  281.886597
35   10.512844   5.587553  345.349396  0.116699  4.888402           35.0    358.080383 -170.651215  13.391689  3.263988  286.569611
36   10.709955  -9.528396  344.744141  0.093964  7.921047           35.0    406.342438 -145.388657  12.628494  2.494790  286.210388
37    5.502238 -13.257660  343.717499  0.090079  3.780234           35.0    413.977112 -214.285873  13.521263  2.667531  277.198456
38    9.051971  -6.832570  347.054565  0.085617  8.242048           35.0    614.644348 -135.734650  14.433329  3.167204  277.190094
39    6.596527  -9.420342  354.162689  0.085468  3.600950           35.0    467.375916   29.506647  13.998592  3.321032  278.193329
40    8.874922  -8.498773  344.202209  0.085139  1.149478           35.0    516.889099 -204.348495  14.560553  3.915149  284.420593
41    8.579876  -6.123381  347.097412  0.088859  4.330283           35.0    370.329620 -148.162506  11.669795  2.349302  285.696106
42    9.852590  -7.168839  346.772308  0.085380  2.009244           35.0    388.903259  -76.075157  14.103200  2.865864  289.506683
43    7.523483 -10.387470  354.658508  0.099820  3.677289           35.0    721.026917  -68.158951  12.751484  3.439937  276.951477
44    6.337376  -4.607162  357.105743  0.086687  2.695330           35.0    424.961029 -208.243393  13.628840  3.707229  284.516510
45    2.521643 -15.041426  353.208405  0.088378  8.766219           35.0    445.398773  137.876831  11.485544  3.861018  277.073792
46    7.083083   0.224183  352.838898  0.095308  6.554746           35.0    621.876038   21.265612  13.907481  3.657931  276.437073
47    7.508028  -4.609707  339.599915  0.091711  4.238296           35.0    557.541199 -211.692337  12.311309  3.693787  275.593536
48    5.496941  -3.646896  345.781433  0.070960  6.732334           35.0    553.450989  -90.621681  14.532148  3.797371  275.675262
49    5.935751 -15.042569  342.759949  0.109409  3.301320           35.0    394.457977  -99.963310  13.022122  2.171782  280.716125
50    8.366858 -19.755981  348.055389  0.100451  6.325636           35.0    529.601746 -183.735443  11.935540  3.441218  282.835632
51    6.409827 -10.145762  344.505951  0.085029  3.577467           35.0    396.285187 -232.233353  11.953781  3.236143  281.041382
52   12.565484   3.945308  342.599731  0.099456  7.716984           35.0    487.695526 -209.182739  12.478285  3.716839  282.073883
53   13.189117  -3.589748  351.107788  0.072547  4.712591           35.0    535.862793  -95.855186  12.449049  2.624346  277.221497
54   12.860247  -5.193355  355.672424  0.084966  5.924468           35.0    421.592163  -42.407646  12.829333  1.668181  279.494232
55   13.479229  -5.889330  351.554810  0.094469  5.492305           35.0    677.822632 -115.982277  12.716337  3.452641  284.282928
56    3.917358  -1.156295  351.634705  0.100075  3.773818           35.0    528.298340  -27.729313  14.625819  3.916167  277.185364
57    5.031617  -5.098987  341.647705  0.094938  3.749504           35.0    386.321625 -225.586792  14.160287  3.151454  280.858551
58    9.277663  -7.494950  352.932068  0.072047  5.428508           35.0    392.249542 -235.644394  13.759408  3.647584  286.252716
59    0.343731  -7.747419  346.526855  0.074465  5.520742           35.0    455.482269 -158.785797  12.534035  3.971031  275.261292
60   12.773996  -8.282621  350.454468  0.073035  7.840878           35.0    585.124939 -136.395050  12.771030  3.057577  284.154602
61    6.508586 -15.214475  343.357605  0.109950  5.106240           35.0    566.719055  191.743378  12.701433  3.634527  281.433167
62    4.742229  -4.210943  348.140839  0.074620  3.705211           35.0    354.384827  -18.641241  14.225320  2.602232  280.232819
63   13.143677  -4.006594  349.826263  0.083700  5.425871           35.0    482.875702  145.904053  13.909454  3.083361  289.066559
64    4.629847  -2.486606  347.893555  0.111368  1.249899           35.0    400.970825  -17.922714  13.419949  3.969535  292.746826
65   14.826070  -4.214965  351.861908  0.087250  8.742907           35.0    601.806824 -183.568893  13.776465  2.181411  278.035706
66    4.281579   1.462911  352.684998  0.111788  2.606162           35.0    539.169861 -199.079514  12.830716  3.347369  276.415619
67    6.906681 -12.092974  345.523102  0.101752  3.207475           35.0    392.403412   47.042404  13.988406  3.880095  291.288361
68    6.428416  -9.254270  354.820160  0.087681  6.872392           35.0    442.268555  176.478226  12.196233  2.788392  275.509338
69    7.564654  -7.408267  352.664185  0.090963  7.120245           35.0    383.998108 -224.536469  11.266701  3.860582  289.891296
70    9.074064  -6.131950  351.612457  0.069736  7.027813           35.0    635.089844  -95.178780  13.738873  3.256449  276.376801
71   10.483426  -5.259384  347.410461  0.101629  5.741934           35.0    432.996704 -214.592377  12.541017  3.107968  286.576447
72    6.778942  -7.875477  358.922180  0.090277  2.851627           35.0    607.811951 -156.257523  14.073513  3.648448  277.276001
73    9.660062  -5.526377  349.335846  0.080830  6.840588           35.0    361.163879 -134.528107  12.379277  3.131776  287.102539
74    4.651092  -8.070943  337.485718  0.084028  6.879881           35.0    350.243835  -80.178329  11.337152  2.095493  278.077362
75    8.740635  -7.990930  353.738007  0.098509  4.739997           35.0    386.527588   89.847527  14.701784  2.981323  286.706024
76   17.874222 -17.637774  352.418335  0.115459  4.410932           35.0    522.372314 -199.619293  13.299544  3.881452  309.989258
77    8.928301  -9.375834  341.912872  0.085682  7.449772           35.0    404.359039   53.034313  12.962057  3.333974  288.548065
78    9.272700 -12.731417  348.969330  0.077257  8.240586           35.0    539.527954   83.908867  12.945637  3.907149  285.650726
79   12.232548  -4.195120  352.136139  0.091279  3.239113           35.0    405.044678 -164.491241  13.128251  3.317072  292.778412
80   12.102472   5.328870  346.350830  0.099395  6.757173           35.0    437.219543  152.972610  10.585978  3.809057  281.391724
81   12.291774   1.594076  351.837097  0.108567  3.831514           35.0    570.018005   66.941635  13.969666  3.793223  288.374115
82   10.792768   3.534597  355.241058  0.105951  5.479967           35.0    527.795837 -195.661285  13.134567  3.070237  281.376831
83    6.890381  -3.622054  350.752258  0.072351  7.133980           35.0    575.681213  -79.468475  14.020500  3.668706  277.621185
84    9.877974   2.436977  346.068298  0.096476  7.639530           35.0    427.216675 -233.923615  12.527014  3.204169  278.257812
85   13.459243  -2.041443  351.629425  0.098967  6.396376           35.0    434.140747  -58.265182  14.516903  2.859299  289.975830
86   12.664081   0.845510  350.407623  0.107197  5.187307           35.0    494.555176  -12.417515  12.881009  3.972528  290.886658
87   11.219001  -3.822337  343.436798  0.087164  4.280004           35.0    455.011566  -84.938583  13.965405  3.390112  283.086853
88    8.551785 -12.731749  352.705353  0.101123  4.654088           35.0    354.674225 -154.105698  12.965648  2.089809  283.404449
89    5.249601  -9.330738  347.586304  0.088180  4.993810           35.0    455.331421  -71.703217  13.179923  3.643009  283.065155
90   13.069142 -21.914064  348.610138  0.116105  7.019083           35.0    734.556213 -217.662613  11.264997  3.475812  287.689728
91   11.619109   1.233876  351.711151  0.092368  5.941298           35.0    616.953247   12.015632  12.947386  3.523727  276.737610
92   12.848228  -1.743809  348.320709  0.097149  3.460457           35.0    609.549927  -30.299879  14.186472  2.651576  278.868896
93    7.802571  -6.148881  347.372467  0.083278  6.804545           35.0    450.723083  -98.246048  13.553483  3.901392  284.759125
94    7.829962 -15.140411  348.373444  0.091470  7.579041           35.0    415.879028 -123.919426  15.410630  3.761759  282.561951
95   13.408717  -6.678889  347.318329  0.080366  4.981791           35.0    487.691010 -225.112656  12.231933  3.477539  289.743896
96    4.528527  -2.736713  349.650696  0.073238  5.133233           35.0    496.134064 -239.584976  13.041334  3.656364  276.668396
97   17.933437   2.369822  350.056396  0.085961  8.642265           35.0    479.792175 -174.292511  11.065375  3.936686  299.782471
98    5.201547 -12.702085  345.786743  0.093635  5.733180           35.0    367.513306 -217.803772  14.591973  1.952033  276.460907
99    6.747547   1.866654  343.097168  0.105534  4.715828           35.0    504.815216 -190.449371  12.112350  3.576210  275.286133
100   4.926826   2.321892  350.701172  0.097561  3.810486           35.0    411.398834 -194.477493  11.578091  3.357195  278.269073
101  12.234361  -7.263252  345.699127  0.080605  5.174441           35.0    443.927521 -230.817032  12.509879  3.655807  294.174347
102  15.092881  -9.413904  356.309479  0.093584  8.800941           35.0    401.341705  -32.747021  12.589986  3.700026  301.597778
103   8.315273  -3.739436  342.552368  0.096038  6.076901           35.0    694.129761 -187.205032  11.967635  3.883752  277.546936
104  13.811719 -20.904327  342.653107  0.131087  3.661330           35.0    432.031036 -185.638718  14.106157  3.588223  307.606842
105  11.977835 -12.011568  357.732391  0.107309  3.889070           35.0    544.299500  -84.933441  13.413461  3.682657  289.529449
106  16.810345  -8.677711  346.795288  0.086844  4.456750           35.0    404.312958 -111.032768  12.755369  3.456648  302.026001
107  10.149002  -1.545747  341.662537  0.093518  6.597888           35.0    690.026917 -106.781769  11.540919  3.968317  277.092316
108   3.365418   5.561292  353.220245  0.102406  5.027436           35.0    396.016449   -5.412081  13.099160  3.615001  276.299561
109   7.248699 -15.409039  348.847443  0.115410  3.396304           35.0    486.141632 -138.496429  13.145697  2.890026  282.135956
110   8.807012   5.685902  348.785156  0.108772  6.168089           35.0    359.546722  -37.909695  14.263368  3.278551  281.469238
111  12.064410   2.889535  355.400513  0.098652  8.792170           35.0    431.783691 -111.674454  12.675355  2.859317  285.663422
112  10.469113 -24.588285  346.784302  0.136261  4.928920           35.0    419.529602 -249.363632  11.492554  2.275940  285.596619
113   4.962260 -14.088380  341.291626  0.092791  5.173395           35.0    565.016357 -185.486938  12.377494  3.646988  276.013214
114  11.226131  -5.410325  345.076202  0.100746  4.712324           35.0    532.856323 -208.731934  12.048101  3.561410  285.621948
115   8.663380  -6.482308  348.385284  0.100431  3.239531           35.0    390.337128 -167.837402  13.329994  2.044971  280.371307
116   2.519628  -3.283004  348.536285  0.095547  1.253527           35.0    395.127991 -204.675003  14.813747  2.592952  275.083313
117  11.289912  -2.387947  354.726746  0.085259  4.211375           35.0    465.067902 -203.148911  12.202814  3.678097  290.161743
118  12.817974  -1.640825  355.413391  0.087799  7.740626           35.0    567.385864 -160.412445  13.812423  3.223509  282.882507
119  17.040590  -1.284604  344.843170  0.087360  6.769740           35.0    656.301331 -153.348541  11.970366  2.833914  279.963562
120   9.160696  -1.426880  357.842529  0.079181  7.605794           35.0    516.332336 -109.572098  13.619683  3.926735  282.133728
121  11.393612 -24.131300  342.729797  0.145414  4.074726           35.0    362.831177 -222.534073  12.990504  0.861766  285.560638
122   5.561784 -13.679776  348.723419  0.103264  5.850270           35.0    515.666443  146.877823  13.143126  3.153263  275.676849
123   4.991764  -4.857146  350.510742  0.098150  5.023278           35.0    390.564819 -244.613815  14.654537  3.035786  282.952271
124  13.212509 -14.250306  351.875336  0.111318  3.609869           35.0    653.722656  -49.040413  12.535362  2.854934  285.543762
125   8.491584  11.945669  352.908234  0.165031  4.147830           35.0    399.883392  -70.455933  11.610726  3.256967  283.677917
126   7.019978  -6.777729  352.586823  0.086389  1.292836           35.0    424.824005  -82.835876  12.310534  3.733909  284.404297
127  11.966903  -6.109406  352.949738  0.074582  6.844214           35.0    693.281555  -29.165169  12.225998  3.281324  277.246185
128   6.258918  -5.763561  350.823883  0.090065  7.542073           35.0    360.981262  -84.969429  13.388750  3.144724  286.648529
129   3.431103 -15.437867  351.453094  0.098235  5.303559           35.0    372.826721 -235.541565  13.907134  3.040506  279.487610
130  14.993661  -9.196723  347.681824  0.083367  2.230085           35.0    470.487823 -214.808990  14.494887  1.676136  278.349701
131   8.979914  -3.704120  349.948395  0.079252  4.891110           35.0    352.783112 -147.580490  12.304434  3.436717  289.470306
132   9.156940 -15.751294  349.712067  0.080987  7.302312           35.0    446.748657   34.584362  11.642038  2.780441  277.916168
133   9.652364 -12.580579  358.777161  0.097845  4.077641           35.0    369.781982 -220.832260  13.604148  3.610815  292.496521
134   5.961510  -7.070043  338.052155  0.094289  3.445345           35.0    365.318207 -248.466934  13.264556  2.673002  281.627991
135   9.820668  -5.494964  344.951813  0.088681  5.405600           35.0    537.701965 -195.447006  13.521091  3.583467  280.257690
136  17.236393  -5.663883  354.083984  0.086127  7.010116           35.0    429.836029 -191.893814  12.411880  3.522516  301.152802
137   2.233714 -24.353043  341.615479  0.129166  6.026819           35.0    394.621857  -49.574570  12.690354  3.136833  279.555481
138  11.667253  -5.699300  351.702209  0.067847  6.554038           35.0    639.145264 -125.107880  11.529307  3.268991  277.959503
139  12.658307  -4.215115  347.223969  0.079889  5.820365           35.0    550.413208 -118.550644  12.166242  2.526779  277.794891
140   8.982314   5.767864  346.687469  0.107539  6.501238           35.0    354.673523 -179.959839  12.785697  3.778506  286.561127
141  11.977102   5.416988  345.609375  0.099829  6.507154           35.0    512.812500   -8.382586  11.138057  3.578472  279.201385
142  13.573723 -16.605680  344.260254  0.103470  4.959059           35.0    398.097992  -41.799938  12.608764  1.682894  286.286926
143  16.996788 -20.892546  356.550140  0.129263  5.093548           35.0    635.041443 -172.575592  12.391616  3.637725  298.980957
144  11.444516   2.296465  349.751038  0.103100  5.030221           35.0    748.309143 -107.454941  12.259254  3.809538  278.318695
145   9.007970  -2.429968  353.041443  0.092945  5.044507           35.0    591.684326  -55.489510  14.866255  3.771397  282.622803
146  14.891856   0.565228  346.903778  0.083875  7.267673           35.0    513.880615   44.529797  14.491223  3.260215  283.112823
147  14.831896  -5.893128  356.890778  0.086106  8.102560           35.0    536.865601 -115.258308  12.484304  3.571101  291.695557
148  13.896858   2.766009  347.811676  0.093625  6.876874           35.0    648.023926   -4.355188  11.693870  3.607063  280.259918
149   9.604739  -2.357055  357.141174  0.075418  7.333333           35.0    552.616821  129.391129  13.721187  3.611187  283.947357
150  13.602335  -3.467795  343.527771  0.115748  3.039402           35.0    553.213135 -245.918411  14.135512  2.354510  281.109039
151  10.777843  -5.971876  348.943756  0.079141  7.840587           35.0    375.929169  -33.971016  14.021460  3.123580  288.465576
152  13.811879  -8.919948  350.641327  0.096838  1.499515           35.0    654.970215 -131.665405  12.345692  3.268593  284.740295
153   8.473823   5.423343  345.630585  0.121602  5.960524           35.0    450.633301 -209.801819  14.298013  3.393784  277.921234
154  12.691669 -14.613463  354.972137  0.100595  5.806414           35.0    355.688080 -176.463104  13.728461  2.561074  292.160889
155   4.331116   1.025822  345.768127  0.081269  7.354501           35.0    508.341553 -241.166824  13.583306  3.936212  276.525299
156  11.158959 -10.609504  346.696442  0.091007  8.403524           35.0    567.639526  -23.877712  13.665730  3.659544  285.688477
157   6.887021 -12.802391  350.184814  0.078793  7.875978           35.0    425.767456 -102.957695  13.218613  3.965815  282.085083
158  13.278025   1.657596  344.954102  0.084693  8.875275           35.0    441.808380  -58.579998  12.131443  3.477517  283.942505
159  13.975877 -11.649159  342.649628  0.110720  1.141040           35.0    447.639038 -132.982483  13.295988  3.706758  303.004883
160  17.907867 -12.233385  347.845276  0.079492  6.822683           35.0    709.392090 -132.235764  12.949888  2.056854  280.456451
161  13.337479 -20.122162  350.350647  0.127632  4.726588           35.0    577.137390  -70.284798  11.870054  3.078046  290.022797
162  13.396913 -14.844185  357.389282  0.083100  7.631512           35.0    622.206726 -175.895081  13.460168  3.465965  280.834290
163   3.120631 -11.625549  342.649109  0.107509  2.262009           35.0    582.306335    9.292409  12.156318  3.541834  279.340363
164   6.749187 -15.212008  346.342407  0.085236  6.727990           35.0    508.479248  -33.442768  13.413816  3.277687  279.544098
165  11.270581  -2.101822  347.987976  0.073788  7.017462           35.0    540.432861  185.815857  12.901232  3.555691  283.323822
166  11.741991   2.810124  346.211151  0.089103  5.460143           35.0    709.096069 -151.461105  12.137758  3.929011  276.369110
167  -1.685438   1.088851  340.448792  0.086420  3.830589           35.0    366.342377 -180.654404  13.839036  3.358313  279.079224
168  13.407586  -7.956911  347.903473  0.072454  6.351094           35.0    690.945374 -211.397949  14.005733  3.473936  286.521606
169  13.782787   1.821845  348.285919  0.095877  7.701293           35.0    401.342285 -161.494751  12.654368  3.566522  289.880890
170  10.646712  -3.711467  342.965515  0.081773  7.903014           35.0    413.336792   97.055397  11.723850  2.542923  279.340881
171   9.208010  -7.709148  354.938538  0.097908  6.159535           35.0    585.670105 -198.134476  12.480047  3.309299  280.338684
172   4.122250  -2.175322  354.667114  0.085863  3.846135           35.0    389.962860 -161.102188  13.982465  2.386367  276.747253
173  10.606174  -7.024481  351.180695  0.074941  2.156340           35.0    522.533569 -105.506447  13.185176  2.603949  275.528351
174   4.198805  -7.096386  348.218445  0.075139  4.500675           35.0    431.632812 -116.162476  13.280683  3.418395  278.323181
175  11.815957  -6.308688  349.100342  0.069484  7.403884           35.0    595.085571 -168.769211  15.448670  3.889928  286.269775
176  14.515658  -6.961544  350.223999  0.096379  5.633852           35.0    369.675720 -239.287415  13.949674  1.069173  284.514221
177  12.667324  -5.227131  353.447266  0.083439  3.371200           35.0    522.037415 -201.168320  11.135181  2.899381  283.336487
178  10.310151   2.888686  344.633820  0.097616  5.254529           35.0    482.936340 -216.466934  13.090421  3.181615  278.176361
179   5.019759 -12.462099  353.869476  0.079815  8.180843           35.0    436.551971 -201.602737  14.466433  2.870223  276.212677
180  14.045382 -14.838297  351.520294  0.081704  5.935026           35.0    694.706848 -145.934952  13.535563  3.425608  287.266724
181  16.013430  -8.607240  347.997070  0.079374  1.439475           35.0    611.440430 -192.658142  14.062226  3.725760  293.932831
182  17.483278  -7.283118  342.938110  0.077482  5.349951           35.0    639.762695  -91.452133  12.316057  2.818328  288.917603
183  15.740222 -15.484172  348.762238  0.096998  6.104051           35.0    441.860779 -121.425766  13.273207  2.674879  296.770020
184   4.326885 -20.552282  347.289703  0.107228  7.082325           35.0    396.661804  -20.641333  13.333328  2.805160  276.608124
185   6.909339 -14.144330  347.097931  0.100845  4.635013           35.0    375.762238  -11.181772  11.907637  2.665647  285.815369
186   7.004463  -9.537721  355.063202  0.088758  5.915639           35.0    448.535217   63.821632  14.002125  2.809524  278.918915
187  14.001938  -8.077142  354.073425  0.083763  2.985029           35.0    722.869324 -219.690521  12.151855  3.856806  288.353027
188   4.786843  -4.357642  352.109253  0.083811  2.885898           35.0    381.692719  -61.539341  15.239756  3.462605  285.631012
189   8.041021  -3.292131  350.319275  0.101946  2.862000           35.0    352.976532    9.086549  13.759831  3.456593  292.450928
190   8.754205 -19.467804  342.463348  0.090110  8.192715           35.0    688.830750 -191.851273  12.027837  3.561340  281.450989
191  14.428975  -8.735839  356.808380  0.085974  3.218301           35.0    460.366699 -229.712128  13.904617  3.119929  295.749756
192  12.506220  -2.674589  349.819183  0.084104  4.379625           35.0    366.964264  -38.060253  13.501037  1.664106  285.683136
193   7.348497  -3.045563  354.818451  0.077352  7.416643           35.0    652.370544 -144.901749  11.182360  3.250804  275.180969
194   8.039210   5.538514  354.066162  0.082047  7.679098           35.0    456.190308 -161.228790  11.995149  3.798632  276.836639
195  19.462906 -12.983221  353.018097  0.100018  3.351682           35.0    526.543762 -243.519531  12.130033  2.149796  295.952271
196  10.103098 -12.957835  356.995148  0.094392  8.261242           35.0    584.720886 -206.320923  12.964192  3.289350  275.954163
197   9.604621  -4.623138  348.682800  0.088960  3.848011           35.0    683.117798 -126.707336  14.016495  3.742911  278.176361
198  14.753836  -1.248239  358.374023  0.082939  7.039417           35.0    587.891296  -32.492565  13.017074  2.858408  281.027313
199   9.389880   0.067854  348.433807  0.081410  7.357064           35.0    566.144531  -10.465012  13.136250  3.618057  276.879974
200   6.731101  -6.433291  341.337952  0.086292  3.069940           35.0    494.591248 -165.217117  12.428838  3.814422  277.613190
201  12.519491  -9.580873  358.990936  0.084982  5.986655           35.0    429.264465 -164.008362  12.631248  2.385208  286.361420
202   9.580692  -8.490585  341.182648  0.097752  4.998011           35.0    350.045868 -156.008774  12.307611  3.631093  297.132355
203   9.599314 -10.864830  345.203064  0.079746  7.647002           35.0    472.318207  229.674301  14.077896  3.563397  285.940002
204   9.886576  -2.680094  351.446167  0.082609  8.449241           35.0    457.235229  -17.676329  12.542342  2.609038  279.667786
205   9.156824   4.210789  344.898621  0.105774  7.553255           35.0    602.779175  -23.643589  13.220481  3.896056  275.583405
206   8.666786 -15.493865  353.022980  0.087231  5.990366           35.0    653.165649 -222.465317  12.974472  3.273342  275.550140
207  10.038528 -15.950565  347.870544  0.080991  8.055570           35.0    604.408386 -156.888519  12.374296  3.968894  284.719360
208   4.992395  -3.663547  345.642090  0.070098  7.082558           35.0    365.382263   66.715973  13.326202  3.394928  280.311615
209   5.999193 -10.543204  340.586060  0.103454  1.922556           35.0    361.307922 -216.525482  13.067235  3.763361  292.271057
210   5.357987   1.348218  346.828491  0.098385  7.599885           35.0    487.659821  213.458435  11.669410  3.943468  275.091888
211   9.279696  -7.722378  342.373657  0.069826  6.530714           35.0    498.316559 -139.506973  14.183180  3.727449  282.434692
212  13.988596  -7.237635  349.424530  0.079373  8.057731           35.0    496.498505   -3.239150  12.911217  2.528453  285.668915
213  12.022861 -16.082718  351.956421  0.113612  5.924308           35.0    367.515167  114.802620  13.047654  1.554272  285.056244
214  12.621050 -14.797454  350.201385  0.079708  8.142836           35.0    534.663025 -107.504128  14.022782  2.965216  286.221405
215  10.371207 -16.536997  350.797577  0.140065  2.675116           35.0    463.157501 -159.273880  13.793638  1.555914  279.963989
216  10.478721 -14.862164  346.627930  0.107828  4.735453           35.0    559.998413  -77.749397  13.872436  2.446193  277.810913
217   8.452689  -7.837327  346.844788  0.083046  2.546224           35.0    542.282410 -129.453598  13.872760  3.247932  279.135498
218  11.365372 -12.552051  348.182983  0.093401  4.360629           35.0    457.846954 -201.345306  12.511539  3.997878  295.057465
219  12.339587  -9.510303  354.776855  0.082679  4.136084           35.0    551.330139   27.766041  14.791670  3.029849  280.543274
220   6.466027 -13.698216  356.517365  0.087979  5.702770           35.0    395.454498 -108.530449  13.815297  3.007648  278.304352
221   9.682237   3.910115  352.420227  0.103408  6.070140           35.0    435.378235 -209.829849  12.879250  2.577764  276.296448
222  13.704445 -17.804911  354.828308  0.097913  5.601526           35.0    745.016724 -189.791199  11.816350  3.150406  282.018738
223  11.298515 -22.823992  341.110077  0.173631  2.819972           35.0    512.949707 -166.770401  12.915834  1.506039  284.346375
224   7.753873  -8.537890  341.451721  0.095860  1.090321           35.0    540.767822  -26.393351  12.406901  3.824137  281.024689
225   2.936360  -8.707576  341.168518  0.093764  5.324344           35.0    566.815186 -159.313278  14.092363  3.634154  275.287384
226  11.147543 -14.998077  350.851440  0.091649  5.739498           35.0    434.305511  -79.698570  13.159082  3.582982  294.410706
227   3.585257  -6.224083  347.084564  0.078028  4.539254           35.0    449.542511 -164.033585  13.885501  3.749362  280.867004
228   8.107578  -4.994829  348.631561  0.072621  3.745801           35.0    539.591614 -129.271713  14.596351  3.065400  277.289703
229  14.057899 -17.499596  345.950623  0.097205  4.659097           35.0    498.630676 -165.694550  12.910826  2.843970  297.319031
230   6.619362  -4.350786  349.560760  0.077517  5.306801           35.0    389.351807 -245.368713  13.186854  2.773649  280.023895
231   5.980201  -5.294594  351.158264  0.101866  3.229667           35.0    447.205566 -159.919113  13.185909  3.529718  281.762054
232  16.620813 -17.177113  349.617706  0.137654  2.670832           35.0    593.105591 -200.223282  12.698387  2.688679  299.649200
233   4.860031  -9.677591  343.837738  0.089657  8.531270           35.0    437.038055  -98.417320  11.099432  3.514276  281.873566
234  11.899087 -11.985001  350.112823  0.085411  5.383667           35.0    576.001526 -241.189743  13.132777  2.247518  276.922028
235  14.676391  -8.259694  347.972321  0.084534  1.159546           35.0    684.397156 -157.585022  12.964460  3.263014  285.547974
236  10.327777   3.033449  340.963226  0.097840  6.067214           35.0    424.346924  101.945702  13.211613  3.566842  278.637177
237  12.728582  -5.907990  356.506958  0.089123  4.477057           35.0    376.552704 -139.691910  13.678297  2.026002  285.889465
238   9.625621  -1.608905  350.257172  0.077940  7.496320           35.0    468.429047 -170.936371  14.506453  3.197342  281.066132
239   8.470780 -14.026735  344.648407  0.076181  5.830820           35.0    437.029297  -70.289261  14.622593  3.037805  282.352905
240  10.674161  -5.473260  342.233551  0.090807  5.666274           35.0    664.409363 -159.703812  11.983251  3.846333  278.105347
241  13.439487 -11.665443  346.973938  0.095934  4.299642           35.0    641.169189 -226.983917  12.059191  3.309062  286.303925
242  11.040434  -5.472224  348.970886  0.101575  6.934668           35.0    438.453705   79.943832  12.975228  3.276738  288.993317
243  14.443465  -4.463992  354.430786  0.073983  2.302993           35.0    466.331421  -40.559338  12.405399  2.086938  279.400909
244   7.298542  -8.112399  341.935730  0.078213  7.845907           35.0    381.621124   44.646721  14.978000  2.328648  278.875885
245   8.069419  -7.312227  342.509521  0.082723  1.839846           35.0    674.215576 -196.883377  12.604764  3.724518  279.563171
246   9.696563 -10.876411  354.641388  0.136226  1.866594           35.0    426.372467  -70.891594  13.558902  1.437075  276.030060
247  17.210222 -11.169357  356.397827  0.092532  3.360023           35.0    720.022827 -166.805222  13.768733  3.158979  294.396210
248   6.243492  -0.965480  341.826691  0.114851  3.032708           35.0    361.781311 -226.735794  15.106172  3.588169  287.297760
249  12.731240  -1.241495  355.787659  0.097647  7.331831           35.0    584.753235 -162.039536  12.397718  3.608030  286.267609
250  10.471255   1.842339  350.859802  0.120622  3.523173           35.0    508.359192    8.601288  13.743840  2.798667  281.512360
251   1.880751  -8.320582  347.843536  0.089946  6.379252           35.0    507.014069   77.022369  12.433378  3.497648  276.399902
252   8.176644 -15.342102  345.569092  0.118757  3.823323           35.0    437.264313 -200.458252  14.630957  1.864138  278.089264
253   1.120669  -2.787041  351.144592  0.100040  2.778753           35.0    524.368530 -190.770111  12.848551  3.894968  275.816589
254  10.541292   5.314778  351.597168  0.112791  4.214535           35.0    617.714661  -55.416416  13.278841  3.330788  278.199402
255   9.822171  -8.269052  351.369141  0.104695  1.375176           35.0    356.805634  -67.149445  13.741115  2.190836  290.827759
256   6.332430 -10.108945  342.659393  0.089803  4.284482           35.0    362.076233 -170.790070  12.932025  2.651893  282.036102
257  12.296641  -2.289955  350.891846  0.071813  8.337374           35.0    415.126495   97.784813  14.750073  3.224244  287.653809
258  12.426032  -9.821348  353.900879  0.068148  6.956296           35.0    402.732910 -176.236847  12.944309  1.866689  280.469269
259   9.009903   2.942132  342.958191  0.096659  6.676822           35.0    558.086121  -95.829475  14.231354  3.450078  275.346252
260  11.787491 -18.061596  352.286316  0.090660  8.909319           35.0    479.492432  -63.661484  13.640671  3.193209  286.028137
261   6.608916 -15.756094  343.696930  0.104148  5.806719           35.0    356.168488  -64.145782  13.764983  3.504028  292.452209
262   7.724422  -5.213455  351.605316  0.080629  6.553651           35.0    506.495911  124.498306  13.814620  3.988601  280.776825
263   8.876837  -8.045433  345.795868  0.092325  8.488027           35.0    447.336670 -238.466431  12.355204  3.709808  286.706818
264   9.472836  -4.413993  349.134613  0.091545  2.783908           35.0    657.111084  -34.416954  13.553443  3.523109  275.539795
265  11.604693  -6.887137  352.187195  0.096980  7.150504           35.0    670.832275 -189.333527  12.527816  3.809148  284.420776
266   9.144920   3.821989  350.041412  0.097890  6.556992           35.0    386.103363 -135.938934  13.479857  3.176403  279.219269
267  13.385730 -12.812291  348.111877  0.098266  8.277530           35.0    442.948639 -182.812927  11.364504  2.570851  289.044769
268   6.964436  -4.068387  351.717834  0.095119  1.394099           35.0    590.477173 -106.431648  14.890745  3.444687  279.390991
269  13.342160   4.350192  347.271912  0.100226  7.833824           35.0    429.867828  130.022156  12.089246  2.951759  284.041382
270  11.294837  -1.388159  351.538300  0.087592  5.275966           35.0    565.192749 -234.328247  15.395360  3.735196  284.899139
271  17.998808   2.437324  349.616425  0.078845  8.414415           35.0    567.412231 -218.049026  12.581594  3.174648  288.562927
272   5.797217  -8.257216  338.801056  0.077988  2.322948           35.0    388.188141 -141.233826  13.412814  3.006095  278.546509
273  13.141361  -3.621288  349.648041  0.090559  3.764419           35.0    395.164917 -140.862991  12.803741  1.804155  280.714417
274   6.544055 -10.688500  342.853546  0.079999  5.653842           35.0    581.871094  -37.910007  13.518653  3.748377  279.382324
275   8.437534 -10.648472  346.256927  0.077519  5.874641           35.0    526.885925 -211.818817  12.991143  3.749705  282.956268
276   6.501112  -8.977859  353.526855  0.086995  7.832223           35.0    416.199585 -183.964523  13.149852  3.012950  280.158417
277   9.632993 -10.297606  352.243927  0.073491  6.720641           35.0    436.146790 -200.714325  13.125639  3.301482  285.357452
278   6.221801  -5.014496  344.924072  0.088478  6.216834           35.0    435.053833 -237.247559  14.754969  2.805138  275.597839
279   5.509923  -3.797580  350.870728  0.088722  5.329004           35.0    374.246460 -197.436661  12.256686  2.793285  283.693756
280   3.563838 -12.647004  343.935730  0.096840  5.474775           35.0    395.538788 -239.410721  11.585488  3.209769  279.452820
281  10.283770  -7.353717  351.356689  0.069987  5.479966           35.0    704.076294  126.750671  13.445739  3.390244  277.173370
282  13.382505  -7.707490  352.630768  0.082134  1.117073           35.0    551.655640 -197.929550  11.603923  3.343074  286.224915
283  12.892274  -9.018744  355.703552  0.078427  7.517719           35.0    641.074768   90.334846  13.774557  3.431181  284.582367
284  11.143082  -5.449476  348.308624  0.085012  4.417198           35.0    351.411255 -246.760818  12.065436  3.881114  296.063080
285   5.409921  -9.549188  348.794281  0.081865  5.232726           35.0    619.269714  -39.479527  15.358880  3.770977  277.201050
286  10.816034  -3.258900  354.048981  0.065138  6.111176           35.0    594.947998 -203.513977  12.364992  3.393360  277.221985
287  14.337495  -3.157049  353.229279  0.096450  8.900878           35.0    516.168701  -20.533857  13.107716  3.770766  291.587006
288  10.763174 -10.198672  343.712555  0.070889  5.572661           35.0    410.000061   -5.055155  13.139322  2.160159  282.223419
289  10.790509  -0.679371  344.627167  0.103530  7.271135           35.0    561.720337  127.488892  12.353037  3.674194  281.542358
290   8.626408  -7.374923  344.460480  0.099846  5.941115           35.0    516.629517 -201.030624  13.650118  2.717451  277.424530
291   5.765068   0.812117  345.688049  0.107595  3.531804           35.0    367.066254 -177.818054  11.252069  2.322354  276.321014
292  11.242101 -10.767089  353.052704  0.092299  3.776432           35.0    552.819153 -112.432732  14.427409  3.284940  285.999176
293  12.967625  -7.177532  350.746857  0.081646  3.721014           35.0    352.642456 -239.496368  12.970577  1.482856  287.953156
294  12.876564  -6.259817  346.901001  0.089835  4.250086           35.0    609.112061 -234.322037  12.764478  3.565206  284.259155
295  17.476557  -5.861710  354.946747  0.078468  3.217450           35.0    611.145081 -151.855408  13.752310  3.372344  295.906372
296  13.983256   4.460390  352.699860  0.095407  6.159336           35.0    636.714905   65.906120  12.714311  2.909429  279.260468
297  14.769202 -19.674036  344.822266  0.124696  3.528296           35.0    542.277771 -147.219009  11.738394  2.334948  294.885864
298   8.114498  -8.923741  348.218170  0.097482  6.625730           35.0    417.745148  -55.249401  13.486273  3.577074  288.071198
299   9.000783  -1.123275  351.761108  0.077999  5.497273           35.0    463.919342 -147.970688  12.250738  2.631210  277.088684
300  14.171750  -3.559116  345.687256  0.111099  2.747184           35.0    421.727203  -65.005836  12.918068  1.313459  277.211792
301   8.322960  -9.339182  355.610992  0.096599  2.738394           35.0    378.636871 -150.588821  13.644489  3.870783  295.669983
302  15.386528 -24.231817  343.096832  0.140103  3.918185           35.0    658.469055 -226.174210  11.296406  1.589241  281.806458
303   7.994540   1.289055  347.890015  0.088591  8.109915           35.0    367.861237   82.373703  13.652945  3.524026  284.758301
304   8.090042   4.162559  349.643982  0.099364  7.045387           35.0    422.057831  100.837418  13.126044  3.077872  275.402313
305  10.289307 -10.254045  346.199280  0.094857  2.988804           35.0    527.445068 -230.124023  12.701801  3.552090  285.394104
306   2.844765 -10.130958  348.710327  0.106598  3.035740           35.0    397.928253   20.563280  13.870727  2.716483  277.811798
307  11.872288  -5.157838  351.323669  0.096716  2.636649           35.0    389.641235    6.662424  13.539317  3.125284  294.713318
308  10.702474  -9.066100  353.010681  0.071833  3.403198           35.0    466.650391 -130.331070  12.271076  3.931479  287.968903
309   6.959853  -1.519976  347.854492  0.082072  3.487403           35.0    450.286804 -241.038666  14.020067  3.336740  277.023712
310  12.696861 -15.446709  345.375793  0.094535  3.687642           35.0    568.143250 -237.049500  12.241765  2.491353  285.168915
311   4.295549  -6.114683  341.240906  0.079505  7.903391           35.0    605.535828 -117.890915  13.738354  3.798817  275.317688
312  11.264044 -20.889204  347.065002  0.102390  6.141510           35.0    593.810791 -235.928787  11.976177  3.036337  281.932068
313   3.450292  -4.981508  338.098206  0.073189  7.720084           35.0    497.095795 -116.833008  12.971682  3.447218  275.214325
314  13.582191 -10.025342  347.932312  0.100487  3.274518           35.0    608.369751  -39.492165  12.443121  3.619916  290.850555
315   4.569387   2.584625  348.915070  0.088365  8.568094           35.0    416.325806  -92.226166  12.910391  3.570831  276.968201
316   9.895560  -6.534986  342.782990  0.068820  4.071851           35.0    493.920105 -153.873917  12.611335  3.002058  276.679962
317  10.570550 -12.850770  347.986908  0.088175  4.615100           35.0    418.524048 -208.269150  12.810163  3.473176  289.001953
318   9.205382  -0.869980  352.660980  0.080075  6.647895           35.0    434.245056 -209.071793  14.038875  2.061642  275.304901
319  14.776908  -7.907345  356.465240  0.080370  1.927125           35.0    476.499756 -181.299698  14.537054  2.317077  285.365448
320   3.803175 -18.615406  349.052063  0.120241  6.365091           35.0    392.237091   12.329478  13.172668  2.664205  276.157654
321   5.515759   1.163776  355.532532  0.099676  3.116800           35.0    669.246338   -6.751920  13.700863  3.734292  278.752686
322   6.839004  -0.512691  353.360870  0.105356  4.308747           35.0    672.826721 -130.965775  11.976089  3.988595  277.463562
323   9.642860  -9.098239  355.703857  0.069981  7.143839           35.0    381.665192 -205.930344  12.917948  2.085190  278.708252
324  12.976885  -8.948033  350.023590  0.072855  5.798170           35.0    382.645782 -117.860626  13.883301  2.696685  293.789673
325   3.342520 -18.455061  345.029572  0.109678  5.900342           35.0    361.110809  -65.346306  12.566555  2.389342  281.580597
326   8.021667  -3.314014  349.940033  0.075714  5.086276           35.0    492.655945  -57.387466  14.161111  3.962991  281.699646
327  16.072109 -12.333072  347.155457  0.087683  5.435545           35.0    606.749756  -82.911713  13.164195  3.830428  296.944519
328  10.236403  -4.085034  348.464294  0.072893  5.693429           35.0    561.640076   38.469841  12.059000  3.998447  281.312653
329   8.749608 -17.467197  340.743927  0.101404  4.992223           35.0    454.720917 -222.181412  13.988199  3.165302  287.829620
330   6.941423  -3.901383  354.751923  0.081684  5.372204           35.0    403.144836   79.421562  12.527386  2.706215  276.634338
331   5.997011  -6.204198  339.897186  0.092567  2.368991           35.0    378.549011  -98.835594  14.826210  2.557815  281.127777
332  10.085947  -8.879813  347.501465  0.086225  7.362306           35.0    646.704102   26.108595  13.527835  3.171884  279.329041
333   9.721559  -7.655037  344.471161  0.093157  3.108210           35.0    686.564819 -187.851517  12.973915  3.882108  280.687744
334  12.718815  -2.097084  350.382172  0.071822  8.016734           35.0    580.341919  -26.455606  13.283669  3.258204  279.024658
335   7.240011  -4.857471  357.730682  0.076477  6.165920           35.0    438.380676  128.169006  14.208145  3.863662  283.417419
336  17.530050  -2.224577  352.062469  0.092948  6.852267           35.0    464.526703    3.394279  13.181552  2.812758  295.393677
337   3.602057 -11.355972  350.479645  0.110223  3.823695           35.0    420.741089 -194.355972  12.265485  3.149711  281.698120
338  14.887656  -0.121118  347.774078  0.101017  6.542480           35.0    417.944336 -160.403549  13.964296  3.455623  295.864441
339  13.486223  -6.977387  350.084259  0.078843  3.739645           35.0    519.638855  -72.153282  13.511133  3.121671  285.174133
340   7.158754   1.132942  350.294403  0.089573  5.634092           35.0    397.665985  -19.101746  14.713993  2.902181  278.064636
341   3.431229 -11.222423  345.703979  0.103293  2.758842           35.0    382.499298 -140.989822  11.883693  3.244896  281.657806
342  14.077733  -5.906091  351.576660  0.084697  1.974797           35.0    525.552612 -164.565887  13.055960  2.461178  284.919250
343  13.366282  -9.091000  350.218079  0.087933  6.262454           35.0    664.418579 -174.815796  12.197024  2.861941  283.273682
344  12.613635 -11.041638  346.909424  0.065529  5.856373           35.0    413.709351 -191.938904  13.715205  2.683922  286.873413
345  13.666228 -17.883282  348.556671  0.111894  5.404955           35.0    360.197235 -165.669724  14.239005  3.308336  307.364380
346  16.427784 -16.090832  350.421326  0.110602  3.251531           35.0    571.756775 -190.031372  12.563083  2.690608  298.653748
347   6.747632 -14.530453  346.752472  0.115247  2.864886           35.0    470.300903 -151.063156  13.357660  3.161706  284.210114
348   6.781681  -8.868009  348.688354  0.085941  8.032926           35.0    463.302277   35.082088  13.518513  2.604169  276.394745
349  18.237734 -10.743269  353.498993  0.119548  1.713903           35.0    484.571259 -153.210709  13.010022  3.850141  310.943024
350  13.202440  -8.350237  355.472961  0.082976  3.424991           35.0    462.031708 -211.284409  12.809334  3.198714  291.224731
351   3.175181  -7.827100  347.088013  0.077753  1.906535           35.0    397.104095  -51.545475  14.318068  3.752079  280.657166
352   7.543520  -1.735888  346.283813  0.092445  5.593976           35.0    488.125793  -32.067951  13.998765  3.876309  280.615356
353   7.386512 -21.480862  346.055847  0.100658  8.270998           35.0    377.019470 -185.780823  11.119940  3.064173  283.729034
354  10.825152  -9.571042    0.758269  0.096710  3.470939           35.0    377.789612 -184.305893  13.825094  2.971582  291.989349
355  13.817044  -8.969122  354.320068  0.068405  3.621441           35.0    417.287628 -215.294830  13.230787  1.616413  277.168640
356  10.388629  -2.407958  352.265259  0.084139  2.460537           35.0    386.783325   11.769119  14.409833  2.924639  289.485565
357   1.936675  -6.911977  352.889679  0.101367  6.239297           35.0    476.087006 -126.628548  12.851834  3.860401  279.576080
358   7.829795  -1.358970  353.296448  0.089382  4.998877           35.0    445.790863    4.711489  14.147150  3.291893  281.334869
359  12.355236  -9.714933  346.004608  0.073765  3.121197           35.0    488.343048 -200.796585  15.461675  2.402737  283.635406
360   8.850977  -7.768995  350.744812  0.087388  6.978576           35.0    389.151703 -196.737671  12.792097  3.057992  283.705536
361   7.844486 -14.588724  345.896545  0.110754  3.380727           35.0    405.389130 -130.565277  12.139352  3.571583  293.877594
362   7.207549  -2.549591  350.915131  0.081275  8.608658           35.0    407.750977 -145.094559  13.339440  3.780493  281.989746
363   9.687566  -8.032114  343.148712  0.074294  2.680225           35.0    461.551636 -162.391525  13.589529  3.067997  285.111053
364   9.827839  -6.793456  345.750763  0.101148  2.409550           35.0    445.906494    1.420425  13.755383  2.281640  279.912567
365  15.485391 -13.731110  354.693390  0.098516  4.042101           35.0    587.215027 -117.056976  12.857872  2.053049  279.988617
366   4.782398  -3.380023  349.548889  0.086542  1.423586           35.0    439.852875 -207.372849  13.274673  3.558792  280.874908
367   8.438390 -11.663152  348.086029  0.090886  8.203574           35.0    447.590118  210.389999  14.183883  3.774092  286.252045
368   5.330901  -9.270795  357.252960  0.090566  5.511330           35.0    384.908447 -182.573334  15.512493  2.483905  280.231049
369  12.938001  -6.251481  347.440857  0.091870  5.645271           35.0    668.624207   -5.480982  13.168720  3.208547  282.814606
370   8.577168 -17.908890  348.518250  0.109742  5.414170           35.0    537.798645 -205.812897  12.281383  3.670385  285.944458
371  10.083248 -20.342590  343.821655  0.130946  3.646804           35.0    417.799622 -129.620453  11.585312  3.254997  301.414276
372   4.137267  -3.400461  349.265320  0.096985  3.646212           35.0    407.199829  -85.793396  13.420715  3.841070  280.655029
373  10.256260  -6.438503  350.204559  0.094356  2.267407           35.0    523.445740  -82.363907  14.189053  3.211164  281.896698
374  12.658748  -1.996316  355.429962  0.095968  3.911653           35.0    558.352295 -242.199554  13.059029  3.869884  287.969177
375   2.993011  -5.860016  344.860779  0.087642  2.923852           35.0    404.742218   23.076317  12.422191  3.352165  278.567627
376   7.752819 -10.114519  345.983215  0.080869  8.828920           35.0    501.400696   73.874756  13.027034  3.311126  277.568237
377  13.765138   5.641732  348.461548  0.096762  8.799082           35.0    462.636993 -242.582687  13.300870  2.900479  276.137634
378   9.290634   9.076425  359.981018  0.108878  5.576662           35.0    435.021606  -46.092419  13.671552  2.392245  276.368378
379   6.989607  -6.081993  354.272247  0.086481  8.839511           35.0    394.994019   11.672233  12.643328  3.998446  284.388031
380  16.066984  -4.275355  346.823456  0.087134  7.150923           35.0    535.285461 -192.679413  14.196243  3.449492  291.605072
381  12.553061  -6.816696  345.116852  0.073395  7.638669           35.0    740.136902 -186.624481  15.128140  3.648072  279.747803
382  14.381207 -12.652396  346.415894  0.088797  5.691094           35.0    639.442444  100.480339  12.820821  2.599597  281.213837
383  15.299969  -2.607438  347.845215  0.063647  7.783146           35.0    689.532166  -24.007603  14.158104  2.963734  278.352478
384   8.479902   6.937656  344.033600  0.101964  7.378939           35.0    409.660431  -99.134842  12.956725  3.412164  276.802490
385  10.522828  -2.679525  348.448120  0.099951  3.435734           35.0    696.213867  -52.696682  11.467550  3.833510  280.067993
386  10.836792 -17.664406  341.556976  0.111657  3.469919           35.0    467.023376 -243.739166  12.631142  3.780843  298.367096
387  10.877368  -2.346194  349.381012  0.092372  3.852622           35.0    460.665192   -5.088570  11.711452  2.629296  281.663544
388   9.231094  -7.818127  344.540833  0.098983  6.076823           35.0    381.656464 -147.251389  12.872246  2.626527  287.130524
389  10.626121  -4.752803  351.609436  0.094864  6.215033           35.0    470.941376 -189.095352  11.454447  3.304727  286.609222
390   7.136357  -1.830562    0.841406  0.091441  2.096459           35.0    651.911987 -205.741043  11.520951  3.395246  276.943268
391   6.928619  -3.033544  346.604706  0.095346  3.927940           35.0    352.879120 -199.303085  15.664456  1.571120  278.826904
392  18.370602 -11.746832  353.348633  0.129767  1.592476           35.0    411.110077  -82.115791  12.191925  3.869521  320.820831
393   9.904707   1.610779  353.146637  0.098670  5.881407           35.0    378.339355  -64.288925  13.955621  1.948753  279.001282
394   9.176056   0.992833  351.826355  0.094059  6.374931           35.0    608.056641  -74.055428  13.067495  3.894028  279.663055
395   6.909940 -12.794327  347.564240  0.084140  7.426403           35.0    394.745575  -60.310654  13.358242  3.138494  285.060730
396  12.688866  -9.592473  347.287292  0.074340  2.750882           35.0    517.677185 -210.425034  13.961676  2.951201  286.702118
397  15.685948  -2.846090  348.762756  0.097926  5.900475           35.0    381.823212  -70.590790  12.807178  1.193910  279.119202
398   4.673012 -12.082365  351.416992  0.088670  6.889340           35.0    392.357971 -197.107468  13.006691  2.982325  279.291412
399   9.772315 -14.600788  354.976562  0.097236  5.925870           35.0    630.172974 -230.877975  12.028960  3.670689  281.557281
400   5.184519  -3.263779  351.663574  0.098559  5.664876           35.0    626.805908 -193.833344  13.244405  3.827025  276.547791
401   9.576445  -7.416500  351.939789  0.090866  7.243420           35.0    698.639709  -51.171452  12.748702  3.962322  283.417297
402   8.302116  -2.840180  344.886627  0.080102  3.472171           35.0    470.227722  -47.782368  13.963042  2.874868  278.443115
403   7.689121 -10.894026  354.727814  0.082872  5.600759           35.0    654.795898 -188.277573  13.260788  3.529927  277.584045
404  11.288876   0.849544  350.443878  0.092353  4.982249           35.0    370.407288  -18.479290  12.215938  3.299120  290.263153
405   5.594420  -6.441818  347.564789  0.082165  5.249181           35.0    404.033234 -163.120895  12.627448  3.192003  280.681366
406   7.465178  -9.537181  344.636383  0.087777  6.460885           35.0    390.443298  152.986938  11.206894  3.436063  287.224518
407  16.257828  -0.794716  351.208679  0.092439  4.976598           35.0    585.450012 -100.788284  14.077107  3.033601  290.266144
408   3.324298  -2.707524  348.035461  0.067610  7.529003           35.0    352.570007 -225.311050  13.431824  3.599892  281.954407
409  10.915236  -5.392676  353.217041  0.077765  4.231402           35.0    381.897522  -48.537273  12.914972  3.629405  294.587738
410   9.337366  -7.559773  336.966370  0.075505  5.012715           35.0    403.416718 -207.785294  14.644976  3.919411  285.811554
411   8.635445  -7.266456  352.886383  0.080174  4.385587           35.0    573.797913 -183.214661  13.961195  3.067643  278.055603
412  18.549994 -17.312628  346.726624  0.118214  2.698926           35.0    557.295959 -202.094315  13.530663  2.506788  307.698578
413   5.505089  -3.081132  340.207123  0.080697  7.595303           35.0    350.727325 -182.648331  13.738659  3.109271  281.221313
414   6.431887  -4.589162  348.476196  0.086952  1.454011           35.0    390.893585   10.908076  12.797186  3.874040  289.819946
415   4.598313   1.937771  355.285461  0.093683  4.040929           35.0    362.858582  -31.813391  12.464887  3.211510  285.112549
416   8.163091  -7.675979  349.416992  0.078892  6.971836           35.0    471.347015 -203.152710  13.334054  3.104452  278.227692
417   7.887384 -20.026354  345.219849  0.089830  7.908988           35.0    363.939941 -187.016174  12.624932  3.818070  290.179413
418  13.794094  -7.649865  347.149658  0.071972  4.467854           35.0    662.460754  -60.844532  12.212825  3.368737  287.410614
419  14.097564 -10.752742  353.484711  0.075941  7.328928           35.0    488.323517 -160.130096  13.660274  2.019291  281.433868
420   9.216198  -3.725202  346.359894  0.077580  7.238144           35.0    622.240112 -113.851608  12.567171  3.523371  276.813873
421   8.513190  -3.583451  350.422791  0.096526  2.803642           35.0    364.275909 -151.913696  14.074692  2.656307  285.504913
422   8.260251  -5.333158  342.773071  0.083583  7.078232           35.0    454.513123 -118.376465  14.537268  3.085546  278.414093
423   9.199579  -4.111207  347.226837  0.100728  6.322711           35.0    355.908478 -166.291077  11.355698  2.805366  290.983459
424  10.734691  -3.208307  354.174377  0.063369  7.007474           35.0    659.733826 -169.642197  15.929662  3.596530  277.645355
425  -6.595829   7.681326  341.146454  0.147777  2.959784           35.0    399.709229 -193.819672  14.889394  1.982124  275.980286
426   0.964229   2.706111  351.624084  0.099473  4.393013           35.0    424.307678 -187.270706  11.694043  3.711004  277.619690
427   1.580827 -16.681833  355.005127  0.118262  4.918223           35.0    419.366760  -51.760540  11.974070  3.730741  278.414398
428  10.982903  -0.323914  350.165222  0.088425  6.789268           35.0    417.469818 -133.942245  11.603110  3.086904  284.548309
429   6.493037   6.774390  356.059601  0.136638  3.586144           35.0    352.674469 -131.644241  13.476111  3.217449  290.702820
430   6.110110 -12.325282  352.683197  0.082144  8.128252           35.0    642.638123 -199.203949  13.049239  3.682695  275.142365
431  10.061586 -10.309301  345.796204  0.081961  8.535482           35.0    400.172180  156.539795  14.076695  2.912058  290.003662
432   3.622706 -10.288305  341.922363  0.083081  7.157060           35.0    353.346649  -16.023840  12.986950  2.495435  277.976044
433   9.269567  -3.658306  353.006683  0.077914  6.859951           35.0    445.349457 -156.954483  14.668262  2.812189  280.803314
434  15.656561  -3.655890  345.030518  0.099302  4.978877           35.0    521.672852  -57.471901  12.523220  3.185544  291.373016
435   6.657714 -11.130465  343.519867  0.099454  2.834308           35.0    413.388794 -157.350769  14.188114  3.567264  283.946136
436  19.786022 -12.856198  345.544708  0.114496  1.312302           35.0    670.996216 -219.937012  13.801816  2.977952  307.839661
437  12.505992  -9.501927  354.851013  0.085776  3.683079           35.0    472.192200  -76.312096  12.660760  2.120899  278.245209
438  12.587442  -9.047352  347.974274  0.091208  5.974309           35.0    568.542542 -242.459015  12.651671  2.420531  276.457428
439   6.061872 -15.184624  345.246674  0.074664  8.260108           35.0    368.494965   89.676636  13.102190  3.775485  285.587097
440   9.200862  -2.999383  349.265900  0.094048  5.777361           35.0    430.863770 -223.837830  12.694127  2.427544  275.674103
441   3.578721  -0.588372  350.003204  0.091923  7.169463           35.0    454.245361  165.747711  15.118586  3.262490  276.158295
442   8.064516  -9.979971  355.333008  0.095457  5.619296           35.0    398.047943 -120.408287  12.628247  3.291278  287.094940
443   9.007353 -10.657244  342.755676  0.087948  5.997694           35.0    399.763580   15.186242  12.586691  2.596359  285.043549
444   7.242266  -3.319045  350.271515  0.079609  7.535868           35.0    562.104126 -222.171661  11.490713  3.755159  275.687805
445   7.980012 -12.863948  344.670441  0.108628  2.301207           35.0    683.961670  -13.005738  13.989573  2.680995  278.636932
446  10.339900 -15.271631  344.234283  0.121830  3.453349           35.0    411.036224 -238.016449  14.644657  3.397372  297.277466
447   6.310219  -1.506562  350.729462  0.084535  7.250374           35.0    432.488922  -94.111916  14.146365  3.786793  280.611145
448   5.764267 -13.459370  344.877686  0.086290  8.210843           35.0    515.715088  -93.088379  14.308193  3.455802  278.485840
449  15.886261 -20.148483  344.323151  0.197405  1.853929           35.0    403.241943  -69.892502  13.016484  0.590548  298.405365
450  10.726708  -1.346842  350.648041  0.088812  5.149139           35.0    534.178406 -209.546753  12.899611  3.710854  284.433380
451  11.905111  -2.793391  354.707794  0.099075  5.099738           35.0    400.146210  -15.777517  12.483395  2.549272  287.304565
452  10.519744 -22.150520  353.061951  0.143284  4.606766           35.0    358.377563 -102.270721  12.139942  2.710490  299.492432
453  11.831901  -4.537382  352.471252  0.083515  5.311515           35.0    378.057800 -184.688461  12.339293  2.457690  286.567871
454  11.185378   0.494922  347.263977  0.082801  7.634090           35.0    569.700439 -156.613159  13.330271  3.301916  279.410278
455  11.366786 -10.050644  352.885132  0.098422  7.905112           35.0    412.539032 -131.398239  13.192494  2.706098  286.208221
456   3.736866 -15.293655  349.730255  0.118761  4.999484           35.0    393.048096  -34.888287  12.917835  2.786787  279.294830
457   8.632262 -13.743314  351.369232  0.089425  6.719799           35.0    531.305664 -198.385101  13.894196  3.087668  278.291565
458   7.239580  -0.380311  351.252594  0.110556  2.987108           35.0    379.251862 -125.078041  14.224328  2.653893  284.513763
459  14.133411  -7.129698  353.628693  0.075118  3.940729           35.0    704.243469  -37.151772  12.066994  2.747138  276.976166
460  11.709415  -9.412539  349.194763  0.072974  2.738053           35.0    594.325073 -178.531525  14.234815  3.515512  285.406952
461  11.664966 -17.279274  353.025208  0.131786  3.367053           35.0    414.992249  -93.755516  13.834981  1.907768  290.693054
462   9.758323  -8.631554  347.773010  0.071058  7.881911           35.0    388.055359  -15.577122  13.894277  2.435113  281.043152
463   1.844470  -2.818531  349.575714  0.091615  3.733261           35.0    447.044678 -218.731232  13.059599  3.734321  277.946167
464  12.023774  -1.309797  354.258667  0.081843  5.391187           35.0    644.656250   93.198822  13.273659  3.027778  278.975067
465   5.780127 -19.405043  341.282867  0.143403  3.085040           35.0    522.434265  -57.735649  12.788091  2.154531  276.016327
466  10.620945  -7.285349  349.796814  0.074332  8.459609           35.0    594.957092 -173.731552  11.789793  3.261765  282.963806
467   7.262456  -2.866342  352.728882  0.076958  6.550289           35.0    405.398804 -177.501373  14.900313  3.243151  280.499054
468   9.748812 -10.283372  353.826721  0.070673  8.289495           35.0    354.556885    3.906263  13.547979  3.108103  290.000763
469  11.191006  -1.065367  346.861237  0.080997  8.827350           35.0    494.551300  214.367554  12.290304  3.858343  281.544952
470  10.389788   2.938142  338.404907  0.086908  7.463645           35.0    481.784424  -85.678375  11.873004  3.936670  277.321991
471   6.048657 -17.455381  347.408234  0.095272  6.932542           35.0    547.341736  -94.075127  12.667717  3.371108  275.969391
472  13.469027  -7.459620  357.874176  0.088685  6.016654           35.0    549.974060  -23.344545  14.478183  2.672421  283.374512
473  12.335143   1.836571  353.028564  0.090810  7.011577           35.0    424.357727 -132.987503  12.483086  2.905566  283.922729
474   8.551539   3.181098  353.950806  0.081426  8.500311           35.0    471.164093  -88.737595  14.032609  3.072885  276.858124
475   9.513095 -11.818793  349.503754  0.083720  7.475886           35.0    526.536072   40.875500  12.128936  3.783566  285.939209
476   9.722453   0.101413  345.551819  0.105774  3.999412           35.0    438.710052 -165.574692  12.428725  3.000951  283.774078
477  12.134711  -7.747458  351.069977  0.068358  3.137465           35.0    590.005249 -185.194778  14.181904  2.774122  278.935699
478  10.466945  -8.055799  349.948456  0.101529  2.302682           35.0    612.518616 -114.296074  13.565685  3.063506  280.684570
479   8.666427 -11.605536  346.793304  0.083337  5.176445           35.0    461.561646   45.964725  12.011637  3.670884  285.580536
480   9.803654  -6.152668  343.468658  0.091366  5.866350           35.0    554.889954 -171.605652  14.784308  3.960404  281.727173
481  14.897214 -15.612732  344.481934  0.113544  2.186408           35.0    565.845886 -208.385468  13.046810  3.755261  303.101105
482  10.912358 -13.005877  344.411133  0.070566  5.482599           35.0    446.694183  -81.326607  13.814566  3.188827  286.600861
483   4.888761  -9.480348  340.868622  0.079626  8.992730           35.0    531.837830  -96.415482  13.685795  3.155516  275.822998
484   5.642728  -6.569602  338.951080  0.101253  3.819700           35.0    487.758759 -234.859436  11.852783  3.702097  281.026550
485   6.396877  -2.998327  359.164398  0.077022  2.348081           35.0    373.555267 -152.412415  13.341791  3.459541  283.147003
486   7.128495 -14.611632  356.064911  0.110935  4.506649           35.0    395.659851  -46.020164  12.754529  3.825952  288.060425
487  12.194433   1.020533  349.882141  0.093223  5.864891           35.0    450.694702  139.099289  12.542089  2.862357  282.771423
488  12.870493  -2.210779  346.793488  0.085255  6.705015           35.0    390.788147  -71.813408  13.812483  1.528725  277.522644
489   4.040123  -6.743480  352.841064  0.084406  6.605773           35.0    454.667389 -201.371521  12.938560  3.876017  280.204285
490   9.919842  -1.293438  354.005615  0.089314  6.086402           35.0    396.607391 -138.166779  11.599564  3.814924  290.545624
491   5.662619  -1.012925  343.926178  0.104085  3.000542           35.0    434.747406  -76.904739  13.471484  3.312309  276.526428
492  13.637538  -5.499498  353.643250  0.080207  1.299790           35.0    363.887268 -133.050674  13.146934  1.907171  291.207947
493   9.177873   1.799850  349.764343  0.093737  6.898597           35.0    356.787933 -240.181686  13.123714  3.542179  287.940460
494  14.735003  -6.687523  351.146576  0.089552  3.363043           35.0    428.298065 -153.282608  13.332832  2.116735  287.276611
495  14.051422 -14.815690  347.548096  0.107391  3.180030           35.0    616.616089 -135.182068  13.543978  3.343514  296.686920
496  13.420282 -11.945870  351.658661  0.093057  4.139357           35.0    625.703613 -238.406570  13.285668  2.626606  283.776947
497  13.769567  -9.983909  352.478668  0.088184  5.971219           35.0    389.670380 -239.406586  12.463131  2.486550  291.526917
498  11.432843  -0.381962  341.383820  0.099369  5.713279           35.0    697.188293   23.586447  12.151707  3.558776  277.822815
499   5.333241  -4.851954  350.730011  0.099018  4.779623           35.0    364.751404 -248.132156  15.275827  2.213780  278.567932
500   3.616341  -7.794020  352.260223  0.084559  3.349792           35.0    379.517212  -49.577152  14.062382  2.571662  279.554932
501  15.498502  -5.644238  356.553009  0.095920  1.137558           35.0    380.798309 -147.670898  11.985950  2.864868  302.697357
502   6.910566  -8.145275  344.890381  0.086287  5.442328           35.0    519.560852 -210.284698  15.130576  3.586477  277.925507
503   9.393425  -9.251292  350.479645  0.078522  4.413612           35.0    540.745300  -90.933075  13.597321  3.474792  278.259277
504   9.090560 -24.450399  348.004669  0.105034  8.841944           35.0    398.504517 -143.619186  13.778793  2.637610  282.749786
505   6.579522 -22.450514  346.695099  0.109371  6.613446           35.0    364.792175 -101.631294  12.175066  1.900890  278.404205
506   2.955660 -13.629926  357.892273  0.107668  3.870649           35.0    433.083282  -11.555166  12.984070  3.298085  279.300262
507  13.532035   1.982971  346.570465  0.086960  6.728508           35.0    455.744476   34.588879  13.302061  2.628528  279.076599
508  10.581002 -13.129151  353.362091  0.100797  8.045371           35.0    460.163483  -10.757147  13.912163  2.735452  280.561432
509   9.772862 -16.571133  345.385559  0.082432  6.859911           35.0    687.904175 -225.696548  12.769835  3.384262  281.442261
510   9.675941  -1.861179  349.324524  0.100223  2.274390           35.0    363.749481 -136.926666  12.612398  1.534763  284.061951
511  14.261054   1.182218  353.202301  0.072590  8.646871           35.0    732.904602  -60.278656  13.888801  3.294188  278.432281