           lon        lat         inc      D1AU     delta  launch radius  launch speed    t factor       B1AU     gamma         vsw
0     9.617402 -13.011681  348.708832  0.077638  6.038820           35.0    385.820160 -245.863037  13.235089  3.580590  292.093201
1     6.821838  -2.799493  351.166229  0.082833  6.119335           35.0    425.280334 -218.249695  13.115488  3.552990  280.904236
2    12.014799  -0.716505  351.389374  0.072582  6.025105           35.0    734.786438 -203.823578  13.820344  3.702690  277.724335
3    10.818460  -8.395065  346.138397  0.065031  6.935896           35.0    453.294800  -71.313538  12.488766  3.251503  282.575226
4    12.717664   1.595332  350.244385  0.088576  4.871644           35.0    632.354431  -92.457489  12.812218  3.916388  284.002350
5    12.159487 -15.637022  348.858643  0.096287  4.687772           35.0    677.822632 -161.070679  13.367416  3.351582  288.668427
6    12.193627  -4.057453  349.610626  0.101057  4.114299           35.0    389.321716 -235.824799  14.156183  2.616510  289.023132
7    10.886889 -11.181195  347.914978  0.102464  2.822125           35.0    445.682892 -130.387482  13.161914  1.914820  278.435913
8     4.334311  -2.430515  349.352936  0.086796  7.458802           35.0    406.940186 -188.874786  13.657297  3.594102  279.401764
9     9.026018  -4.439949  349.026550  0.078756  2.463407           35.0    510.183746 -249.065567  12.853698  3.373509  279.366425
10    9.400811  -6.393009  351.307007  0.095607  6.281939           35.0    523.271667  -83.160828  12.818134  3.175070  279.494263
11   -0.369585  -0.578374  344.588928  0.106379  1.761289           35.0    444.732178 -131.467407  13.878009  3.182201  279.033173
12    9.837990  -2.670526  346.752747  0.093656  5.513879           35.0    373.817810 -224.783569  13.282303  2.145241  280.475677
13    8.861578  -5.578324  350.124390  0.098525  8.445449           35.0    364.681213 -187.047226  12.763644  3.994893  291.954285
14    4.496715   0.632313  352.918640  0.099478  3.547613           35.0    378.724487 -235.566940  13.528432  3.363620  286.473328
15    9.485612  -5.793096  353.124512  0.071517  3.692647           35.0    393.849640 -186.479752  12.856342  3.660126  287.251617
16    7.879894 -12.265252  349.492340  0.087763  4.382676           35.0    439.178772 -156.149368  13.152741  2.426446  278.257538
17    5.662060  -4.282642  350.580597  0.087800  2.512861           35.0    436.935059  -40.744469  14.643039  3.183292  280.086487
18    6.061063  -9.093311  343.433960  0.101012  3.174605           35.0    482.963989 -159.549805  12.607859  3.520488  281.136383
19   10.052936  -6.136585  351.134369  0.094741  2.622495           35.0    444.167603 -245.234329  12.566681  3.217843  286.512909
20    7.983315  -2.949354  349.507172  0.077326  5.606713           35.0    375.578735 -225.135757  14.430592  3.150114  286.206573
21   16.079094 -15.958161  353.871857  0.141066  2.603087           35.0    483.226257 -154.516479  14.180911  1.310885  288.971527
22   15.538092  -7.956322  354.715607  0.083254  1.304198           35.0    666.560303 -175.498657  13.385503  2.290835  278.640381
23   10.714046  -7.007993  346.887054  0.091067  7.379999           35.0    584.331055 -235.047440  13.739010  3.626783  283.455261
24    9.119172  -5.153142  346.838104  0.081437  7.607646           35.0    498.703827 -223.786041  13.539065  3.827698  282.905182
25    7.658347   5.448875  348.419891  0.112341  6.118322           35.0    364.370056 -202.169037  12.576331  2.428179  275.530792
26   10.209661  -9.756923  349.823090  0.097393  3.161968           35.0    476.050507 -171.020782  14.408453  3.960864  290.456146
27    8.011272  -7.049337  348.555695  0.075978  1.725188           35.0    456.679260 -230.342102  13.676537  3.157104  280.219696
28   10.092926  -1.215315  348.724731  0.081288  4.644012           35.0    596.966553 -178.872833  13.918539  3.484206  277.913361
29   12.105544  -5.817518  349.743774  0.089061  2.687297           35.0    651.016296 -196.198685  13.638502  3.333045  280.444183
30    6.533255 -18.287840  349.550354  0.101973  6.319705           35.0    362.760132 -237.638321  12.609147  2.333792  284.225922
31    8.932358 -13.609157  345.387421  0.089141  6.679848           35.0    369.063080 -193.328842  12.804060  1.716311  284.156464
32    5.138724  -5.488227  348.504639  0.086389  4.748950           35.0    368.289246 -234.217865  14.172876  2.970102  283.767456
33    4.930844  -4.239943  345.200623  0.087137  3.717813           35.0    409.431519 -215.201157  13.918315  3.750699  283.653534
34   -1.888923   4.362715  345.232025  0.142364  2.483414           35.0    535.403198 -164.732056  13.519110  3.349011  275.297791
35   11.475610 -11.360567  352.589569  0.116726  2.012860           35.0    553.539307 -112.707985  13.510927  2.605940  286.383881
36    8.072615  -7.929479  347.723999  0.088162  8.347878           35.0    371.858795 -236.079788  13.585135  2.917741  283.776886
37    7.282792  -7.116585  346.329773  0.071316  1.417095           35.0    388.846191 -197.106689  14.113197  2.941055  279.488556
38   13.196692  -5.995637  348.022308  0.084396  4.312247           35.0    383.626221 -175.926422  12.533942  2.529798  289.425903
39    2.709417  -3.775673  345.111206  0.108538  1.444436           35.0    564.055420  -85.867035  12.788546  3.669752  276.608917
40   12.116117  -8.295280  344.990265  0.088958  5.300632           35.0    456.000946 -183.420319  13.104277  2.150523  278.404633
41   11.105605  -7.468586  351.513275  0.078506  4.841562           35.0    381.833221 -219.552277  13.379137  2.010071  283.792419
42    7.420342  -5.389840  347.274994  0.083736  3.062456           35.0    486.754639 -141.776749  13.034506  3.398438  281.209656
43    5.906035  -3.461176  347.566833  0.086200  2.448832           35.0    366.333649 -205.877716  14.068752  2.836464  279.831635
44    8.596526 -10.106081  344.000122  0.087744  4.648922           35.0    541.960510 -175.852585  13.672596  3.187781  277.079102
45    9.789083  -9.200947  344.867798  0.087995  2.433535           35.0    588.562317 -220.885651  12.747462  3.327747  279.975891
46    8.046631  -4.846717  341.728119  0.093242  2.809316           35.0    628.561646 -228.019852  12.716848  3.976459  277.325623
47    8.404428  -9.459202  347.175720  0.078348  8.584889           35.0    714.441772 -164.265884  13.195581  3.935824  279.072571
48    9.845751  -2.972725  347.791931  0.093315  4.467883           35.0    382.129089 -192.413452  12.595867  2.686271  283.406952
49    5.710322 -10.162202  347.589996  0.096030  4.567029           35.0    556.206299 -159.293900  12.879226  3.522062  277.591980
50    4.689082  -8.185723  345.323730  0.085234  3.276560           35.0    653.479553 -180.755035  13.310035  3.772497  275.133667
51    4.422576  -2.028282  343.906921  0.111486  2.038496           35.0    409.304596 -213.258804  14.031266  2.935732  276.979553
52    8.250463 -13.362763  349.244568  0.094394  3.720377           35.0    572.439697 -167.293839  14.423146  2.537946  275.108276
53   11.372082  -0.069983  348.300751  0.084697  4.851347           35.0    489.299683 -222.540787  13.064402  3.159851  282.239594
54    9.291944  -5.775592  349.505096  0.091765  4.616051           35.0    378.243622 -216.607101  13.993638  2.282021  282.802063
55    5.732634  -5.827069  344.126587  0.091761  1.910675           35.0    356.466064 -177.521851  13.442811  2.021626  275.311066
56   10.158867 -22.021513  343.970612  0.127989  4.397303           35.0    688.122009 -238.346100  13.930541  2.581108  281.361389
57    8.471836 -10.766985  351.968811  0.101156  3.572996           35.0    435.062683 -149.809708  13.421284  3.051612  285.948517
58   14.187147  -9.125255  349.262207  0.076337  1.819551           35.0    651.456116 -158.397217  12.676390  3.636652  291.247894
59   11.961643  -7.809511  347.749634  0.088399  2.237242           35.0    527.314758 -210.395233  12.854627  3.323211  285.780273
60    8.042126   5.249689  350.950623  0.098125  6.232765           35.0    389.680939 -139.994064  11.793297  3.811138  280.636139
61    6.601975  -0.523727  349.196960  0.089871  3.626513           35.0    495.497101  -13.123334  12.611637  3.488853  275.324371
62    6.889877 -13.823878  351.608398  0.097138  4.602022           35.0    425.126862 -102.024269  13.055340  2.575237  282.157623
63   11.992839  -8.815506  352.992096  0.082111  2.072204           35.0    464.390228 -180.200897  14.158020  3.131987  289.203339
64    6.577866  -0.253724  350.666046  0.106103  3.506291           35.0    408.938416 -205.346954  13.428718  2.436272  278.305634
65    8.141035  -8.246490  351.466095  0.073993  3.411165           35.0    553.562195 -129.405396  12.815405  2.849334  275.048950
66    7.021609 -22.954977  354.430145  0.126082  6.341982           35.0    371.914246 -204.349350  12.116113  3.485088  283.802277
67    4.646220  -3.468330  347.581421  0.091623  3.444876           35.0    410.628143 -144.165482  12.751836  3.754173  281.336060
68    6.470070   0.611401  349.444550  0.094933  4.287961           35.0    431.027649 -237.069519  14.113004  3.582901  278.857117
69   11.390207  -8.539492  345.716309  0.090842  2.645760           35.0    366.963715 -184.675125  13.566549  2.938510  292.418091
70    7.235053 -11.743316  346.821930  0.090419  5.457731           35.0    524.897217 -195.452652  13.644488  3.481810  282.096100
71   10.629435 -10.828905  345.291687  0.106998  1.789430           35.0    482.831848 -182.386475  13.471251  3.865701  293.558350
72    8.467368  -7.732332  350.451965  0.093413  5.583694           35.0    526.248596 -172.254623  12.908843  3.811280  281.124725
73    8.647785  -2.159295  351.274994  0.092058  4.266694           35.0    671.788330  -95.616074  13.333785  3.441380  277.027008
74    7.643626  -8.441492  350.315521  0.089910  5.050735           35.0    391.945404 -220.408035  13.379567  3.426996  284.730835
75   11.815105  -8.531278  351.455750  0.084920  1.640030           35.0    600.246216 -155.315063  14.234896  3.363101  284.843781
76    1.992032   3.071732  353.088165  0.108901  3.446271           35.0    380.648376 -182.286713  14.135480  3.922692  282.555725
77    9.793924  -6.430401  348.691254  0.095523  1.512555           35.0    414.554138 -200.023682  13.631772  3.475852  290.006134
78    7.665739  -5.621254  352.853577  0.079537  3.391621           35.0    453.878387 -115.230850  13.224801  2.658970  277.242401
79    2.660906   3.059345  350.341187  0.095136  5.077783           35.0    447.362427 -246.646042  13.172549  3.269685  276.640717
80   11.879126 -13.234311  348.251404  0.093268  3.858582           35.0    488.302429 -165.794922  13.904926  2.812876  289.091766
81    5.907496  -4.443506  344.681152  0.098669  1.524023           35.0    434.884521 -157.960922  13.820800  3.683020  282.079590
82    4.094939   3.405967  344.405701  0.110387  3.885692           35.0    369.026642 -199.205872  13.511742  3.534315  281.479919
83   10.672871 -18.182253  347.469513  0.105945  4.517370           35.0    396.603821 -246.154770  12.930305  1.424024  279.152527
84    5.965702 -11.394438  351.959137  0.090435  4.825369           35.0    431.701599 -185.986053  13.612628  2.643854  277.340027
85    5.451263 -11.341476  347.209259  0.089442  7.564669           35.0    365.905243 -194.395798  13.183047  3.221832  281.081451
86    8.565474  -7.207214  343.193665  0.093733  3.325280           35.0    438.227753 -158.252853  13.051490  3.765723  285.922668
87    3.398548 -11.822628  353.011047  0.091966  4.330938           35.0    547.384705 -134.966248  14.644276  3.670646  278.649994
88   18.766407  -9.749419  355.172668  0.139208  1.201979           35.0    484.035309  -93.664162  13.584758  1.286846  291.043365
89   11.392758 -12.220874  354.543549  0.106048  2.838790           35.0    515.959778 -161.380005  13.496693  3.700659  294.148010
90   11.342634  -8.457387  347.212921  0.086351  4.112650           35.0    713.885620 -240.329681  12.845311  3.829611  283.147095
91    8.413388  -5.102089  348.679626  0.076719  2.975314           35.0    369.738708 -169.383530  13.446655  2.096320  281.010925
92    1.732426   2.600374  341.712860  0.142848  2.240492           35.0    479.145874 -128.675049  13.094626  3.438509  279.382599
93    3.658231  -6.444994  347.246155  0.091536  3.470696           35.0    436.475250 -169.018951  13.233397  3.852732  280.411102
94    7.519584   0.284383  352.379089  0.078174  6.472400           35.0    527.751587 -139.756607  13.723824  3.613937  278.906616
95    5.585178  -5.194680  350.778473  0.088958  2.797536           35.0    446.999664 -204.522476  13.155405  3.194381  277.578491
96    8.040645  -3.417786  347.861633  0.075374  8.949209           35.0    565.485779 -244.181854  13.154603  3.391368  278.357910
97    2.052338   6.450869  352.451385  0.104226  5.047201           35.0    352.459808 -190.695297  13.799970  2.569780  278.018768
98   10.518807 -12.423988  345.624756  0.096988  2.810779           35.0    411.006744 -244.900711  13.050583  2.594788  287.670227
99    8.631845  -0.155373  352.193817  0.097255  2.858841           35.0    668.724060  -95.762634  13.853413  3.043828  276.293884
100  12.868310 -10.726375  347.864044  0.100152  2.270083           35.0    422.544373 -205.241776  13.405268  2.077904  286.596405
101   0.545998  -4.283928  344.562561  0.092094  2.491621           35.0    418.679321 -206.682510  13.766742  3.494617  278.662994
102  11.561383  -9.545863  349.567719  0.096960  1.570386           35.0    384.906799 -128.575851  14.055135  2.496218  291.809479
103   7.063066   6.859244  341.752716  0.134875  4.553533           35.0    378.149597 -200.579636  12.586475  2.803844  277.023956
104   7.648545  -5.555113  350.630035  0.084523  6.066375           35.0    527.281860 -237.615616  14.076583  2.945170  277.271881
105   9.374239  -4.742010  347.096222  0.090444  4.601428           35.0    417.436462  -53.526337  13.299650  2.947673  283.374115
106   3.162589   0.249983  344.734283  0.099227  3.563524           35.0    500.287750 -197.031250  12.908963  3.865765  277.276367
107   9.112120  -7.683943  348.488770  0.094598  3.012328           35.0    452.258942 -171.108856  13.649710  2.678936  277.682556
108   6.495960  -2.921432  349.184387  0.106641  2.890212           35.0    362.428558 -109.545227  12.932823  2.962138  287.012146
109   9.278053 -10.424645  349.541107  0.084164  6.605947           35.0    397.569275 -243.806274  12.986333  1.845750  276.160431
110   6.302434  -3.116681  352.587555  0.084674  4.119537           35.0    417.020447 -159.543945  14.078758  3.774662  284.546112
111   7.968213 -16.744184  344.603821  0.131726  3.123242           35.0    565.961121 -111.172501  13.065810  3.167253  283.449097
112   2.214087   4.024345  349.873230  0.092216  5.212620           35.0    351.957764 -194.944336  13.647553  3.366836  280.486023
113   7.320633  -7.593395  349.459229  0.100193  5.110936           35.0    483.238831 -202.846359  13.707840  3.025042  280.347046
114   9.739072 -14.427865  348.856140  0.114926  3.058918           35.0    611.790344  -65.196274  12.080641  3.955630  290.945587
115   7.577875  -8.608112  351.534607  0.096456  5.674428           35.0    378.048828 -191.981247  13.527323  2.791389  284.227722
116   3.036412  -1.826611  350.662567  0.093466  2.217730           35.0    413.593964 -201.169754  13.340351  3.540612  279.619385
117   8.668452 -13.522765  351.411560  0.094996  4.754532           35.0    418.442535 -233.530853  12.446866  2.059201  278.222198
118   6.915579  -2.614387  348.647095  0.086913  4.444665           35.0    354.422089  -91.028526  12.594363  3.056411  284.906036
119  10.896725  -8.335850  346.243866  0.083854  1.319414           35.0    433.707764 -198.058975  14.098589  3.040360  286.573456
120  13.475625 -12.046509  348.502777  0.097700  3.200818           35.0    508.810547 -215.862732  13.043287  2.443724  284.275330
121   6.472407  -6.036798  350.838623  0.096907  1.294663           35.0    519.897156 -153.142532  13.167436  3.241346  276.442963
122  11.204943  -1.825254  353.865631  0.087311  7.034931           35.0    602.595581 -231.804871  13.173233  3.117939  279.745880
123   5.456546   0.296452  347.077393  0.081461  4.793768           35.0    433.131409 -152.247910  14.161906  3.759315  277.892731
124   6.368614 -13.976978  351.377258  0.103720  3.916918           35.0    576.783630 -202.751907  13.995285  3.051354  278.205872
125   1.910738 -14.237446  351.089630  0.097219  8.555786           35.0    350.893097  -90.871643  13.422923  3.067567  281.726379
126   3.945699  -5.997519  343.457367  0.100775  1.072401           35.0    417.997803  -95.192581  13.675870  3.909685  284.315277
127   7.557280  -4.702098  346.404663  0.092338  5.041271           35.0    504.594055 -157.268982  13.639579  3.217867  278.469727
128   8.511500 -15.433747  345.575165  0.103776  4.154389           35.0    542.325928  -86.341644  13.575671  3.746086  287.757294
129  11.604604  -8.514167  345.736572  0.075632  8.615287           35.0    549.632080 -159.959503  13.293616  2.580899  279.275604
130  13.716793 -12.006214  346.660553  0.103224  2.758121           35.0    599.078247 -215.460083  12.418427  3.324059  291.695343
131   9.160562   7.265912  347.246399  0.104894  5.777182           35.0    402.505829  -95.577621  13.105247  3.834053  280.766052
132  10.565579  -7.293802  350.328339  0.085890  3.488303           35.0    350.094788 -234.733719  13.636036  2.713681  291.324036
133  10.249998  -4.413993  353.154694  0.073194  4.260352           35.0    440.421906  -37.637413  13.448024  3.373096  286.148712
134  10.722192 -14.753963  348.425964  0.103502  3.618543           35.0    569.705261 -190.850525  12.981544  2.964842  287.339417
135   6.045805   2.424858  346.305786  0.104523  5.961404           35.0    424.025208 -175.075668  13.527031  3.334375  276.050049
136  11.837928  -9.759439  350.821259  0.080091  4.152929           35.0    467.350433 -195.528397  13.740161  2.975853  285.850372
137   6.204621  -8.697488  348.323273  0.073946  4.665509           35.0    361.766602 -209.283417  13.798501  3.474411  283.479736
138   3.013010  -9.060771  350.299133  0.099108  7.455607           35.0    380.479004 -239.274765  13.781055  3.461593  280.980164
139   4.688875   0.010763  352.967896  0.079424  6.007119           35.0    427.261871  -90.376808  14.138232  3.304825  276.606171
140   4.607664  -7.272403  348.681854  0.095200  5.198545           35.0    430.469818 -140.977234  13.626678  3.704936  281.180145
141   9.754672  -6.237226  351.505066  0.080489  1.658858           35.0    531.442200 -172.998337  13.836092  3.366635  283.662964
142   6.823571  -8.743644  344.632782  0.096971  4.355168           35.0    374.115204 -183.213104  13.046260  2.868613  285.783783
143   7.167562  -4.823528  350.839630  0.090683  5.779109           35.0    444.408325 -204.586761  13.082277  3.708146  282.244263
144   6.684937  -5.463177  346.302124  0.080399  1.689946           35.0    434.633301 -199.926697  14.593689  3.041089  276.648590
145   9.822046  -1.404362  348.878296  0.101360  3.534127           35.0    610.900452  -26.780478  13.008479  2.758109  275.639221
146   7.367177 -14.268190  350.604462  0.102321  6.566759           35.0    430.200897  -35.976753  13.141183  3.165945  280.676910
147   2.475464  -1.210365  351.679413  0.101518  2.335778           35.0    501.691986 -148.338623  12.197032  3.905974  281.159454
148   9.188622  -2.646911  344.812347  0.083716  6.027610           35.0    690.623718 -185.199692  12.897998  3.925766  276.835052
149   1.645245  -2.451852  348.394043  0.105405  1.853998           35.0    396.518768 -185.334244  13.307939  2.883733  279.788788
150  11.470529  -9.604873  353.599213  0.088061  4.112433           35.0    367.250702 -243.547318  13.527312  3.481909  299.580688
151   7.689192  -4.296383  351.228333  0.077271  5.243102           35.0    507.056763 -158.629501  14.222260  3.440639  279.678040
152   8.752158 -17.506117  350.909973  0.125012  3.542798           35.0    722.851196 -155.965195  12.534458  2.974461  277.361877
153   8.672978  -8.621414  344.239563  0.069502  2.859988           35.0    439.724213 -221.822342  13.516074  3.417480  282.220062
154   6.356884  -7.063449  348.571991  0.092888  1.985710           35.0    358.892487 -219.150314  13.518827  2.839914  281.867004
155  10.722602  -4.337732  350.430054  0.077308  7.030825           35.0    394.662567 -203.958832  13.364738  1.963846  278.467194
156  10.090112  -9.439393  347.559570  0.089201  4.123599           35.0    459.280457 -211.293900  12.654331  3.030355  280.665039
157  12.536807  -6.998251  352.854919  0.086511  6.341430           35.0    436.179871 -205.252243  14.264092  2.049318  282.495087
158   3.658485 -15.672215  346.131104  0.092627  5.636927           35.0    420.741882 -178.700455  13.438053  3.246344  276.963654
159   3.617751  -4.032270  346.958801  0.096072  2.208296           35.0    556.008301 -169.766037  13.692225  3.770910  276.117737
160  12.872020  -9.301877  349.331451  0.078280  3.129420           35.0    671.309265 -169.805939  13.315334  3.816313  289.943451
161  11.038954 -11.394807  345.780914  0.104714  2.734974           35.0    380.280640 -196.735580  13.359657  2.576207  293.346375
162   6.655682 -11.085976  347.945282  0.094558  3.746798           35.0    466.799133 -122.415787  13.072510  3.296897  282.156799
163   8.958280  -0.335824  348.287476  0.086618  5.046141           35.0    380.430939 -105.547592  12.387629  2.871499  280.961273
164   9.260880 -13.199242  347.707581  0.100409  6.811798           35.0    422.683990 -196.729630  12.536487  3.719898  290.520752
165   4.503965  -0.032073  351.120331  0.085074  5.593019           35.0    377.845703 -243.133469  13.260833  3.343573  277.472321
166  12.829021 -11.085260  347.125763  0.079354  3.255565           35.0    593.598755 -188.388962  14.115720  2.867449  281.377258
167   5.745070   0.818616  347.517700  0.116693  3.045336           35.0    459.955139 -227.572647  12.858067  3.184345  278.347015
168   9.837621 -12.721554  349.916473  0.093390  8.198942           35.0    550.407898 -170.782669  12.714760  2.832678  276.938477
169   8.210891   6.256664  348.016998  0.085563  7.760101           35.0    366.730560 -210.389740  13.613298  3.513623  277.524536
170   8.551064  -5.270609  351.994415  0.073388  8.098782           35.0    478.593170 -110.637756  14.204781  3.346306  278.491547
171   5.319674   4.619875  349.083191  0.116549  3.815031           35.0    386.015808 -177.435959  12.953408  3.906037  287.024994
172  10.382424 -13.727463  350.990875  0.092005  4.782797           35.0    555.658508 -113.931961  13.150525  2.984989  279.169159
173   9.319897   0.998805  348.194305  0.097581  6.184253           35.0    558.402466 -202.867355  12.996324  3.853044  278.410828
174   8.431454  -2.736124  346.642151  0.095724  3.642877           35.0    549.453979 -228.898636  13.166611  3.193780  278.022308
175  11.176304   0.744319  349.752167  0.089526  6.298221           35.0    492.764587 -160.853943  13.205826  3.356845  282.182068
176   5.655577  -2.285591  351.742065  0.083170  6.855548           35.0    497.353943 -243.773468  13.747356  3.444727  277.536011
177   3.558052  -1.217947  349.784210  0.099366  3.542097           35.0    391.144836 -235.291443  13.643025  3.882808  283.525024
178  11.166058  -1.805501  347.059753  0.091270  4.499087           35.0    372.264252 -177.703598  14.379706  2.352946  283.318756
179   8.066146 -10.509214  347.373077  0.097404  1.900791           35.0    540.823914 -126.227921  14.246877  2.458853  276.353424
180  -4.787919   5.871155  340.781433  0.149776  2.344363           35.0    625.465698 -118.666191  13.480338  3.393543  276.406342
181   9.555851  -8.633440  348.219482  0.070680  2.514232           35.0    645.503967 -248.087570  13.336727  3.881326  281.393036
182  10.488338   4.153933  350.281158  0.098878  5.583718           35.0    390.580414 -190.761200  13.414340  2.788945  284.131104
183   9.235654  -5.555053  351.008179  0.074276  2.265816           35.0    378.708496 -134.766388  13.346910  3.151668  289.604126
184   9.423663 -17.529074  350.686584  0.089609  8.949588           35.0    433.824524 -189.654327  12.417413  3.741660  283.343353
185   9.211909 -10.089497  348.382660  0.079532  2.500659           35.0    408.481506 -118.863487  13.337628  2.548490  283.813171
186   8.353509   2.141957  349.489136  0.103824  4.615462           35.0    657.538147 -168.586472  14.163125  3.439712  275.763550
187   9.477328  -1.743320  347.067993  0.091908  3.107543           35.0    473.392639 -136.161133  13.776978  2.609646  279.312561
188   7.309206 -14.594324  347.556824  0.109503  5.284343           35.0    401.187775  -48.953648  12.752789  2.070460  279.128571
189   8.700765  -0.353661  347.751831  0.076695  6.615588           35.0    372.987762 -143.770340  13.430595  2.766891  281.023987
190  11.676623 -14.056073  347.515961  0.115019  2.364659           35.0    449.027100 -145.078552  13.838628  1.945532  286.263611
191   4.329693  -2.026883  344.491608  0.105597  2.481316           35.0    659.330505 -130.192841  12.779928  3.655634  275.339508
192  11.776838  -7.128577  351.183807  0.092482  7.671925           35.0    719.337891 -239.417816  13.946037  3.337155  282.497864
193  10.016055  -6.865013  348.673553  0.100136  4.459387           35.0    650.959534 -141.656677  14.622866  3.465559  280.513733
194  11.243254  -8.929042  345.728333  0.093884  2.082790           35.0    406.937317 -180.069717  13.022839  2.820490  287.708374
195   9.398671  -5.404140  349.469025  0.095705  2.830362           35.0    449.633087 -177.656860  12.997031  3.844682  285.274902
196   7.202444  -4.568310  353.547394  0.076340  1.854998           35.0    747.773987 -156.727768  13.908446  3.650291  275.809265
197   7.726163  -4.599707  352.608643  0.089437  2.609456           35.0    435.555115 -232.038910  13.634335  2.204363  275.739532
198  10.763810  -4.322564  350.346802  0.073186  2.528117           35.0    475.345642 -143.293518  13.624318  2.651926  276.793304
199   8.201550  -1.704472  345.910248  0.103754  3.963263           35.0    415.722382 -177.963028  14.079963  2.481697  279.047607
200   4.808740  -0.590340  347.136719  0.124052  1.982681           35.0    373.500336  -75.040665  14.204379  2.508797  283.188538
201   2.885321  -2.037336  351.047943  0.102917  1.276416           35.0    494.477112  -69.962563  13.466190  2.931446  276.771301
202   9.813289  -6.367148  349.880615  0.080276  3.724236           35.0    547.158875 -248.102325  12.560039  3.813393  281.323853
203  10.590423  -2.509817  349.852600  0.097428  3.892496           35.0    360.827728  -72.246376  13.336408  2.818798  287.628967
204   7.315216 -11.616761  346.889465  0.104997  3.188273           35.0    499.502167 -206.626053  13.480027  3.703950  285.316254
205   6.913889 -13.098102  343.310730  0.096084  3.653948           35.0    507.475433 -168.343811  13.198514  2.979494  278.391388
206  14.520315  -9.891305  348.720795  0.102778  1.539649           35.0    384.754059 -172.196487  13.862366  2.590167  298.760193
207   8.468039  -4.162065  347.821655  0.094840  2.933744           35.0    580.425049 -243.478287  14.076281  3.692585  278.807007
208   7.140154   0.582842  345.240784  0.090715  7.333760           35.0    366.889526 -188.718689  12.630443  3.847403  282.271912
209   0.629444   7.324357  351.247711  0.122190  4.459858           35.0    425.066895 -241.422440  13.268946  3.552183  277.678497
210  10.643271  -9.015762  350.429108  0.104247  2.546406           35.0    429.703064 -240.049194  14.047067  2.487926  284.229279
211   9.606899 -15.500840  348.367401  0.088582  5.149499           35.0    527.365051 -220.751480  12.606297  2.353610  275.990753
212   8.023190  -9.467232  350.513245  0.090666  4.730224           35.0    485.999054 -130.442245  12.455904  3.033253  281.222778
213   3.430804  -3.265495  350.425201  0.074773  1.674623           35.0    468.393402 -118.790718  14.067709  3.820184  277.560425
214   6.765933 -12.782721  349.212250  0.085389  7.868441           35.0    390.673218 -113.938423  12.837195  3.281846  283.189178
215   9.282681 -14.620231  352.795197  0.110786  3.965955           35.0    523.893188 -176.674469  13.376867  3.133998  284.146484
216   3.977506  -1.649257  344.514465  0.121837  2.151038           35.0    463.502075 -170.202774  12.949423  3.772926  283.864685
217   7.083717  -3.292522  354.756134  0.082396  2.786414           35.0    465.410980 -200.705673  13.447787  2.974410  280.221680
218   5.219641   2.800533  344.751495  0.113922  4.432914           35.0    353.379578 -142.307831  13.098614  2.915512  280.271454
219   7.736217  -4.793537  348.027039  0.093858  2.848071           35.0    358.266998 -187.626816  13.510553  2.963644  284.230164
220   7.867956  -5.466629  344.039581  0.093893  2.841493           35.0    504.494324 -192.625046  12.250426  3.914457  283.957092
221   2.559077   5.553217  348.133270  0.127760  3.583449           35.0    439.678101 -145.946960  13.808219  3.559662  281.656616
222   0.399780  -1.488689  344.678894  0.110064  1.849463           35.0    394.314331 -171.911346  14.187902  3.947027  280.798462
223   7.397806  -8.092266  345.381409  0.099943  1.734681           35.0    634.630432 -205.252777  14.118656  3.740438  279.530457
224   5.777662   1.291958  347.841522  0.097714  5.355258           35.0    414.494995 -235.476669  11.771422  3.555602  280.652618
225  -1.463456   4.001499  344.885254  0.127768  2.933492           35.0    473.932648 -218.998062  13.842183  3.599369  278.212463
226  11.851559   1.081788  351.738495  0.097668  6.939246           35.0    520.832031 -243.664429  13.807725  2.677367  276.164795
227   9.656819  -7.825345  351.747040  0.080554  7.653537           35.0    561.442810 -113.291176  13.076301  3.758456  282.465759
228  11.682929  -9.230983  346.803040  0.088994  1.292193           35.0    708.102905 -101.478447  13.909278  3.902560  286.358429
229   7.149436   5.643246  348.431335  0.132054  4.440666           35.0    405.144470 -151.664764  12.254605  2.530712  277.374756
230   9.557074   2.867124  346.791229  0.104859  5.427166           35.0    387.697998 -172.347824  12.749124  3.061062  281.962830
231   6.146318  -6.040173  349.279266  0.067955  5.861584           35.0    421.162781   17.667238  14.087705  3.212939  279.241638
232  12.311842 -13.047662  350.448486  0.121976  1.961875           35.0    393.485809  -56.099926  13.234832  1.433651  289.620758
233   5.514749  -2.865035  349.257294  0.096458  3.634729           35.0    378.275269 -206.136642  13.086296  2.009168  276.362061
234  12.093529  -7.007228  351.608948  0.072805  1.375065           35.0    534.292542  -49.078537  13.502075  2.466507  278.942932
235   6.414251  -7.894680  348.554047  0.089629  3.360607           35.0    590.826355 -218.583191  13.139033  3.724539  276.443542
236   5.838391  -4.504942  347.605652  0.089962  1.664482           35.0    367.527893 -161.995712  14.005930  2.208742  279.921295
237  11.041107 -10.904387  348.809235  0.096186  2.366745           35.0    625.780762 -154.473709  13.596695  2.844985  281.943695
238   9.737486   3.372123  350.078644  0.113812  3.976990           35.0    475.855194 -194.070862  12.718492  3.224513  281.823578
239  11.156382 -10.861361  350.520294  0.105380  5.101704           35.0    528.276428 -201.882126  13.712602  2.611249  281.373688
240   6.664228 -12.915660  349.215912  0.090280  4.729572           35.0    418.932831 -189.211929  12.930964  3.426745  287.158569
241   9.160080   1.696867  349.298553  0.106835  3.646903           35.0    560.372986  -36.178448  11.999298  3.181176  279.569824
242   0.208629  -2.524951  349.523254  0.082368  1.587488           35.0    417.991699 -233.354202  15.036162  3.783273  278.463684
243   6.962305 -12.797368  347.596832  0.107956  7.283544           35.0    426.779785 -198.853714  12.325131  3.303934  284.823303
244   6.591091  -0.630626  350.197083  0.105725  2.527327           35.0    552.711609 -110.363892  14.183072  3.547796  277.915710
245   7.519528  -1.858381  349.592377  0.105008  3.537820           35.0    725.573181 -152.047333  13.618437  3.775854  276.793365
246   8.023013  -1.138193  349.293213  0.085248  6.135038           35.0    535.283936 -227.043900  13.137759  3.289430  275.280060
247   8.926427  -6.572953  350.069000  0.087962  2.306455           35.0    634.465454 -222.730865  13.788510  3.490184  278.861786
248  11.311061  -5.152306  349.708588  0.087798  5.944309           35.0    403.807251 -224.887451  13.560969  2.051719  281.014740
249  10.505894  -8.555573  351.033112  0.090414  7.605487           35.0    501.067688 -102.572464  13.434114  2.954976  279.430084
250   8.550829  -5.457904  347.856903  0.068643  5.583522           35.0    610.052063 -172.748215  13.392057  3.892656  278.526459
251  10.523964  -9.871969  349.894165  0.082008  5.917840           35.0    375.427338 -234.843918  14.003404  3.686633  297.188660
252   7.428611   2.590393  349.837006  0.090432  5.242796           35.0    375.167236  -84.265221  12.618612  2.410977  278.028046
253   9.872671   3.757261  346.597107  0.095081  7.233006           35.0    356.302551 -160.186020  13.139791  2.634130  280.709351
254  11.528175   2.182625  352.402649  0.108222  5.578094           35.0    486.024109 -217.576706  13.057479  2.918920  280.487823
255   9.929112 -11.481274  347.340546  0.111458  2.173861           35.0    385.019012  -89.555405  13.316225  3.080764  294.852814
256  10.550617 -11.125720  350.564514  0.082493  3.041865           35.0    559.020813 -225.837051  12.941209  3.833733  286.678650
257  12.847747  -9.504790  344.995178  0.097038  2.976128           35.0    384.030945 -189.551682  13.688861  2.858026  294.550262
258   8.515574  -2.072906  351.516724  0.093472  3.407629           35.0    487.891083 -210.895340  14.172002  3.431576  282.724548
259   7.286129 -13.162297  347.286957  0.082392  4.873121           35.0    446.336884 -226.124527  13.558674  3.981239  286.239899
260   1.599870  -3.069612  350.057159  0.093495  7.833208           35.0    435.685181 -235.291473  13.098666  3.993443  276.699921
261  13.150316  -7.390342  346.016632  0.097399  1.671452           35.0    581.125305 -153.108994  13.264102  3.579142  287.649872
262   8.866138   2.879463  346.205933  0.100232  6.292542           35.0    422.551758 -104.067261  13.137703  3.473454  282.007141
263   9.652431  -3.960855  348.216827  0.089075  8.098358           35.0    455.658417  -98.247734  13.242127  2.635590  277.827148
264   6.362905   1.442685  347.644287  0.103665  6.036447           35.0    410.076355 -148.221313  13.411585  3.260237  279.949005
265  10.065331  -7.740602  348.877258  0.084816  7.665233           35.0    386.691101 -228.818237  13.954948  2.664895  288.847382
266   8.563397  -9.386468  348.747559  0.084777  3.063077           35.0    371.967499 -249.229767  14.128294  3.495605  288.272675
267   4.285337  -6.548993  343.236084  0.078646  1.730726           35.0    374.313263 -198.342728  13.959799  3.242259  278.803802
268   7.689031  -5.125976  346.911438  0.080944  7.375038           35.0    397.505646 -209.195618  13.061474  2.878811  277.789093
269   9.619650  -5.685611  351.272125  0.075601  2.217924           35.0    352.713593 -133.015625  12.798762  2.181000  283.446930
270  10.630411  -0.375134  348.246094  0.086458  8.191558           35.0    512.092407 -218.700150  13.207770  3.624754  280.375397
271  -0.815732   3.263482  347.426819  0.126348  2.741260           35.0    459.101227 -133.293655  14.326083  2.897010  275.697845
272   6.250789 -17.685858  346.777405  0.098694  5.472219           35.0    384.548676 -101.922310  13.266347  2.995554  284.914124
273   4.541359   5.949571  351.966461  0.093762  6.963096           35.0    385.908173 -185.201324  13.022540  3.549989  280.688110
274   4.799011  -5.863287  352.666901  0.093682  3.650423           35.0    413.787048  -80.485466  13.080095  2.594903  276.519653
275  11.042377  -7.578666  351.210876  0.092327  3.701083           35.0    418.662750 -195.292130  12.457385  2.978085  289.326416
276   6.277861  -7.115005  348.761292  0.084318  4.723983           35.0    380.104095 -181.049164  14.624450  3.943900  288.669312
277   8.940392  -3.341824  352.648132  0.094031  3.786217           35.0    416.732880  -44.954971  13.184364  2.213311  278.339844
278   4.061265   0.860045  344.805756  0.089632  6.266752           35.0    373.840393 -179.573868  12.730199  3.366854  277.483826
279  12.776165   8.551354  350.052704  0.122179  6.738887           35.0    375.797729 -125.890053  13.111708  3.546876  284.727509
280  12.495843 -16.891582  352.604858  0.115160  4.074666           35.0    412.502136 -249.397751  12.935991  1.589769  285.864532
281   7.321697  -8.658355  349.644989  0.069941  5.692847           35.0    439.348816 -232.174698  13.446650  3.744404  283.085815
282   9.016712   0.592870  349.436737  0.092073  3.590320           35.0    376.951569 -156.276459  13.192201  2.720269  283.114777
283  12.177711  -2.682987  351.813660  0.094170  2.954991           35.0    647.608398 -216.243225  13.248834  2.530957  275.953796
284   8.110846  -1.102587  347.008850  0.105974  2.800270           35.0    408.129913 -127.161827  14.181367  3.233750  289.155090
285   7.854892  -4.877103  351.304901  0.085979  2.955515           35.0    590.842285 -113.250961  14.107622  3.516166  277.224518
286   4.087203 -13.036117  344.653412  0.080423  6.003383           35.0    446.782959 -137.481140  13.253192  3.420377  277.825653
287  10.310673 -11.720946  348.613556  0.074908  6.222921           35.0    529.839172 -231.764786  13.621730  3.048575  280.488953
288   2.286977   3.859568  349.848145  0.120464  2.885876           35.0    373.958801 -153.315781  12.943262  3.819301  288.289032
289  10.154877 -13.639721  353.590057  0.104238  3.792321           35.0    510.823425 -193.556778  14.174636  2.809904  285.373352
290   7.774198  -5.079027  350.965637  0.078019  5.684894           35.0    403.054932 -181.883972  13.057212  3.591244  284.328583
291  10.873686   0.766486  352.162140  0.099799  5.671735           35.0    568.580688 -106.405800  13.493961  3.616318  283.429779
292   6.064974   3.945770  349.080750  0.095605  6.399518           35.0    353.832947  -96.855881  13.353190  3.489224  283.672668
293   6.966124  -4.618351  350.002625  0.081186  1.934933           35.0    382.685394 -174.896103  12.133348  3.805002  287.094421
294  10.834783  -8.935628  350.698730  0.091899  2.416054           35.0    708.589478 -222.847336  13.702132  2.917247  277.902924
295   4.267052   1.821772  346.606354  0.106587  3.742331           35.0    495.947357 -155.222107  14.485459  3.769736  275.568451
296   6.316239  -2.980385  349.961609  0.086798  2.786778           35.0    505.454285 -195.451401  12.734837  3.557972  278.778656
297   7.229382  -4.328918  348.455505  0.075630  2.529510           35.0    418.650513 -170.546356  13.113335  3.326966  280.538208
298   3.331944  -9.487808  346.731659  0.082496  4.064427           35.0    436.448578 -208.787766  14.050684  3.461533  277.205627
299  11.205775 -10.606603  344.849640  0.083903  2.166038           35.0    565.232849 -186.844711  13.004987  2.866106  281.100647
300   8.017236  -2.009971  352.889923  0.087430  5.421813           35.0    660.797607 -157.890427  13.765918  3.664711  278.184906
301   6.979795 -10.230027  344.713470  0.073979  3.972892           35.0    436.315948 -220.512161  13.109454  3.724569  281.158203
302  11.219226  -1.648597  348.880798  0.093210  5.521443           35.0    353.053406  -56.787014  13.242937  1.864692  282.369507
303   6.220399  -4.016061  347.373993  0.072364  3.753194           35.0    541.521790 -249.861328  14.474093  3.265617  275.505707
304   8.600467  -4.304020  350.496185  0.077127  8.699119           35.0    524.853943 -193.795258  12.382465  3.672385  277.440674
305   8.509942  -1.275896  351.429474  0.085381  4.980525           35.0    560.094788 -191.851181  13.361463  3.262240  277.621490
306   8.263698 -13.979589  348.035339  0.101851  4.394505           35.0    482.135529 -228.211426  12.807452  2.896059  281.482056
307   4.140441  -8.426280  344.684998  0.092431  4.636350           35.0    397.176880 -228.567200  11.839518  3.464320  278.921936
308   5.120142 -11.998878  352.469727  0.100303  6.075920           35.0    363.783264 -114.026848  12.501930  3.719400  288.674072
309  12.630430 -12.781939  344.271851  0.087201  2.715938           35.0    355.779236 -238.688538  13.840586  2.944548  300.031067
310   8.545317 -10.575746  342.968781  0.093093  7.168836           35.0    464.488739 -204.120911  12.468428  2.838267  277.849121
311   7.925143  -8.801533  347.160583  0.092536  2.757926           35.0    636.236267  -37.849953  13.236042  3.690324  278.246887
312   9.538938   4.173924  347.581696  0.088631  7.453100           35.0    351.463379  -57.151505  14.256362  3.289924  282.387726
313   8.813353 -11.532940  349.179749  0.088389  3.624871           35.0    488.779266 -218.999161  13.151353  2.655298  278.172516
314   7.847072 -13.914233  353.606171  0.081168  8.721897           35.0    437.278320 -170.061829  12.927462  3.635200  284.068085
315  11.074250  -4.933534  349.698975  0.101762  3.078282           35.0    566.019287    1.085980  13.599003  3.207733  282.146637
316   4.078775   3.390215  344.828094  0.095712  5.313758           35.0    476.382263 -172.568893  12.628904  3.996763  276.536621
317   5.686948  -3.632862  348.476868  0.096935  1.555078           35.0    408.061188 -144.161240  13.432212  2.783356  281.367188
318  12.901085  -5.239495  353.983093  0.077719  3.835872           35.0    482.789459 -219.323639  13.723817  2.498915  283.303589
319   9.147058  -5.913099  347.257202  0.089529  8.197101           35.0    551.212585 -232.025024  13.839448  3.426372  278.031250
320   6.095790 -12.363425  351.667847  0.088245  5.578585           35.0    379.740143 -245.802917  12.921904  2.981905  282.599304
321   9.845087 -13.765883  348.272552  0.094548  4.970185           35.0    545.724426 -173.009033  13.685260  3.083676  283.051392
322   9.351873 -12.951435  348.326416  0.091798  3.406937           35.0    625.377441 -137.953171  13.214534  3.343497  279.714661
323  11.487481   1.733424  351.390564  0.100095  7.686065           35.0    435.221161 -193.016159  13.088139  3.435469  285.696472
324   5.523008  -6.641294  348.759094  0.080276  2.065471           35.0    509.171112 -175.932480  14.148306  3.717947  280.798401
325  11.134238  -5.192016  351.004150  0.085502  8.272488           35.0    637.837402 -177.403214  12.148374  3.305885  282.375153
326   9.249487 -10.453678  352.052002  0.090504  3.455274           35.0    572.871765 -210.771545  13.501070  2.887491  278.970245
327   7.047465  -6.465872  350.533936  0.079609  4.443884           35.0    415.445068  -68.382637  12.319090  2.583546  276.440002
328   4.770824   5.723746  347.969421  0.115789  4.567351           35.0    403.042938 -241.581985  13.646218  3.373547  280.734863
329  12.171727  -8.180743  349.399506  0.072722  2.051797           35.0    448.376648 -243.145599  13.550004  2.554395  282.995789
330   8.248178  -6.088635  349.607117  0.096024  1.305400           35.0    436.390869 -104.023094  14.861805  3.724062  285.985107
331  11.798279 -11.116981  346.340942  0.096951  1.926672           35.0    437.748444 -124.384911  13.637437  1.970748  283.721924
332   8.718232  -4.741469  350.079010  0.076795  3.061344           35.0    358.535767 -190.038605  13.024153  3.280649  292.509796
333  13.454096  -4.358129  349.438080  0.081457  6.308415           35.0    619.942139 -242.983185  13.522377  3.233476  285.225616
334  12.214498   1.551641  349.354767  0.075383  8.930097           35.0    388.579041 -186.110580  12.463060  3.504324  288.420044
335  12.967854  -7.792519  351.575348  0.100443  2.494595           35.0    468.050995 -186.604630  12.321601  3.821483  294.359619
336  10.600701  -6.803770  348.791107  0.069423  3.206115           35.0    559.698303 -149.762863  13.172518  3.958472  283.451752
337   6.261316  -5.758219  349.452393  0.085143  4.490054           35.0    371.782440  -29.220654  13.186408  3.061616  284.983795
338   9.257332  -6.694288  349.913330  0.077599  3.684716           35.0    391.137909 -230.166916  13.972832  3.818787  288.878693
339  12.266911 -10.098863  350.290405  0.100540  2.318173           35.0    402.914612 -217.249649  12.607211  3.853740  298.656525
340   5.584690  -3.488906  347.679352  0.098146  6.513525           35.0    389.270630 -131.236298  12.775300  3.337688  282.976807
341   3.928412  -1.163926  347.576538  0.104997  3.597825           35.0    397.955292 -131.183868  13.604873  3.676730  282.602020
342   7.239605  -4.489457  346.473541  0.098947  3.072070           35.0    429.227020 -236.915085  13.054707  2.691412  277.190247
343   7.458468  -4.347620  348.752014  0.087200  1.876934           35.0    655.652710 -157.466156  12.960448  3.703299  278.379333
344  11.608347 -14.120641  343.386932  0.107884  3.014254           35.0    562.037048 -190.899429  12.901448  3.867794  291.098572
345   6.472914  -3.273603  347.358276  0.081307  6.204330           35.0    375.085663   17.177872  14.019435  2.794897  283.739899
346   7.502352  -3.435138  345.565430  0.081204  5.105310           35.0    400.376190 -169.318008  13.926481  3.355609  281.987854
347   5.899952  -6.711655  347.904449  0.089445  4.835537           35.0    405.679932  -96.622070  12.704741  3.801782  283.451508
348  11.650804 -10.112988  347.865540  0.106595  2.316918           35.0    540.808533 -208.337738  13.111332  2.802587  284.244446
349   5.407887  -3.860334  347.817261  0.081426  7.661911           35.0    390.005096 -208.689240  12.795902  3.422997  282.019714
350  12.005706 -11.660697  349.280548  0.097149  2.992093           35.0    435.864258 -217.987930  12.900004  2.966224  294.105377
351  -3.175524   2.289160  345.304260  0.122076  2.780394           35.0    403.573090 -218.981506  14.552673  3.749842  281.641846
352   8.238117  -6.082131  348.470428  0.079188  1.785904           35.0    472.389679 -201.785660  13.483217  3.772642  283.652985
353   8.885680 -10.370985  347.988403  0.097384  4.620167           35.0    496.662262 -214.144547  13.484699  3.772635  284.904144
354   6.297848  -1.810118  348.925964  0.090637  4.766660           35.0    379.136780 -139.971252  13.789973  2.947854  283.336884
355   8.762273  -5.382679  351.646362  0.083358  6.411987           35.0    701.586182 -238.561920  13.806044  3.863522  278.505157
356   4.810669 -14.941926  348.377808  0.105290  8.941400           35.0    581.017517 -218.484695  12.524229  3.763308  275.223206
357   9.845940   2.744543  345.867706  0.113592  5.259564           35.0    377.870331 -234.772049  13.251011  3.689542  286.927460
358  10.162872  -4.550216  355.775818  0.089669  3.804032           35.0    427.620483 -209.019684  13.198808  1.994697  278.323029
359   1.940218  -5.721512  345.188934  0.095791  4.466775           35.0    368.041412 -238.367676  13.230802  2.440790  278.754089
360   7.682927 -16.954958  345.885284  0.124056  4.076830           35.0    527.797974    2.210867  13.282187  3.632846  285.037476
361   6.585905  -6.697214  345.142853  0.086678  6.224926           35.0    593.214905 -231.328796  13.545426  3.823543  279.468292
362   6.216660  -7.486497  349.104675  0.083780  6.467668           35.0    409.668335 -108.100098  13.740309  2.896188  279.275635
363   4.922476   3.994637  349.354858  0.095947  5.219736           35.0    387.468597 -197.548477  13.942684  3.429832  281.520050
364   4.896427   2.561645  349.419952  0.075869  7.210524           35.0    392.403839 -193.373398  13.108012  3.382675  275.622162
365  11.208566   1.232710  346.718536  0.104642  5.243304           35.0    436.564392 -213.516937  14.231600  3.138140  280.203918
366   4.158592   8.928403  350.914551  0.101914  6.816729           35.0    382.856293 -172.926193  12.824909  3.856764  278.005249
367   7.047953  -6.431165  348.746338  0.087996  2.005171           35.0    528.948486 -122.566467  12.940931  3.480743  280.507477
368   6.724293  -3.911880  350.453644  0.090549  3.380104           35.0    370.811005 -149.817856  14.882120  1.834632  275.511749
369   8.229964 -15.291659  349.170105  0.101730  5.451008           35.0    643.987732 -209.610489  12.591558  3.726139  279.272675
370  11.759101  -9.914437  349.785370  0.093011  3.514844           35.0    516.844482 -128.046326  13.492055  2.810862  282.517120
371  14.423460  -7.479851  352.895081  0.077414  1.226944           35.0    438.459381 -170.748917  13.363928  2.318815  286.890045
372  10.999940 -11.690935  351.383759  0.096670  3.287820           35.0    544.823975 -212.924042  14.347835  3.008562  286.559967
373  11.057366  -7.755072  349.627350  0.082636  1.538824           35.0    385.327423 -218.064880  14.085590  3.496518  292.090515
374   3.950112  -0.815305  347.633270  0.077249  6.223601           35.0    443.568542 -166.621307  12.998945  3.854844  278.993378
375   8.564796  -1.450303  354.070312  0.094380  2.779948           35.0    454.488892 -181.775482  14.317748  3.866091  286.087555
376  12.542044  -9.849043  347.662354  0.088450  2.029091           35.0    464.203949 -234.505493  12.789151  3.198630  288.609406
377   7.167235  -1.729068  349.682617  0.073992  5.792197           35.0    394.033142 -241.896408  13.379235  3.277199  282.658112
378   9.700429  -2.792539  350.557037  0.105371  6.105959           35.0    616.406738 -242.284729  13.300099  3.940361  283.743439
379   9.138821 -11.761817  342.726624  0.094494  2.303874           35.0    673.654358 -197.942474  13.980524  3.444822  280.530701
380   6.317091   5.127755  351.573181  0.117748  4.452686           35.0    716.993347 -147.973114  13.051082  3.835481  275.300323
381   8.798399  -7.543542  344.795776  0.089748  5.613296           35.0    546.535950 -171.750504  13.770080  2.871645  278.360077
382  10.302783   3.324053  346.714203  0.104942  6.042345           35.0    380.010986 -243.480911  12.406312  3.111245  283.439209
383   5.674412  -1.661579  346.881622  0.099552  4.145586           35.0    403.013153  -84.704262  12.533590  2.850904  276.446381
384   6.594437 -15.036624  350.401001  0.100592  5.645451           35.0    448.838440 -119.503693  12.907897  3.133480  281.641571
385  14.345442  -5.553711  343.548431  0.081290  5.825462           35.0    514.863159 -143.673492  12.419999  3.302035  289.197083
386   8.854977  -6.082198  348.509064  0.090027  2.789979           35.0    560.540710 -117.959511  13.735738  3.493815  278.767700
387   6.769484   0.425442  348.993561  0.092115  4.974370           35.0    535.627625 -241.813980  14.205879  3.302603  276.838562
388   5.858331  -1.503435  347.674133  0.100339  2.376586           35.0    456.192902 -136.451843  12.798644  3.152909  278.937317
389  10.106783  -7.602463  349.814331  0.088704  8.856640           35.0    647.606506 -244.004456  13.874350  3.648937  280.678436
390   8.263175 -12.036687  350.796051  0.088655  5.488132           35.0    457.206604 -170.231308  13.205344  3.022734  281.546875
391   6.687647  -5.802186  348.890259  0.089082  1.849845           35.0    376.205658 -221.649948  13.639806  2.641673  279.655365
392   7.856814  -9.538561  341.218994  0.094105  1.332726           35.0    444.928528 -147.468445  14.522510  3.749243  283.499023
393   6.932704   0.905621  342.626251  0.108213  4.356514           35.0    412.403503  -67.646729  13.256948  3.447743  281.153290
394   8.472136 -11.445344  350.256622  0.087091  4.669761           35.0    494.542511 -216.518799  13.369238  3.085933  282.351776
395   7.796513 -11.232710  346.993103  0.093294  3.064169           35.0    524.781372 -147.726715  13.979326  3.107778  280.658173
396   6.663328 -14.968906  345.576172  0.096934  6.577655           35.0    394.612518 -240.525208  13.456256  3.192504  285.208801
397   6.848246  -5.204073  345.038391  0.094138  7.058301           35.0    418.445831 -240.939667  13.994404  3.660261  286.047394
398   6.398988 -13.633309  349.774017  0.080083  8.344932           35.0    445.772675 -216.226456  13.154419  3.705274  282.689484
399   8.241355  -6.735642  351.336029  0.087053  2.472218           35.0    593.802795 -166.147049  12.288618  3.883342  281.362701
400  12.438722 -10.433234  349.196411  0.107004  2.214862           35.0    652.632751  -82.797668  13.491028  3.547696  289.625671
401   7.829446  -6.328498  347.153290  0.095502  6.727211           35.0    428.797760 -245.655640  13.303432  3.719699  287.252411
402   6.299631  -5.579109  349.177979  0.096706  2.544092           35.0    357.984436 -160.486801  13.751622  2.922599  287.221741
403   6.311612 -10.719637  351.538971  0.100547  5.488731           35.0    737.074097 -222.173553  13.460295  3.757362  276.631714
404   9.581968  -4.649315  348.570618  0.081022  2.046546           35.0    442.381287 -177.101013  13.461580  2.664627  279.672211
405  10.183280  -4.995974  350.970490  0.102334  4.736223           35.0    476.769745 -193.627243  14.003930  2.545018  280.030151
406   6.160859  -3.655792  351.762390  0.082285  4.664071           35.0    354.154907 -182.376282  14.108617  3.728477  288.684570
407   4.967161  -6.366903  345.603180  0.079270  7.661750           35.0    402.255402 -248.035431  12.608446  3.103722  277.960480
408  12.086717   6.494883  347.485992  0.093856  7.489858           35.0    383.053955 -214.862396  12.427937  3.494789  284.038208
409   5.003985  -2.979170  348.712524  0.078183  3.629734           35.0    468.384491 -199.845978  13.522526  3.997135  279.518982
410   9.164031  -9.150908  353.748505  0.075408  4.784672           35.0    522.525391 -138.967941  13.072637  2.673919  275.366913
411   4.225964   2.949034  344.431458  0.115861  3.012630           35.0    563.329773 -142.095001  13.368422  3.832329  277.741730
412  10.599054  -5.807516  345.142944  0.069272  4.984150           35.0    455.890594 -146.845184  12.440334  3.115804  281.332642
413   7.026593   1.086161  350.866455  0.086780  5.082831           35.0    596.044250 -216.436539  13.420192  3.351888  275.812378
414  -4.452045   8.934712  341.028412  0.143099  3.498336           35.0    389.165649 -209.806198  13.010822  3.556172  280.138184
415   6.460211 -14.088227  350.566193  0.101966  4.440956           35.0    355.225159  -61.420265  13.704385  1.696959  277.839081
416  10.046136 -11.618742  351.033691  0.083540  6.279358           35.0    437.767670 -196.403397  12.943133  2.490834  278.414307
417   7.939265  -8.016214  345.998047  0.088398  3.041407           35.0    495.669006 -243.590378  13.344844  3.485635  282.595520
418   7.841013  -2.517190  347.481445  0.095998  6.857293           35.0    516.578064 -232.940460  14.184590  3.917226  279.666473
419  11.270225  -8.007511  344.533051  0.102634  3.123153           35.0    464.229553 -222.162506  14.153346  2.353958  282.280762
420   6.448482 -10.526368  350.180450  0.095158  5.007446           35.0    391.754730 -110.479935  13.763468  2.471993  280.292877
421   4.154478  -3.250529  347.450043  0.101073  2.300642           35.0    382.794556 -110.046730  12.904322  2.634794  280.490112
422   7.893336  -7.561470  346.880127  0.089609  3.371533           35.0    650.365967 -241.831146  14.062173  3.755484  280.558929
423  11.000887 -12.925773  347.274628  0.092387  3.803382           35.0    539.730835 -240.397293  13.383672  2.514242  277.807465
424  12.316780 -10.591014  345.699524  0.087083  4.176931           35.0    575.318848  -74.178825  13.785707  3.855931  288.602417
425   7.100154  -8.457987  350.382507  0.090553  2.512896           35.0    437.402618 -170.033768  13.394498  2.512948  277.710052
426  11.404631  -3.514017  349.625244  0.071990  3.599302           35.0    735.964111 -186.889343  13.092380  3.615058  278.976685
427  10.921424 -10.580784  349.578613  0.089631  2.716595           35.0    519.213989 -227.170029  13.933076  3.398378  290.293976
428   9.925647  -8.376479  352.120636  0.108462  2.613011           35.0    377.964325 -206.704086  14.382664  3.380146  293.819427
429   7.472435  -6.967645  350.733490  0.073625  8.078502           35.0    360.340057 -212.525238  13.524912  3.572605  288.878937
430  14.133646  -9.842596  349.873871  0.091330  1.407339           35.0    619.348206 -156.058594  14.240243  3.187219  292.181580
431   7.484652  -2.261392  345.792542  0.084480  3.373779           35.0    390.651062 -229.429443  13.569194  3.306745  281.652771
432  11.752855 -16.736761  350.629059  0.107124  5.159626           35.0    528.426331 -231.183762  13.244658  2.247912  280.092346
433   9.632094   1.909295  350.365814  0.074892  8.163157           35.0    380.360748 -176.892975  12.812387  3.894339  285.124542
434  10.594462  -8.121690  351.986023  0.078208  3.409301           35.0    742.251465  -90.547791  13.612415  3.519809  279.132538
435   9.468999  -7.836960  345.766083  0.089117  2.185777           35.0    425.291748 -202.797607  14.502525  2.800212  282.311768
436   7.600947  -1.756363  344.915894  0.089351  5.228725           35.0    410.556854 -235.506729  13.233543  2.922627  277.907990
437   9.666696  -0.055126  351.351135  0.092830  4.376657           35.0    527.071777 -155.083694  12.945878  3.158662  277.855103
438   4.220623   3.445621  348.320496  0.102028  3.901518           35.0    583.706421 -107.855469  12.740899  3.918521  275.489227
439   7.685633 -12.068636  347.983429  0.100821  3.575042           35.0    471.283264 -115.529556  13.493424  3.461236  280.649445
440   7.836864  -8.524442  345.913818  0.101812  1.914073           35.0    351.797394 -203.094757  13.847427  3.383876  292.086487
441   8.789926  -1.927600  351.186310  0.070574  6.393800           35.0    643.209717 -220.422791  13.123127  3.593835  275.268738
442  -1.191450   0.783629  344.645599  0.141981  1.518357           35.0    432.224579  -97.848961  14.002390  3.732217  284.633514
443   8.983427  -8.258592  349.733429  0.088537  3.603462           35.0    368.099854 -249.957138  12.246350  3.360923  290.639099
444   7.743905   1.729887  350.349365  0.113143  3.997782           35.0    549.551575 -174.352066  13.768025  3.063913  276.423279
445   9.417251  -3.795106  346.479309  0.073170  8.097837           35.0    402.876312 -180.631790  13.620143  2.131673  277.031860
446   9.608630   0.377879  348.359406  0.078455  6.805849           35.0    475.425049 -182.077927  13.990284  3.094320  275.043854
447   7.957218  -7.880351  352.169098  0.099167  3.175145           35.0    536.552307  -19.900444  13.310966  2.897748  275.591614
448  10.210982  -7.980007  346.007904  0.080080  2.162182           35.0    412.203674 -208.285675  13.518542  2.324874  283.197479
449   9.859763   1.671891  351.911652  0.097980  4.752161           35.0    733.334717 -189.308899  13.307545  3.536750  278.475311
450  11.645499 -14.112587  350.874573  0.116830  3.570770           35.0    399.498016 -138.987946  13.037135  2.147681  286.641846
451   6.023708  -9.992808  344.092407  0.090795  4.615678           35.0    402.912659 -223.888046  13.451681  2.426553  277.901398
452  11.293098  -7.346910  349.219482  0.081538  6.244307           35.0    588.239624 -220.472702  13.253764  2.985548  279.027130
453  12.172085  -8.862309  345.065826  0.099786  1.126564           35.0    378.002930 -137.677505  13.156358  3.744471  298.200592
454  13.329109  -1.413062  349.503723  0.092011  5.525779           35.0    637.319824 -233.252487  13.260588  2.949789  279.500427
455   7.437074  -9.252177  354.139709  0.072328  8.303752           35.0    520.638855 -242.657578  13.634829  3.726473  280.529816
456   8.751265  -9.666263  348.943878  0.067361  8.597307           35.0    433.839142 -229.513016  13.203031  3.274289  280.949127
457   9.316176  -3.897801  346.557556  0.070470  7.338799           35.0    414.895996 -135.497040  12.908321  2.654115  280.338501
458   9.944060  -3.039274  349.401642  0.082151  4.880334           35.0    497.363922  -53.758789  13.675927  3.358676  281.266327
459   9.577693  -4.681201  344.702148  0.094007  5.824111           35.0    585.548401  -91.658089  13.039295  3.069339  275.801117
460   6.816669  -7.100305  341.685791  0.090845  1.364600           35.0    442.122681 -172.568390  13.558222  3.316097  277.673767
461  -5.065135   4.724487  343.440887  0.133696  2.454758           35.0    423.241943 -216.249924  13.551979  3.807086  282.395660
462   5.510210  -7.650161  352.723877  0.093746  8.016468           35.0    419.691895 -241.986847  13.843787  3.288306  281.758118
463  12.532308  -4.662177  349.588135  0.085636  4.522542           35.0    633.749207 -158.388885  12.760999  3.229971  280.536377
464   8.982949  -3.509908  355.024445  0.090067  3.312539           35.0    456.532684 -190.948090  13.309568  3.575360  285.935059
465   6.705842 -14.532332  347.151154  0.093174  5.588690           35.0    357.659424 -239.522369  13.592803  2.073742  279.269104
466  10.617733 -11.898482  349.937805  0.102298  3.216499           35.0    449.374146 -217.188141  12.891840  1.706769  275.891296
467  -2.441865   2.122941  345.077454  0.114689  2.952070           35.0    410.481995 -177.898239  13.410686  3.124252  276.109436
468   9.846551   4.625766  351.535034  0.093363  5.470039           35.0    369.449677 -221.311066  13.329668  3.751358  288.075073
469   7.809348   2.808604  350.942963  0.100493  5.805469           35.0    637.799561  -57.895107  12.984174  3.851091  275.615845
470  11.124508   4.299790  347.964386  0.107831  7.678168           35.0    358.195312 -188.703232  13.060401  2.428912  284.002502
471  14.130376 -11.301793  348.804260  0.090607  1.840047           35.0    737.379211 -205.841232  13.550734  2.388536  278.483093
472   5.623030  -7.481302  348.055420  0.080561  2.598376           35.0    415.859131 -147.665527  13.782060  2.905898  277.640930
473   9.323234 -11.162716  348.543060  0.076179  4.597219           35.0    474.786987 -144.272171  12.579298  3.272587  283.500885
474   6.549181   0.573953  346.652679  0.104320  4.754962           35.0    450.022766 -190.836426  13.568312  2.923207  275.329407
475   4.167110  -2.816299  348.572601  0.088737  1.730228           35.0    358.070282 -120.946503  12.904459  2.095516  276.239441
476   8.286732  -3.060121  349.169647  0.101379  3.174891           35.0    474.203156 -150.532242  14.607351  2.572150  276.501587
477   9.387708  -0.331426  350.038483  0.101221  3.191771           35.0    411.229614  -55.490818  13.360865  2.894846  285.921326
478   4.960179  -6.420194  351.074921  0.102263  3.193223           35.0    634.411316 -170.440063  12.675075  3.774717  276.404327
479   9.941707  -3.112994  347.213074  0.106054  2.838596           35.0    558.204529 -154.491058  13.441692  3.011788  281.042755
480   4.598597   0.194273  345.418579  0.101989  4.682153           35.0    419.583466 -184.281616  14.083448  3.490488  278.922852
481   6.899927  -8.925732  345.179077  0.074803  8.360077           35.0    522.973389 -152.452545  13.798588  2.948185  277.020264
482   5.975380  -1.857234  348.380798  0.109794  2.187045           35.0    415.553009 -118.934967  12.058097  2.812590  278.276978
483  11.538587  -6.327119  352.095673  0.095969  2.101041           35.0    578.592590 -207.301834  13.518816  3.601046  285.951111
484  11.368150 -18.395161  350.621735  0.111027  4.896641           35.0    372.154572 -211.670212  13.170426  2.054875  293.034454
485   7.938393 -10.732267  351.312958  0.088464  3.505550           35.0    389.819366 -215.924576  14.213007  2.419661  282.724701
486   4.382279  -4.307297  345.931793  0.089939  4.143827           35.0    375.047974 -133.823227  13.409266  3.539461  282.894409
487  10.686916  -3.926430  347.850372  0.092521  4.458406           35.0    624.710693 -197.274002  12.991364  3.252077  276.095825
488   5.195794  -1.809941  350.040955  0.094203  3.477952           35.0    402.951050 -236.629578  15.051676  2.545686  278.679993
489  17.722534 -12.770193  346.940826  0.117611  1.575312           35.0    560.156799 -239.182312  12.488938  1.978778  293.032654
490  10.354589  -2.911521  349.854309  0.083687  5.665700           35.0    473.003296 -180.941650  14.266810  3.140252  283.125214
491   9.428393 -15.244855  347.965820  0.116110  3.180147           35.0    501.961884 -128.956924  13.585270  2.313760  280.513672
492   7.749263 -10.131062  349.808502  0.072966  4.201023           35.0    547.370911 -193.094925  13.990170  3.213916  276.358948
493   5.532004 -15.187166  349.511597  0.096023  4.901610           35.0    472.239471 -204.588623  13.537694  3.106549  276.739014
494  10.279709   0.454720  352.025604  0.093758  5.852721           35.0    556.337769 -140.642197  13.851723  3.666548  280.271149
495   8.640025 -12.988397  347.238678  0.093533  7.642090           35.0    600.320068   19.036564  13.114748  3.121342  276.907257
496  10.848089  -0.119289  345.053253  0.086655  7.597189           35.0    396.384155 -203.103973  12.848240  2.943604  279.314362
497   7.086626 -22.260796  347.726593  0.157067  3.866742           35.0    517.076050  -81.667068  13.342049  3.593948  291.142151
498  -0.256294  -1.761089  345.995209  0.095331  1.748915           35.0    472.027161 -140.951157  13.235938  3.810021  275.755646
499   7.275137  -9.456129  348.772064  0.078636  8.352379           35.0    434.730286 -244.069733  12.948864  3.862010  280.863892
500  13.464951  -7.607554  348.266998  0.074755  1.249986           35.0    523.437195 -184.868011  12.669067  3.554216  289.957947
501  10.973574 -14.674054  346.584106  0.100552  3.614457           35.0    471.389832 -122.070045  13.415212  2.159440  284.524628
502  10.505654  -9.222054  345.745605  0.098406  1.770643           35.0    670.550964 -110.940369  14.139948  3.625425  282.711029
503   8.720824   1.301362  353.806335  0.097762  4.522641           35.0    450.717804 -140.528137  13.332318  3.855758  286.811768
504   9.683782  -7.759134  344.745148  0.093232  1.499054           35.0    663.156372 -191.066177  13.566286  3.249151  276.903961
505  11.523761  -7.946310  350.563263  0.083809  1.844893           35.0    450.116425 -225.195572  13.920909  2.235323  282.663605
506   9.252400  -8.599799  347.952271  0.072288  7.694039           35.0    524.565613 -214.634750  13.553697  3.619468  279.748016
507   8.185958  -1.376866  342.924774  0.084138  4.878298           35.0    478.643341 -144.654373  12.695345  3.673930  277.554413
508   8.463302  -2.403142  343.439178  0.085223  8.789363           35.0    507.214539 -204.772247  13.567517  3.233259  275.035553
509   8.414184  -7.629761  347.063263  0.091856  7.652228           35.0    561.874146 -159.691788  13.525257  3.203789  276.594055
510  12.070132 -14.716552  348.733398  0.115993  4.061268           35.0    506.806885 -125.946930  13.148820  3.543939  292.524078
511   9.118866  -5.762115  344.234131  0.096458  2.594475           35.0    374.813446 -201.020844  13.054050  3.766885  289.790100