           lon       lat         inc      D1AU     delta  launch radius  launch speed    t factor      B1AU     gamma         vsw
0    12.071374  7.359828  226.158554  0.152684  1.017341      23.266365    691.325928  211.499771  6.030449  0.663425  285.217896
1     3.846902 -3.981532  225.038788  0.157066  1.410967      22.210041    651.946899  206.000595  5.877705  0.884720  295.232330
2     3.403199  3.338516  233.703568  0.144455  1.369583      36.504726    703.986145  245.764221  5.139086  1.755163  293.769043
3     3.292832  4.615832  229.886292  0.150410  2.947054      15.351127    704.263428  183.597946  5.882288  0.840428  301.389893
4     0.565543 -7.397328  226.337158  0.157338  2.172215      25.714827    724.614990  156.422287  5.466791  1.467760  305.081177
5     8.688853  1.073540  227.894989  0.151213  2.603912       8.405073    721.225464  237.766174  5.810243  0.585255  290.366943
6    12.882162  3.925655  232.251587  0.151571  2.240571      38.112938    650.720947  159.278107  6.464881  1.891638  304.288971
7     3.263347  6.076405  225.346451  0.153009  1.636020      25.732656    707.526306  243.954041  7.453959  1.350504  303.884888
8     6.086538 -4.142058  228.846268  0.153139  2.092721      27.406570    666.715698  220.703461  5.131059  1.426589  302.582977
9     0.640394  4.137496  225.284088  0.144876  1.918187      24.252882    714.560059  231.853455  5.715847  1.532287  309.984650
10    7.232637 -2.553309  232.508453  0.140338  2.096159       6.415071    743.732849  172.248672  5.199854  0.762033  309.406189
11   11.049737  0.837153  225.653427  0.152265  1.955243      36.646355    722.292480  219.214767  5.561286  1.650944  294.311493
12    3.758645 -1.788595  233.709564  0.149202  1.418989      21.409700    705.245911  246.505890  6.206436  1.315032  306.922852
13    3.164048  4.189291  225.882767  0.145429  1.508471      30.083284    713.235229  249.233124  6.885794  1.715542  301.506683
14    2.253376  0.924986  231.884918  0.147689  1.465669      14.496715    651.062805  219.243744  5.366186  0.776622  300.509521
15   12.729184 -6.065531  230.510834  0.149775  3.560953      31.350231    727.593079  203.030533  5.454682  1.594414  297.125519
16   10.545530 -5.101080  230.083984  0.149792  4.639837      27.300804    726.446411  224.221420  5.845345  1.608182  298.316345
17    0.124981 -6.675504  227.750702  0.147972  2.259899      25.874825    672.718018  236.410797  5.419049  1.237118  296.670776
18    0.189648  4.679870  227.566071  0.146783  1.430477      35.940128    684.097900  242.184418  5.735596  1.474262  291.832947
19   12.093580 -2.159233  230.347183  0.144833  4.564594      23.410149    710.822388  -59.435600  5.176715  1.352643  305.372742
20   13.134596 -6.500479  232.329956  0.157390  3.308760      31.338177    668.087524  219.534317  6.045304  1.081279  283.555389
21    4.124443 -2.541675  226.857819  0.153811  1.442973      33.961052    687.059692  236.880615  5.967806  1.255051  286.001343
22    6.629891 -4.144230  233.928680  0.148910  2.082619      28.649452    744.260254  232.603119  5.293230  1.505133  301.687317
23    6.617382 -9.199229  225.980042  0.157262  3.912171      13.696418    745.172058  229.936096  5.283763  0.843252  294.383240
24    6.707913 -3.564503  227.012939  0.157265  1.879269      15.405917    707.758606  175.781219  5.340968  0.720852  293.051666
25    4.895162 -2.798578  234.800537  0.143296  2.346646      16.410610    671.421082  236.074188  6.234636  0.857039  295.722778
26    0.380846  3.511886  228.061340  0.159751  1.151936      30.465837    679.987610  216.295059  5.128448  1.295949  297.660461
27    4.322869 -4.306736  229.056259  0.158402  1.836518      31.754755    682.228516  225.436661  5.464314  1.665862  299.722473
28    0.225269 -2.067588  228.012970  0.150536  2.178676      12.882972    717.434387  234.364685  5.116169  0.883533  303.440643
29    1.782199  5.444334  228.992844  0.143299  2.225556      24.263718    690.067932  248.738678  6.472895  1.327749  306.215485
30    5.451697 -6.308583  226.201859  0.151988  2.798609      10.432258    701.048157  231.420609  6.390382  0.757122  297.801605
31    5.731655 -2.788108  228.219238  0.152370  1.286475      25.621271    695.127808  232.683899  7.446811  1.305693  306.829254
32    7.120039 -2.427069  227.533768  0.142262  1.725018      31.848612    716.402588  167.362350  5.965265  1.618697  302.944031
33    3.571856 -5.793896  229.339966  0.150672  1.379037      37.703285    699.451599  238.792999  6.300668  1.945730  298.925751
34    9.076535 -1.063514  232.100861  0.152920  3.987997      20.419147    673.865356  204.070724  5.642876  1.256022  307.977356
35    0.065121  5.376674  232.110153  0.144023  1.415426      36.464195    668.354919  233.776443  6.594703  1.052025  282.975800
36    6.413134  3.321719  226.687531  0.145633  1.728104      28.613937    681.258362  199.575211  6.276276  1.665622  308.763092
37    5.227145  6.374155  226.206375  0.148524  1.194380      32.777279    703.823486  249.186310  5.978430  1.493191  298.005249
38    3.952275  8.967056  228.289749  0.151926  1.355812      32.416855    716.203308  204.576157  5.818658  1.505548  309.646027
39    0.084779 -8.246699  225.684555  0.140326  2.653956      32.756401    698.368469  245.896912  5.437523  1.740729  297.134247
40    0.834522  7.981658  231.859833  0.146212  1.587036      30.957420    669.872253  234.597229  6.721147  1.293946  304.608887
41    0.440634  8.399999  228.641769  0.150863  1.921587      19.776697    691.918701  224.365326  7.689313  0.682467  291.109009
42    3.046452  2.223332  225.117645  0.144155  2.242990      29.233805    672.661072  236.226944  6.176460  1.369916  296.274414
43    0.527486  1.651649  232.627853  0.159163  1.136229      14.622124    709.796082  230.316132  5.009985  0.919843  307.503540
44    2.875723 -8.907221  226.443115  0.145167  1.506003      36.896656    727.715393  139.838654  5.138824  1.738564  307.734558
45    2.336177  8.424552  225.129410  0.155833  1.808596      40.364891    693.164673  149.229507  5.285756  1.267469  281.456848
46   14.067666  0.604094  231.179764  0.142289  2.858119      12.472459    695.887634  234.779083  6.122038  0.534349  286.208344
47   14.210110  6.940367  231.419296  0.158638  1.700803      47.143612    662.773132  205.264359  5.321039  1.938190  295.573486
48    0.224073  5.657882  225.940323  0.148351  1.618954      40.105095    700.328430  171.844971  5.017854  1.738295  289.801666
49    1.651621  8.777081  228.745834  0.158010  1.746316      36.396709    675.082275  229.606613  5.801716  1.690752  304.794312
50    6.417486 -4.864733  228.027344  0.149745  2.161035      28.016005    670.539795  209.245132  5.716601  1.320662  299.856720
51    2.700764  4.975191  230.755249  0.152293  1.410277      25.989565    733.190247  237.476822  6.891181  1.222720  299.558411
52   11.601933  3.849005  227.636765  0.147729  1.162926      27.330652    679.333740  232.008224  5.462239  1.070523  309.714905
53    3.361680 -2.704050  228.304672  0.144319  1.345230      34.657631    664.936218  244.161438  5.737824  1.460773  292.113983
54    2.759557  8.707148  233.139404  0.157635  1.296762      36.616661    721.938660  160.447845  9.019091  1.361084  296.471802
55    2.224816 -0.113589  231.201630  0.141198  1.193666      36.400566    666.863220  241.901962  5.758744  1.664729  290.925629
56    1.611632  4.731615  229.617157  0.143325  1.534870      41.072311    692.183838  221.214218  5.829301  1.653309  281.555298
57    3.758945  7.691250  226.493530  0.148837  1.701460       5.346561    672.321289  179.101852  6.055029  0.427900  282.382782
58    2.969607  5.363997  227.991562  0.153155  1.114169      32.880138    690.379395   87.353264  6.427441  1.467743  299.835907
59    4.502684  0.869408  231.143555  0.145125  2.044202      11.947608    736.348633  249.045212  6.531586  0.827001  298.622070
60    2.603669  3.841262  227.407288  0.142130  1.039075      17.012228    699.313782  216.374832  6.097889  0.886138  299.515778
61    4.716572  9.587411  231.707825  0.140245  1.315489      14.847187    679.613220  239.420853  6.279048  0.668058  299.144562
62    9.762294 -2.896926  226.419098  0.146686  2.377180      38.442070    668.265869  186.744522  6.182376  1.773708  292.480530
63    3.136663 -6.249766  225.384369  0.155484  2.385019      11.317522    694.759705  245.926407  5.020720  0.730451  294.202545
64    9.466933 -3.732296  225.640320  0.148407  2.618750      31.761534    735.870667   89.342102  5.459745  1.491336  292.749969
65    3.406265 -5.184819  231.137970  0.159332  1.400819      32.973743    707.412231  243.597107  5.738492  1.985231  308.495667
66    3.809173 -2.179656  233.352676  0.151542  1.191886      23.061012    735.577820  154.194061  5.368215  1.249674  300.762085
67    1.621724  3.525599  225.871796  0.152297  1.143352      22.081636    661.183472  216.837036  5.994191  0.837445  289.832397
68    5.130298 -0.453140  229.557404  0.152178  1.326808      27.701080    699.258118  246.608429  5.955993  1.374709  298.470947
69    3.602829  4.026847  229.415146  0.145421  2.392304      13.806143    712.361816  239.562134  5.914646  0.732120  292.018982
70    6.642216 -2.790103  232.362091  0.142772  2.231397      10.158232    713.652161  212.767487  5.190960  0.636825  292.912201
71    3.495435  8.953773  233.190002  0.143122  1.852674      37.528263    696.984436  234.302902  5.902901  1.752210  296.270996
72    1.789966  6.397132  225.785156  0.147561  1.866881      13.826795    741.673340  211.481506  5.727201  0.778008  300.839874
73    2.340391  5.070672  228.070068  0.149672  1.647946      35.010708    733.484924  165.308014  5.477112  1.333033  285.921692
74    3.066512  8.388608  225.111862  0.154683  1.987396       7.595335    667.287842  232.635849  5.111609  0.629890  307.677277
75    4.687752  7.446039  225.047699  0.141582  1.050888      40.587959    671.963379  246.863876  5.545475  1.812497  300.823547
76    2.381693  2.978102  225.808075  0.145289  3.979190       7.336777    705.502502  108.411621  5.225873  0.631713  297.941620
77    9.281916 -3.705271  229.094131  0.150796  2.015434      31.471308    695.923645  220.581680  5.205310  1.323847  298.093384
78    2.919792  6.420762  232.502762  0.156814  1.090436      32.133461    663.797241  240.036057  5.841461  1.498724  307.058167
79   10.024040  5.482227  225.584885  0.144506  1.874505      31.932322    665.975037  228.084473  5.417091  1.708499  308.582123
80    2.041403  8.333689  234.221252  0.154836  1.491589      18.045937    708.779236  156.619186  5.759843  0.781665  299.981262
81   12.089598  5.984515  230.744400  0.151132  1.637991      21.708433    679.548218  243.187943  5.278274  0.932459  304.598602
82    4.255626  7.969064  229.825211  0.143994  1.051390      36.759472    722.757996  235.367294  5.567421  1.521306  299.235352
83    2.979213 -1.241714  228.972107  0.141268  1.981277      16.207027    695.553467  228.826904  5.217499  0.969369  303.301514
84    4.082310 -2.998776  232.459122  0.151068  1.722032      21.726105    688.782715  216.637833  5.656254  1.166242  304.418060
85    1.498929  2.074443  234.690384  0.145534  1.092139      33.911362    658.801331  218.485611  5.540590  1.813300  300.264893
86    6.513045 -8.394844  232.475204  0.152896  2.132854      26.189926    739.676086  196.064835  5.569411  1.036808  293.719391
87    2.452127  8.159437  234.533203  0.159175  1.336059      36.190266    708.820801  225.609879  5.089056  1.860562  306.173492
88    3.782052  9.497895  228.572372  0.157056  1.203227      11.295999    685.538208  241.404160  6.227612  0.487259  295.613647
89    4.026172  4.205841  229.231918  0.140772  1.446644       8.607802    688.670532  245.261749  5.284114  0.739800  303.984070
90    2.667680  6.577073  226.331284  0.154304  1.704375      14.326797    732.377258  228.173126  6.758498  0.844912  307.182587
91    5.144100 -9.205518  227.181824  0.143847  3.803928      25.518867    696.623291  109.926834  5.114492  1.296046  298.371704
92    1.481573  2.419201  227.237762  0.148001  1.365889      19.759384    711.240662  235.354004  5.390843  1.277720  307.593414
93    3.552943 -3.905437  231.580078  0.141664  1.444159      28.346224    719.494019  194.925995  5.301408  1.165756  292.078308
94    3.953239 -0.618993  228.986649  0.146580  4.513900      14.616136    656.701538  225.241379  5.522820  0.844909  299.881989
95   13.322199  0.674246  229.609344  0.158786  2.036412       9.453584    709.638123  184.360336  5.037472  0.617850  305.617065
96    4.321966 -6.850188  232.749451  0.149258  1.578888      25.477598    700.655457  217.100388  5.443008  1.108762  301.761932
97    2.198364  3.980111  226.760162  0.153429  1.576143      19.782124    744.748962  230.599365  5.613744  0.835304  289.731842
98    5.505134 -6.474392  229.452209  0.144662  2.875245      15.988395    691.359497  182.703995  5.395908  1.023036  305.858582
99    2.827751 -8.485918  227.946548  0.154498  1.989412      15.031884    682.378906  245.647034  5.066412  0.805265  304.657867
100  12.209548 -2.578242  233.893097  0.147149  2.955960      27.779596    742.415344  200.827179  6.087870  1.100235  289.117584
101   3.179502  5.737933  226.668015  0.149933  1.317665      24.729671    703.008545  189.350845  6.415735  1.090513  296.983917
102   2.001446  1.788949  226.496216  0.140603  2.178337      23.820559    694.381287  195.168472  5.382885  1.440692  303.267334
103   3.907144 -6.956639  227.791870  0.158037  2.024957      32.140579    720.018555  197.232971  5.247946  1.365453  288.934021
104   4.473330 -9.550801  234.168152  0.159592  2.204346      20.682013    742.662476  216.365936  5.544052  0.808980  284.285065
105   4.649766  8.013776  228.642273  0.145566  1.637507      36.273289    714.643860  222.278259  5.757701  1.532283  293.687897
106   1.405975 -5.055205  226.784271  0.144571  1.986780      22.280432    707.945251  227.158188  5.334110  1.394227  305.116760
107   5.031697 -3.338789  226.437622  0.147403  2.305129      30.842293    715.683960  203.691971  5.940973  1.486303  294.941071
108   2.957380  8.807784  226.146667  0.142877  1.953096      36.952312    737.609009  203.129074  6.656990  1.706278  298.033752
109   3.641615 -3.431942  232.173965  0.146795  2.167148      22.073441    683.831848  232.324463  5.701785  0.976359  291.716614
110   0.012797  1.543194  225.628738  0.150929  1.069534      28.972179    678.467224  247.237564  5.531732  1.050407  285.071533
111   1.249771  7.009367  228.465576  0.152963  1.765613      25.984282    710.532349  195.986877  6.198873  1.291400  307.400421
112   9.476218 -3.006372  225.311203  0.153102  2.440501      12.308720    692.659485  234.470337  5.386854  0.628086  287.592438
113  14.400669  5.336462  225.242554  0.151900  1.418566      23.117298    697.853821  196.394485  6.028331  0.692271  295.146729
114   2.362484  5.051604  226.099197  0.155379  1.107221      36.344963    656.723511  226.783539  5.802353  1.431373  295.609375
115   7.917687 -2.776290  231.811722  0.146744  2.754327      32.194817    710.380310  201.589569  5.363183  1.312685  287.525482
116   0.090801  6.839175  231.051559  0.148853  1.970121      30.158945    663.963867  162.414948  5.037870  1.441501  303.477875
117   2.776595  6.695108  228.760696  0.149695  1.393832      15.189434    666.557007  241.782227  6.606085  0.689181  296.944458
118   3.396936 -5.564856  225.933029  0.151277  1.677760      19.468225    713.885742  174.740540  5.101448  0.991334  298.266815
119   5.382438 -0.172224  226.811234  0.148103  1.599146      24.447701    702.427795  248.608658  7.032896  1.009146  291.586395
120   4.341044  8.637378  225.827927  0.154078  2.286602      28.138580    660.559143  199.324402  6.013492  1.116392  298.619598
121   2.680148  9.214170  229.233353  0.143943  1.570793       9.878940    653.471802  239.587875  5.343915  0.432096  284.981293
122   4.282236 -5.910360  227.927673  0.152276  2.401792      28.561035    709.013794  212.638840  5.907770  1.113198  287.891907
123   4.295532 -3.927070  227.041611  0.149022  2.027246      30.090420    701.196106  238.198685  7.257094  1.555001  297.874847
124  10.298794 -4.598158  228.597275  0.141137  3.453216      36.204929    735.518372  241.310928  5.291321  1.567503  283.406219
125   1.413145  8.659486  233.292465  0.150002  2.308749      17.534714    716.959290  183.557541  5.141665  0.791314  295.407990
126   7.634849  5.175190  225.807022  0.141220  1.293027      17.989630    669.486511  247.578629  6.648609  1.000576  306.985260
127   0.218838  8.125411  233.096359  0.157091  1.638583      29.477505    684.086182  231.082138  6.087364  1.361750  306.424255
128   2.656303  4.576170  228.872574  0.140252  1.117261      29.828239    667.650146  234.057190  5.865533  1.049329  288.582733
129   3.556742  9.180979  230.530029  0.148239  1.589319      30.728897    665.565918  206.280472  5.239226  0.943967  287.359985
130   3.195759 -6.393431  232.407593  0.158601  1.420895      19.979292    654.534973  240.269379  5.694223  1.013999  309.922668
131   4.444304 -1.438440  226.893494  0.149560  1.325814      15.007187    719.523499  227.694519  7.861266  0.649685  284.252869
132   2.540225  4.912163  225.217346  0.147374  1.468411      33.421936    732.873718  187.202972  5.207134  1.684056  296.695282
133   5.021168 -9.857786  226.190659  0.141730  3.311403      28.551069    651.442200  223.478531  6.358804  1.433277  302.856384
134   0.832445  5.998030  226.423477  0.149537  1.779123      32.787151    663.172058  240.455063  6.271367  1.387791  299.998352
135   1.504581 -4.249511  225.019043  0.145450  1.014258      34.769421    725.735291  128.268600  6.338242  1.737625  292.170380
136   3.664260 -2.409181  232.603897  0.143025  2.127555      29.140331    721.427124  189.991348  5.747216  1.663563  299.085724
137   6.504664  4.190081  227.672104  0.140078  2.215751      29.425409    731.417603  180.185455  6.769642  1.050071  284.943695
138   1.544662  6.595967  229.485001  0.145251  1.548585      22.204235    686.162170  218.150909  6.348071  0.862223  298.544373
139   2.140326  2.899219  226.963211  0.156471  1.077564      27.756788    700.678223  240.516800  5.184250  1.620787  308.859619
140   1.255433 -1.543056  234.828003  0.150987  1.167963       6.020892    677.670105  247.830750  6.414109  0.667362  303.039734
141   2.829619  9.094694  232.554749  0.149885  1.878052      39.988495    734.603210  220.925079  5.972357  1.968681  298.779083
142   7.304469  4.168550  225.225266  0.149346  1.357548      11.485876    698.210266  178.058884  5.053505  0.741256  304.285950
143   9.699455 -5.300840  229.083206  0.157718  2.469471      20.877522    738.209229  207.856003  5.039149  0.906439  293.219238
144   3.933362 -9.195084  225.379364  0.153369  2.081236      24.058586    662.752258  237.924957  5.501512  0.778553  284.456940
145   1.042364  9.676525  227.729050  0.159879  1.887026      23.986969    680.587646  249.436966  5.103011  0.911853  299.969879
146   4.018685 -6.952402  226.509018  0.146727  1.979617      34.774441    731.742065  164.941788  5.002354  1.565428  291.880341
147   6.461870  7.982071  233.065262  0.141878  1.025833      34.269619    675.699097  190.465240  7.440812  1.863582  306.195404
148   1.687535 -3.997318  228.722305  0.143907  2.736256      25.541752    738.011841  244.626587  5.240697  1.543897  302.309753
149   2.612312 -7.304315  231.199188  0.153445  2.024329      37.773705    726.710205  198.676895  5.589008  1.858109  291.335205
150   1.002349  8.969565  226.175934  0.142992  3.104019       9.084832    654.231995  228.930832  5.119042  0.526299  292.474457
151   3.756521  8.289429  227.546387  0.150516  1.096847      46.298492    670.734192  239.043793  6.563763  1.266208  284.289642
152  14.741298  4.762159  230.879822  0.148853  4.523470      17.589422    669.697449  200.348846  5.155815  0.726934  296.728851
153   7.623650  7.035398  229.464691  0.143452  1.344536      19.368425    694.691711  246.620316  6.964655  0.905368  301.076294
154   1.695143 -8.174695  234.328720  0.154383  1.948974      19.104750    671.488647  205.319229  6.321796  0.736358  288.060944
155   0.976994  3.444318  226.692520  0.152577  1.199132       9.178893    659.858948  167.851883  6.379547  0.646180  301.123077
156   4.445882  9.265813  232.204773  0.154815  1.066675      23.023155    686.678223  245.343750  5.713749  0.674490  285.773132
157   5.357151 -0.650303  228.131393  0.149841  1.706539      26.967304    708.550049  186.925705  5.533441  1.545956  305.222961
158   0.959979 -1.239171  227.212006  0.146367  4.715716      27.344688    662.627502  233.632401  5.664195  1.537266  305.227478
159   3.087791  8.021527  226.363708  0.159741  1.227781      48.049896    671.382629  236.317459  6.299003  1.914972  288.638977
160   2.157886 -4.496008  234.739410  0.148962  1.505831      24.349117    692.931152  227.801743  5.361010  1.321405  300.777161
161  10.941611  0.385554  227.086197  0.145000  1.982193      43.934223    651.654541  155.259445  5.807847  1.803177  287.130219
162   1.343616 -6.207695  228.146683  0.140449  2.682897      39.384830    706.289429  192.785995  7.100968  1.871979  287.709717
163   2.418790  3.838397  226.446915  0.145930  1.363007      26.183584    696.664612  241.012466  6.006610  0.972026  287.184998
164   1.187402  8.116010  229.764160  0.152462  1.749517      34.245857    743.716675  210.023651  6.337740  1.755215  306.427826
165   2.774668  4.440153  227.044785  0.153182  1.408638      25.249279    711.177673  216.862625  5.396749  1.080766  295.836609
166   2.870719  8.131056  225.147964  0.143212  1.556321      45.650520    721.066772  239.117126  5.896715  1.619169  286.060852
167   3.978575  4.567841  227.947128  0.142372  1.294510      19.621275    722.456726  243.593307  5.167048  0.894803  295.019257
168   1.388234  9.264412  226.669113  0.154820  1.759067      20.172897    716.148499  213.523392  5.475288  0.843834  307.323547
169   0.076974 -3.495003  226.244064  0.144346  1.940196      17.077669    682.972046  129.966339  5.236084  0.732244  286.411865
170   1.508640 -5.088240  234.056366  0.141642  2.175127      14.411451    652.844666  232.448792  5.885124  0.584223  280.396149
171   1.869060 -4.744602  234.505569  0.142156  2.380912      21.649700    693.491760  221.496475  5.859834  0.837356  282.564056
172   6.052525  8.832182  226.161194  0.157943  1.523891      16.247593    707.411438  188.538544  5.470273  0.833523  306.953491
173   6.027034  9.468266  225.297501  0.141690  1.374181      42.992878    724.667847  231.045776  7.147856  1.536869  286.862762
174  12.489275 -6.168675  227.559250  0.156905  2.890461      31.891169    734.111755  105.763260  5.400308  1.750531  307.311859
175   5.372836  0.133982  230.028046  0.146125  1.036385      29.016468    741.742004  243.430389  5.282572  1.455708  297.156128
176   2.269572  9.968072  227.311157  0.153712  2.139110      24.910858    654.543701  223.313980  5.340355  0.861167  293.082397
177   2.708127  4.662641  226.868393  0.158177  1.106951       9.623815    731.115845  245.942993  6.725215  0.618393  294.997253
178   3.315565 -8.433269  228.160385  0.147436  2.991012      30.312132    748.620483  184.337967  5.967158  1.676593  296.218048
179   4.316772 -9.024345  227.777542  0.142761  3.250429      30.212261    696.968811  178.096252  5.697036  1.352015  291.600067
180   0.579025 -2.124734  227.166183  0.150939  1.149012      11.691111    696.133301  234.659393  7.006361  0.705596  294.238861
181   2.104855  7.051787  234.786194  0.151127  1.243728      42.097027    727.344299  249.386169  5.767746  1.878547  290.294220
182   5.629516 -7.906526  225.089310  0.142559  2.818031      19.809324    707.371643  114.099449  5.319799  0.766499  286.782013
183   4.572130 -1.844308  232.541611  0.150515  1.739414      23.118313    688.116089  246.066635  6.870966  1.301486  302.962555
184   2.280505  7.919090  233.637146  0.156540  1.169131      28.456161    716.542542  221.293091  7.085600  1.346029  307.745514
185   1.063852 -7.069524  226.531784  0.144959  2.865132      31.211876    730.503418  167.984818  5.878007  1.295223  288.120605
186   4.921935  8.080955  225.708557  0.153795  1.469011      30.300781    705.749817  223.087830  6.873999  1.307112  300.701935
187   8.765572  7.538844  226.800720  0.140157  2.618390      31.082676    719.911255  150.382828  5.038487  1.671278  309.963104
188   5.894683  6.821307  227.375961  0.147794  1.417885      16.269045    704.364807  246.037216  6.236543  0.846871  302.823853
189   3.642641  5.643544  231.940613  0.140546  1.427991      12.019201    667.688721  222.581909  6.492734  0.575980  288.459595
190   1.269537  7.116849  232.307846  0.151607  1.658275      17.562399    743.830627  216.855057  6.449464  0.876169  302.725891
191   3.503678  5.705351  225.018005  0.151354  1.737490      36.282387    705.089600  182.815704  7.474101  1.853913  299.203796
192   0.464234  7.939820  232.104980  0.156057  1.701607      30.763849    724.022522  211.370148  5.068035  1.281673  301.145172
193   9.097214  6.193406  228.154282  0.140112  1.922116      34.017658    747.594604  239.953049  6.963236  1.903698  303.814484
194   3.374894  9.649725  228.511520  0.154227  1.532671      39.889381    735.023315  140.443939  5.840992  1.927526  301.677673
195   0.032007 -7.512875  225.891083  0.140047  2.469806      21.191469    723.997620  183.727890  5.192812  1.280607  303.635803
196   8.840977  0.848075  225.432220  0.144852  1.701929      31.105440    682.568909  228.317230  5.586201  1.096119  285.435883
197   6.800753  6.782354  233.913406  0.143883  1.228896      17.295534    684.728455  241.394943  5.246593  0.837226  301.952515
198   3.136082  5.086853  226.074020  0.151384  1.003118      12.578498    660.284363  235.329071  8.537475  0.623830  300.175995
199   6.328623 -9.458284  225.530350  0.151901  3.817340      17.646915    717.280029  159.749771  5.654788  1.096757  305.634369
200   8.256938 -0.984718  226.142227  0.153281  2.494352      24.247372    653.116638  186.507385  5.790686  1.295894  306.039246
201   2.536407  7.199718  228.046509  0.154635  1.439986      19.959394    734.842773  209.291489  6.208663  0.862424  296.199280
202   6.374073  9.580242  227.988815  0.150347  1.467217      35.495277    685.691345  233.430618  6.683656  1.505456  297.025909
203   8.649412  7.065000  225.518631  0.140431  1.142855      13.868658    665.986511  229.009827  7.279301  0.607366  291.439056
204   1.651178  8.728659  229.091232  0.148895  1.652558      27.978609    726.322388  184.341354  5.389486  0.951734  290.652435
205   2.001904  1.857322  228.207504  0.140724  1.625855      29.559792    672.150330  238.300827  6.200237  1.132846  286.795105
206   0.039863  5.553864  227.667725  0.155180  1.217729      21.394150    747.260620  181.653732  5.157964  0.824751  299.319122
207   2.714821  0.764633  226.590652  0.145044  1.111073      14.089170    724.042725  243.568802  5.034796  0.819045  296.797943
208   3.824685  7.258033  226.541840  0.158577  1.880989      31.264822    669.450500  216.499496  6.451941  1.559968  305.244476
209   2.545713  7.132579  229.852753  0.145843  1.846890      35.698013    713.775574  194.024292  5.418998  1.874882  297.406464
210   2.536877  2.330905  227.130142  0.152699  1.884981       8.363188    662.441650  219.017487  5.779388  0.729824  309.790649
211   3.762519  5.001173  225.213348  0.143360  1.043935      14.815800    728.905945  225.689835  5.964016  0.843982  300.607330
212   1.878812  9.058446  234.010025  0.141217  2.114627      16.182411    720.743469  223.009705  5.016747  0.607842  282.911591
213   0.278718  9.061140  225.092789  0.141201  2.183463      38.708557    748.526855  135.317291  6.762136  1.898933  302.509491
214   3.172701  5.813966  228.955353  0.149474  1.064931      26.831381    749.281555   94.666550  6.101234  0.918000  286.854523
215   0.519582  1.139835  226.315948  0.141038  1.095047      38.998741    700.956421  242.362686  6.370948  1.832422  290.350067
216   5.443726  7.251492  225.648376  0.153115  1.232465      31.053806    655.567017  188.576767  7.329071  1.350531  302.191986
217   4.464418  7.049085  228.231735  0.155822  1.061646      41.924801    652.045105  233.431030  5.121136  1.792525  295.527832
218   0.731806  9.439124  226.604218  0.141387  2.530513      33.147266    691.143188  185.931580  5.176524  1.453101  298.683502
219   3.485250 -2.167771  229.601486  0.148852  1.075465      23.821360    670.406189  186.071823  5.302715  1.112486  297.192596
220   1.698747  5.199514  229.097443  0.143121  1.349526      43.200603    663.735718  177.659012  5.264316  1.711484  284.557983
221   4.109504 -5.456511  225.144699  0.152411  1.973697      11.422520    705.684143  248.969727  6.499512  0.721587  296.453064
222   0.020915  3.356413  226.985199  0.157887  2.427091      14.414211    681.393982  248.822052  5.863849  0.913466  306.977356
223   5.047907 -1.193147  228.442856  0.142774  1.278111      14.872550    671.882446  240.848724  5.245792  0.782570  298.786072
224   2.553839  5.440425  225.482193  0.151651  1.676580      35.632694    707.851501  203.291275  5.831737  1.554300  291.281036
225   3.701637  9.542314  232.261963  0.141967  1.752300      35.300358    729.434692  187.406372  5.418827  1.388354  292.197723
226   2.293598  2.413018  225.108154  0.143590  1.454437      29.088226    733.827332  160.484818  5.851251  1.234529  288.143219
227   1.681100  2.821042  230.424011  0.155538  1.073681      22.618864    651.752930  214.896011  5.201009  1.243575  309.349274
228   4.576324 -8.411189  229.053635  0.156829  2.761854      16.514368    666.111206  192.930038  5.115891  0.675037  282.376190
229   1.540467  2.830593  226.759171  0.150729  2.537668      18.663652    711.846252  198.543900  5.766539  1.020969  302.972687
230   0.668701  5.979656  231.526184  0.156034  1.608938      16.821726    721.151550  212.600693  5.070525  0.845879  299.835876
231   6.509972 -2.250046  233.725052  0.143608  1.842646      12.090726    683.017151  225.807312  5.377818  0.654284  298.182220
232   2.475493  5.849545  225.697021  0.153696  1.159829      29.126158    668.533142  211.034363  8.181654  1.472511  309.425354
233   3.060938  5.851004  229.908249  0.145429  1.644411      36.583832    720.249023  207.676941  6.276912  1.682566  292.989166
234   6.655441  7.782166  226.455551  0.145770  2.307604       7.901854    661.945190  161.790024  5.345963  0.521461  292.560364
235   0.783348  1.976068  231.269272  0.140995  1.117469      20.899179    732.449951  219.308197  5.047038  0.975947  293.144867
236   5.508926  8.280049  232.323395  0.146815  1.116207      13.798687    667.957947  184.030243  5.564786  0.719620  301.767029
237   1.537702  9.425070  227.223938  0.148271  1.715395      37.622513    651.326172  238.045303  6.666260  1.248016  296.337982
238   4.233323 -4.873876  227.345856  0.151496  2.880558      28.365225    695.042114  171.723068  5.603206  1.769259  304.523682
239   7.614092  1.919698  227.401413  0.140948  2.061817      32.012741    715.286438  212.959732  5.903659  1.606245  296.739777
240   2.308050 -8.212631  232.370010  0.144490  2.919171      37.411556    728.209229   74.755936  5.010224  1.553130  281.241211
241   4.650737 -1.373490  230.603485  0.148139  2.161577      24.440311    712.357544  124.426041  5.279431  1.458053  307.361145
242   4.404428  5.799143  226.866302  0.153213  1.150349      36.081478    652.085938  225.869492  5.712793  1.374380  292.306000
243   0.069606  9.635969  225.201385  0.149595  2.327341      17.279083    714.024780  241.458359  6.463953  0.660522  290.024933
244   4.260510 -3.053240  230.401672  0.147406  1.823762      31.840731    688.814575  197.672668  6.307892  1.351873  292.978149
245   9.869927  2.000915  229.538635  0.156145  1.677340      14.430352    707.611938  242.737823  5.990965  0.858033  306.317902
246   6.105919  6.524384  227.263809  0.143789  1.028755      17.034374    742.748840  226.368057  6.249702  0.919626  301.908752
247   7.230965  2.617641  228.896088  0.144569  1.360323      22.315281    699.706604  234.257584  6.033172  1.090636  299.932587
248  10.706276 -3.449334  227.646347  0.149562  2.610542      38.547726    708.805786  237.161392  7.169356  1.409149  285.294922
249   5.766279 -4.665279  234.386093  0.145748  2.085610      35.959534    733.748047  248.986511  6.746176  1.885013  293.211731
250   8.185809 -6.291195  226.867249  0.144707  2.425523      28.699305    716.282410  202.678345  5.054699  1.534420  306.067841
251   1.462158 -6.330757  225.117935  0.149393  1.547039      16.669859    749.000549  206.141388  5.590816  0.885987  297.366394
252   6.685346 -3.457467  228.040771  0.147598  3.710908      29.904409    660.334106  212.195496  5.672180  1.831408  303.427277
253   5.337797  9.299439  229.695206  0.154741  1.319556      21.111870    741.153503  186.918732  7.408638  0.767777  290.310059
254  12.581496  3.018198  227.575439  0.144480  2.622057      29.899868    744.572144   56.802143  5.270349  0.973929  281.958191
255   5.759697  0.973861  227.704605  0.146933  1.056248      35.810108    671.718262  249.844650  7.977428  1.344454  285.204437
256   0.922519  5.553153  233.794540  0.145857  1.313383       5.861600    726.120789  226.465576  5.403181  0.653381  309.404572
257   8.958256  4.099229  234.924988  0.146620  2.964242      30.893381    660.337158  219.180511  5.035986  1.695120  305.878357
258   2.546071  7.142850  228.534149  0.154866  1.557395      42.122749    696.498352  241.272446  5.768711  1.804875  290.837738
259   1.023035  8.858112  226.428513  0.158021  1.501582      33.756874    687.958252  190.961761  5.241474  0.779885  282.679810
260   6.965590  5.790483  229.408752  0.144192  1.374274      19.326639    731.692871  240.611832  7.022800  1.030238  303.336151
261   3.139709  2.370662  229.459915  0.151356  1.342054      16.746218    679.697632  222.083908  5.790079  0.896579  301.459229
262  13.356395  0.070211  228.466034  0.153714  2.658727      39.871696    707.483765  225.278763  6.983830  1.698436  292.681885
263   1.111613 -4.977750  226.984970  0.148466  1.035879      35.155083    670.591370  244.690964  5.058903  1.831678  296.994568
264   2.241911  8.274014  227.338409  0.147308  1.381139      53.503300    707.771545  175.968033  5.925770  1.883481  284.203186
265   8.822411 -7.057381  230.603378  0.154510  3.005490      14.188088    712.550110  230.952698  6.228964  0.650475  286.102814
266   8.595956 -7.024154  230.688522  0.147148  5.688210      20.913776    684.534058  195.390732  5.467144  1.282565  303.002014
267   0.708185  5.205558  226.869278  0.148467  1.703199      39.208168    734.425415  183.037415  5.091528  1.612777  287.036652
268  14.121248  2.421131  227.990860  0.146793  4.851893      10.698169    725.081238  240.909332  5.486531  0.625736  291.619690
269   4.065257 -5.063543  226.874664  0.149871  3.086830      30.205156    728.479675  217.781235  5.467293  1.594419  298.901154
270   2.055476  6.540934  232.216797  0.149052  2.534984       9.254647    723.078003  195.396255  5.021928  0.576272  284.845245
271   5.527975  3.801561  227.049240  0.145018  1.026270      24.631668    693.713989  196.349411  7.592008  1.409232  306.810303
272   6.730041  7.882874  226.593613  0.144518  1.003685      35.441784    748.847900  228.611572  5.881694  1.714763  300.566010
273   3.381679 -3.179910  227.972702  0.145017  1.645500      15.099161    697.911255  248.733185  5.958524  0.976780  304.362213
274  13.058970 -6.569238  231.997192  0.151198  3.043650      20.099041    675.645264  168.240662  5.147470  0.754548  290.471405
275   1.246404 -6.242136  225.849533  0.147416  3.534092      21.683458    676.391907  218.861649  6.123316  1.035514  298.718536
276  11.185067 -1.619435  229.927582  0.156927  2.528540      35.952778    667.850891  211.120392  5.347331  1.219854  285.116486
277  11.410647 -0.497416  234.053909  0.155462  2.053074      32.954983    749.753113  249.644470  5.190325  1.252699  295.229614
278   2.927469  9.956560  231.629776  0.147159  2.062721      35.440273    746.925537  246.955795  5.750264  1.118855  284.466278
279   1.259870  4.749361  230.766785  0.146176  1.447184      37.975647    738.187683  208.844055  5.019413  1.772969  289.727875
280   1.514342 -9.361922  226.039963  0.153435  2.341038      27.748903    706.368408  247.242676  6.019170  1.456105  300.829987
281   6.164472 -9.715868  226.019775  0.159287  3.227684      16.940836    651.425964  246.350510  6.042051  0.774544  293.789276
282   8.838674 -8.440032  230.670258  0.144617  2.689829      25.773474    724.174194  127.860344  5.354699  1.031819  294.780975
283   2.434105 -9.543752  225.259430  0.156190  2.313368      34.786621    706.634644  206.806168  6.148952  1.503439  289.048981
284   5.016804  7.596529  227.737900  0.155079  1.096531      17.126959    726.161316  172.765778  6.375800  0.868169  303.061707
285   8.412900 -9.922840  225.903992  0.151173  3.788697      21.131187    721.180908  225.953888  5.458676  1.474548  308.719940
286   4.404541 -7.253150  225.479233  0.153645  1.801847      36.066071    721.087646  209.205765  6.561255  1.375654  287.338623
287  13.197278 -3.046998  233.989243  0.147620  3.942396      23.500877    657.724854  199.379654  5.001798  1.082889  298.458099
288   1.002017  4.020560  234.491364  0.149685  1.005182      42.221184    746.064514  172.167267  5.637948  1.889275  288.614929
289   1.633865 -6.627166  232.466125  0.145155  1.225423      28.869915    660.006836  176.750275  5.618316  1.197675  300.115906
290   2.397489 -3.416771  225.507690  0.153018  1.953119       9.349971    734.713501  224.255798  5.035844  0.716030  297.586090
291   2.847458  1.566848  227.030075  0.151096  1.816861      15.285163    660.022888  233.141022  5.519239  0.736908  295.319000
292   4.959701 -1.134622  233.698044  0.158765  1.326568      29.809582    744.142822  222.134308  6.526253  1.447727  297.171234
293   2.689742  6.380367  225.987564  0.142630  1.418864      31.413210    745.894714  178.046844  5.454373  1.578474  307.540619
294   0.712440  3.626072  226.676041  0.143104  1.391717      16.437819    667.136719  198.410385  5.101334  0.643842  288.358398
295   3.444326  3.515299  230.343170  0.142262  1.065013      29.097572    704.777527  243.643295  5.376707  1.079337  284.300110
296   5.849904  1.507795  229.537201  0.149657  1.180492      26.969637    739.182983  249.940735  5.235713  1.104915  290.640991
297   4.996433 -0.156145  230.325974  0.155574  1.218885      19.961662    663.645935  195.910599  5.745284  1.203362  309.774689
298   3.383982  4.419944  226.041229  0.146254  1.114651      29.381500    700.790771  217.259995  5.656187  1.343621  295.333221
299   1.706797  5.074279  225.957657  0.144325  1.676332      29.783648    693.553467  230.112656  5.434692  1.201382  293.832855
300   5.460482  5.068825  226.091614  0.146155  1.075192      39.443039    682.546082  217.695908  5.481319  1.853760  293.770081
301   0.798475 -7.926027  225.268036  0.156347  1.200354      19.958654    725.762512  186.598236  5.232766  0.789785  291.190308
302   2.009804 -5.384248  229.048370  0.143556  1.388153      42.642902    690.899048  172.325699  5.267416  1.742328  282.407379
303   8.138773  0.241702  227.507263  0.141086  2.477070      27.321455    652.318420  247.080185  5.690990  0.906196  286.381012
304   4.125977 -6.308444  229.379684  0.144525  3.439367      27.416889    731.498352  182.114182  5.198588  1.576566  302.452026
305   1.174088  1.100016  225.357269  0.152831  1.669955      13.138909    705.057556  245.097733  5.340902  0.903347  305.634338
306   1.212426  4.620278  227.916565  0.143771  2.169295      32.049950    729.062866  153.083649  5.425317  1.195547  285.178711
307   6.571999  9.492589  225.801575  0.146772  1.062373      40.834476    715.983521  226.435806  5.484270  1.751852  300.135468
308   3.093250 -7.903547  225.981079  0.151604  1.962588      20.710707    684.234924  237.155380  6.569416  1.161098  308.970978
309   1.415660  2.255324  228.612854  0.143078  1.090113      33.525928    652.106445  192.461563  6.177416  1.594875  296.641266
310   4.838513 -8.558323  226.157669  0.152138  4.769102      22.720205    670.065002  228.145386  5.683374  0.833288  282.976074
311   3.445443 -5.794229  231.181870  0.155803  1.569221      27.488180    738.399597  213.230270  5.886326  1.386093  302.728546
312   8.103812  1.595960  225.219498  0.144273  1.843216      26.661705    729.894592  236.979797  5.086560  0.949716  285.280823
313   7.203685  9.866107  225.244629  0.141088  2.234528      33.055634    715.815674  112.637154  5.001661  1.582979  305.952850
314   0.936277 -6.979434  228.106140  0.151298  1.162181      17.668369    713.382263  245.295364  5.505954  0.884482  301.637909
315   4.826128  7.755140  226.955887  0.145960  1.491361      31.631393    666.577271  222.285370  5.644545  1.034109  290.472076
316   3.338497  4.628869  225.424225  0.153389  1.182697      36.986591    658.062561  245.151108  5.620298  1.321470  287.833130
317   7.996328  1.102118  229.632431  0.144371  1.322136      14.413340    731.068237  218.946289  6.168859  0.754697  296.865173
318   6.752403  2.970659  226.030762  0.148803  2.086882      31.742971    671.503662  242.188278  5.228230  1.845484  308.001831
319   4.071000  5.015369  230.649857  0.140315  1.001305      34.019157    702.566345  124.096809  5.182528  1.951675  306.186371
320   7.146158  5.433648  230.649307  0.147350  1.019976      15.355155    671.195740  248.789215  5.030025  0.807392  303.146057
321   1.291695 -7.689003  225.245193  0.142791  3.706125      34.364208    714.474854   61.422337  5.277502  1.655529  292.365417
322   4.318316 -2.904243  227.377335  0.156385  1.722930      16.156466    741.807922  234.105850  5.041290  0.704985  283.257996
323   2.056955  4.744217  227.456665  0.151032  1.674232      13.772262    697.639709  155.968201  5.234712  0.664478  291.210785
324   2.494589  2.351285  232.286667  0.145865  2.418762       9.596553    704.972290  171.973221  5.770015  0.618041  290.236450
325   3.485467  3.094270  227.589294  0.147228  2.259668      25.520081    700.480042  178.004562  5.720295  1.514187  309.401581
326   2.708981 -8.738954  226.841080  0.150838  2.402235       6.433842    684.733459  216.584457  5.791794  0.523233  290.344147
327   1.957008 -7.396229  226.153091  0.156126  1.600034      26.176704    720.289551  247.185135  5.241270  1.327250  302.818634
328   0.004746 -6.757697  226.673431  0.151870  1.239169      25.856266    654.880005  213.784973  6.863432  0.984962  293.152649
329   1.063725 -5.434264  228.092911  0.142996  1.749579      26.120817    706.495422  212.099289  7.355792  1.451289  299.163086
330   6.412205 -2.516683  231.920715  0.151087  2.062024      26.189459    685.315735  242.728317  6.918859  1.341175  304.051056
331   2.200308  5.733912  231.996017  0.148469  1.588506      27.953276    746.049805  180.499573  5.531533  1.457739  304.204773
332   6.077333  9.844302  227.398743  0.153828  1.133392      22.539335    694.060913  230.552917  5.283510  0.611557  286.740570
333   3.835926 -4.719481  228.876572  0.149096  2.447461      19.910530    684.237000  237.838165  5.143504  0.977137  297.180237
334   2.700896 -4.153896  227.506485  0.146668  2.286649      27.835573    711.730591  194.377991  5.885134  1.461721  297.298065
335   0.847847 -0.597325  227.835403  0.141676  1.814624      29.380367    720.097839  234.093887  5.407171  1.677367  301.196594
336   3.165997 -3.989073  230.273041  0.141806  1.657752      24.055986    705.459656  241.745911  6.268556  1.189348  297.965424
337   6.731364  4.831345  227.443039  0.146236  2.242747       5.511792    667.327209  247.916916  5.246914  0.446560  282.235596
338   9.856348 -4.001986  225.014526  0.153899  2.164883      29.829927    666.106384  242.331223  5.279101  0.918093  287.228516
339   2.559398 -4.176071  228.108398  0.147944  1.677797      19.527840    653.281494  228.574875  5.763128  1.199380  308.792969
340   5.794970 -4.613172  232.205719  0.149848  3.293272      25.993776    735.077515  212.018753  5.283911  1.302514  296.854095
341  14.724473  3.489464  233.223206  0.149627  2.008736      42.273209    687.640808  131.017090  5.362283  1.898475  306.148285
342   2.361284  8.437590  228.097702  0.151932  1.984900      20.947548    709.404968  217.552170  7.175241  0.961975  301.814453
343   3.061636  4.723583  234.576523  0.150190  1.028648      32.634369    710.887329  224.666092  7.545707  1.728921  301.850464
344   4.657158  7.149140  227.150345  0.143998  2.146048       7.000351    687.883972  231.800705  5.584616  0.501874  285.039154
345   0.055054  5.911294  227.044449  0.149827  1.885651      28.435799    698.873901  222.423035  6.807861  1.229696  295.328888
346  14.329270 -2.384161  232.259964  0.146456  3.974488      40.116070    686.542725  216.996933  6.387959  1.900052  288.950012
347   6.468112  8.057520  226.175827  0.148530  1.246613      28.408875    669.290466  220.346313  6.171324  1.013199  295.278748
348   1.382065  1.577433  227.892471  0.149363  1.256738      23.067205    650.345276  240.089157  6.796316  1.172654  305.682617
349   2.251768  3.860185  229.743866  0.153788  1.018148      30.097773    713.700378  172.551376  5.076031  0.939519  280.380219
350   3.983734  7.955262  226.677826  0.156530  1.771060      25.427923    687.203613  244.014633  5.422837  0.821899  287.671509
351   4.982144  9.282027  226.530609  0.159582  1.221770      16.343716    733.056458  244.567001  5.036592  0.694485  297.232056
352   5.564196  9.244202  230.484985  0.141962  1.073828      21.150200    717.785583  233.942505  5.565653  0.935773  305.859192
353   4.361968  6.800181  230.439804  0.147101  1.563447      41.480404    684.945557  185.516968  6.916707  1.683267  288.134491
354   5.423996  0.641150  226.304840  0.140666  1.307307      20.559048    740.062256  206.608536  6.174751  1.124660  304.235443
355   7.546687 -7.653106  233.296951  0.150786  4.063386      25.147682    681.133972  228.853577  5.310506  1.336759  299.408203
356   3.192073  4.930645  227.006302  0.146945  1.193531      21.767969    722.903320  171.196259  5.488979  1.166259  303.463684
357   2.304010  3.035377  227.235291  0.140577  1.325555      39.496281    709.998413  232.688583  5.459936  1.557690  283.219208
358   8.659492  2.359450  230.302048  0.149917  1.530560      21.198521    734.546448  124.461403  5.163390  0.876720  296.108154
359  11.874920 -7.936626  232.613831  0.151191  4.005963      16.241220    737.845398  164.787125  5.064848  0.840140  287.208344
360   3.730317  6.723700  229.339676  0.158993  1.090271      27.578825    672.683960  234.630753  7.669695  0.965640  289.754700
361   6.914195 -5.647311  225.269424  0.156572  2.274907      16.046917    720.914673  237.347961  5.094617  0.884476  302.465424
362   5.282701  6.670603  225.284561  0.151581  1.419484      19.375740    655.497681  166.508942  5.343904  0.713635  290.596893
363   2.073513  1.995383  227.574097  0.146905  1.666794      22.932978    681.767456  247.324997  5.933129  1.395896  308.157318
364   7.602067 -2.697224  225.015213  0.150940  3.476570      31.503687    675.685974  247.773438  5.172678  1.552980  296.959930
365   4.633585  4.943040  227.233734  0.145588  1.222934      30.074003    720.870789  220.436005  5.972548  1.356831  294.710541
366   4.007541  3.205456  231.445068  0.143790  1.450088      13.931270    741.479858  183.596268  5.538574  0.823998  296.030884
367   7.324635  9.986008  225.886658  0.159066  1.110739      31.436913    722.195374  239.641602  6.315822  1.113736  296.911438
368   1.801766  6.593761  227.821060  0.154219  3.250018      23.650593    714.150452  213.166016  5.966197  1.278666  306.592133
369   9.138819 -4.832988  230.712265  0.140986  3.609764      11.811115    686.828369  186.078308  6.311556  0.827349  300.629181
370   5.257899  1.975206  227.852112  0.144737  1.459544      11.331738    664.799561  225.806335  5.752975  0.795371  304.346619
371   5.595568  7.401727  229.050323  0.147367  1.110508      30.302809    733.657593  214.978348  6.465791  1.445519  301.370300
372   5.392408  3.514868  234.748657  0.142044  1.131777      28.586445    706.023926  227.121323  5.780135  1.615245  304.424896
373   5.466145 -4.945417  226.578461  0.144928  1.913562      28.432858    681.295715  162.229218  7.444811  1.582621  304.650818
374   3.947629  1.857027  225.669479  0.140849  1.844999      40.205166    656.499146  249.238190  5.524527  1.729449  286.038666
375   0.861901  2.861530  229.489380  0.141297  1.605082       5.550601    668.130493  237.576965  6.620680  0.603523  301.474823
376   2.183737  6.208992  234.077667  0.152177  1.414060      16.632233    651.324341  242.792908  6.445116  0.876891  305.908661
377   2.366461  2.469058  230.035019  0.151277  1.123485       6.262565    666.651489  231.991791  5.013090  0.500974  286.178467
378   3.062742 -0.452453  225.116318  0.143221  1.083582      24.407837    708.241638  225.018188  5.558094  1.683885  309.810608
379   5.927893  8.115383  227.226349  0.147207  1.072154      37.075687    660.775330  212.052994  6.173172  1.951798  304.323944
380   4.862875 -5.673261  226.699966  0.152872  1.367408      33.564705    706.674683  -40.172977  5.657313  1.133130  291.448090
381   0.711696 -7.497065  232.741776  0.145323  1.993673      20.362083    728.569763  239.970474  5.316793  1.031103  297.581665
382   7.547970 -2.652960  226.629028  0.140416  2.977392      31.508987    720.478271  220.220169  5.490012  1.836348  303.589294
383  10.415502 -3.951371  231.951950  0.150730  3.984960      10.340171    697.163269  192.527023  5.088223  0.816836  308.015869
384   4.304821 -2.940798  226.939178  0.149611  1.892505      27.931301    651.106750  230.457413  6.762949  1.515498  301.593170
385   1.703137 -8.486621  227.417038  0.148577  1.458480      38.766865    668.255188  215.934982  5.552418  1.343365  289.026733
386   0.821407  5.775738  234.691803  0.150317  1.539428      27.485994    728.875122  221.997528  5.043712  1.205354  297.514282
387  10.198973 -8.448518  226.619980  0.155379  3.375509      33.470154    686.036011  248.320053  5.264933  1.790331  298.625488
388   4.132599  4.539351  227.071747  0.141740  1.138279      30.162134    743.097412  220.367477  5.010408  1.894740  304.440796
389  10.925937 -2.964129  229.036224  0.157462  2.064380      37.551991    744.775146  207.592209  5.096122  1.326241  286.298004
390   5.704781 -0.924074  225.454132  0.147724  1.793040      27.659466    652.338623  212.477722  6.218110  0.983381  288.273499
391   9.564751 -0.138770  231.147614  0.145038  3.453007      39.137512    680.378784  131.271790  6.371257  1.743812  286.458679
392   7.992928  8.574308  230.946716  0.141949  1.184078      25.224522    669.297852  240.548935  5.876877  1.211699  306.385590
393   2.432646 -8.914482  227.773987  0.155771  1.433374      38.080433    698.915283  231.423630  6.310854  1.917274  305.491028
394   8.312849 -3.150289  226.796280  0.147281  2.270380      32.680096    661.452393  249.247330  5.574350  1.620021  297.927521
395   0.080985 -8.407021  228.122513  0.144811  2.069860      45.549747    686.719788  249.705338  5.841592  1.956978  280.834808
396   4.619440  8.362040  229.121109  0.152809  1.417471      36.656796    684.840759  248.421600  5.185815  1.752196  301.686859
397   4.672284 -1.778017  225.185852  0.146698  1.044377      38.422318    689.317749  172.170761  5.235139  1.801437  293.146606
398   1.402071  4.945627  225.957275  0.146711  1.456580      32.053242    685.317261  228.747421  6.003694  1.478483  298.590973
399   0.726425  8.585673  234.189423  0.157067  1.281602      39.336765    707.376282  139.958282  5.071462  1.791668  309.594940
400   0.442130 -4.506310  226.575516  0.148803  1.777944      27.512430    700.522705  238.412994  5.976339  1.329266  297.533356
401   0.194917  6.454505  225.090820  0.147874  2.663384      32.371376    740.222412   96.555344  7.019066  1.609751  294.591888
402   1.822113  7.337407  230.124664  0.146443  1.530242      22.657051    693.734924  222.813202  6.890447  0.735791  285.771332
403   1.122612  5.139154  227.578125  0.148987  1.170776      30.166563    663.627747  243.633026  7.342339  1.156509  299.092590
404   7.341463 -4.464054  231.364487  0.142219  3.276341       7.661207    701.902710  243.726913  5.109145  0.548706  286.261200
405   2.979805  5.973173  226.671997  0.155163  1.039564      26.271749    674.747375  222.065872  5.833648  0.902883  296.266388
406   4.026793  6.608093  226.186737  0.150483  1.169217      17.426231    668.919495  190.058167  5.083547  0.886898  307.012512
407   0.869187 -4.973339  228.228088  0.144929  2.137546      23.354586    738.175232  241.417664  5.767403  0.914273  282.916321
408   3.322957 -8.230859  225.304092  0.145997  2.378445      13.471912    720.843506  236.748322  5.855392  0.736400  294.191162
409  10.866993 -1.647608  225.948715  0.159895  2.046256      27.804104    684.599976  197.857574  6.734020  1.414075  308.115326
410   5.717650 -2.370667  230.086212  0.155922  2.199182      21.832659    721.982727  206.489624  6.177931  1.228315  303.840546
411   2.426426  6.342023  227.997208  0.152451  1.912117      30.538235    696.182556  233.466034  6.383093  1.775444  304.600861
412   5.215587 -7.040924  227.644043  0.150128  1.924157      34.061123    690.715332  246.045883  5.464182  1.805107  303.718842
413   0.719734 -8.696978  225.368088  0.153047  1.362223      26.879829    748.173218  220.631683  6.131611  1.408119  307.519470
414   2.105501 -3.277591  230.889877  0.143683  1.477335      28.618427    689.338013  222.441330  5.825523  1.631591  303.620728
415   1.420113  5.720787  229.835266  0.158637  1.523769      23.426540    665.530457  220.255569  5.093303  1.253180  309.658051
416   3.975811 -5.120887  226.241211  0.150975  1.661633      33.568279    670.105957  206.284668  6.961992  1.930946  302.346954
417   6.978456 -6.181859  227.327286  0.143824  3.112645      36.284058    703.454529  226.700134  5.368676  1.497697  283.693756
418   9.389879 -7.773896  226.109421  0.141327  3.391816      31.112917    702.603210  165.521469  5.163188  1.361698  291.389923
419   9.975960  3.418555  226.020477  0.143528  2.398645      11.296657    720.476807  167.183456  5.648644  0.615488  293.424561
420  13.881794  1.132618  232.779587  0.150270  3.446628       9.068798    668.842468  231.584747  5.907302  0.706226  306.809753
421   6.784459  0.927219  228.384995  0.140694  3.101021      18.055653    712.333618  200.640579  5.286969  0.886688  296.317871
422  10.216998  3.762099  231.020264  0.146666  1.635991      12.659237    699.167480  237.653305  5.305305  0.698382  304.970428
423   4.369513  6.366312  225.898758  0.146743  1.708132      38.601734    709.538513  243.219772  5.374754  1.416650  285.186707
424   1.325956 -4.827322  225.933243  0.140249  1.287714      35.402161    745.856689  167.354004  5.906231  1.751069  291.771790
425   6.751636 -6.065300  232.533188  0.151120  2.198734      38.185612    673.262817  115.182205  5.709937  1.456604  288.416290
426   2.843374  5.213517  227.070282  0.147497  1.219509      29.892971    709.674011  233.774124  7.359557  1.783905  308.353607
427   0.855490  6.517612  231.340469  0.150160  1.804061      28.138638    677.786072  239.382950  6.073865  1.045078  291.692627
428   9.597089 -5.976402  234.451462  0.152069  3.535470      30.598013    679.567444  200.538574  5.256296  1.786953  299.983521
429   1.518869  2.467770  225.628860  0.140968  1.246913      25.262709    718.468506  220.007065  5.867924  0.952687  286.584290
430   3.199549  8.637790  233.712631  0.159150  1.105903      36.452881    656.144592  241.178604  5.961153  1.029207  287.100159
431   2.433159  3.464635  231.297989  0.140897  1.398873      12.424303    656.840271  203.726395  7.330274  0.569777  284.475647
432   2.499003 -1.373903  233.036758  0.142285  1.409893      23.519632    684.819763  223.604721  5.153542  1.115463  294.428101
433   8.788283  7.519704  227.112228  0.146346  1.363523      24.977098    686.035278  230.402893  6.500301  1.154415  305.956055
434   2.416815 -3.529548  230.826721  0.149037  1.705244      27.492069    686.487122  238.165573  5.946992  1.733396  305.691254
435   3.177122  5.484863  227.125351  0.140940  1.532347      29.452818    717.836792  239.591751  6.574164  1.703002  304.636108
436   3.504332 -6.825305  225.755295  0.150807  2.075905      29.207291    695.063110  239.541321  6.407317  1.397195  297.627136
437   3.424654 -4.339387  226.924042  0.145412  1.204069      13.869052    744.683105  196.875732  5.671116  0.777519  295.744354
438  12.825211  6.571424  229.453171  0.144018  2.869643      30.449030    705.583191  241.625717  5.067966  1.341301  302.219574
439   0.771859  2.818625  226.031158  0.145150  1.771042      33.526768    688.683044  226.789429  5.475863  1.374932  288.663452
440   6.394455  2.363758  229.232162  0.146529  1.007892      14.818335    667.836243  201.292664  5.354880  0.823957  304.773407
441  10.578376  4.949121  225.463058  0.143090  1.595925      12.854590    703.046814  121.810730  5.329349  0.611311  294.983826
442   0.388237  7.571514  234.798660  0.144335  1.787601      33.205887    713.757324  205.253555  5.951332  1.480411  302.651123
443   3.889963  9.407754  225.520279  0.155937  1.872237      35.323914    682.319580  232.568039  5.536309  1.794315  304.390747
444   1.325827  5.537870  230.096237  0.141479  2.473005      16.391453    661.521545  221.579544  6.290519  0.883568  301.092529
445   0.625296  4.531175  225.101608  0.155268  1.557618      35.254738    740.013245  184.564087  5.955278  1.540396  293.386261
446   7.570641 -3.658363  226.789352  0.148341  5.387584       6.481452    739.097046  200.624710  6.131999  0.664179  296.398102
447   1.142976 -3.036739  232.213562  0.148854  2.118587      25.851374    733.309631  248.706299  9.195995  1.499193  303.141815
448   0.017394  6.415895  229.300095  0.156069  1.850845      33.139305    659.260254  169.113113  5.781484  1.963726  307.568390
449   2.815150 -2.089861  228.012009  0.142195  2.399762      30.465822    697.826904  219.844299  5.379544  1.710333  301.284149
450   5.697115  4.192553  230.213181  0.147975  1.513552      23.974209    692.371887  233.600220  5.546648  1.353749  309.188568
451   4.069665  7.343996  232.950012  0.147776  1.000913      41.593739    679.057312  248.288254  5.652942  1.600261  290.840942
452   0.866720  7.001425  233.421997  0.154787  1.690695      26.394686    714.894409  221.243515  5.718698  1.362259  305.458618
453   1.090589  1.659514  226.954865  0.142641  1.176631      25.975416    707.150452  234.852524  5.682925  1.324072  297.735687
454   1.429118  3.359478  233.750381  0.141358  1.464506      35.605621    703.017273  235.900620  6.001114  1.708104  293.449768
455   2.764782  5.456544  227.550491  0.156268  1.049867      21.706814    719.933838  245.429565  5.706080  1.011121  305.224792
456   3.959023 -9.206656  233.634766  0.153526  2.235969      32.178661    712.742432  246.071777  5.119721  1.645274  299.958771
457   8.665405 -7.451982  234.590240  0.154329  3.019583      20.069775    708.705139  196.992416  6.042906  0.923708  294.132721
458   7.994537  0.182036  228.972031  0.144067  2.402455      20.350315    731.845398  211.280563  5.100588  1.358797  309.320709
459   3.182732 -3.319548  225.962433  0.147795  1.704123      24.957308    735.479614  116.538864  5.229118  1.243862  294.052246
460  13.958726 -1.115765  225.197037  0.147809  3.028623      15.264290    687.853882  199.059769  5.280041  0.753043  300.939636
461   1.181797  8.479884  226.809143  0.149162  2.070399      36.647194    712.170898  215.250900  5.070657  1.688046  299.848450
462   2.120317 -2.661556  229.652328  0.142992  2.569194      27.656872    666.644653  209.908844  5.989531  1.616346  302.808838
463   6.167287  6.887772  225.663086  0.151790  1.014033      14.417154    728.417358  178.611969  5.949824  0.772621  301.899200
464   5.484631  7.732420  226.864059  0.150063  1.419108      12.064003    656.139832  238.605896  5.195176  0.541235  292.980042
465   1.782845  8.681219  230.881088  0.156700  1.933421      39.719479    721.241760  186.006775  5.008368  1.845819  291.925812
466   5.750422 -2.728313  225.626205  0.147652  1.831797      28.457300    701.387024  189.261505  7.750577  1.372429  298.843842
467   3.611235  5.827875  228.690002  0.149524  1.729311      33.260468    702.086792  190.946152  5.451424  1.479170  295.301819
468   1.731396  5.059185  225.015167  0.155840  1.327388      32.448162    742.510681  193.620193  7.320700  1.208470  286.785553
469   2.477968  0.414356  230.274094  0.145580  1.183270      19.794222    672.103333  248.380142  5.629535  0.930234  297.390137
470   0.692864  5.075602  228.641571  0.148758  1.327761      27.628540    701.460388  247.301926  5.906305  1.241199  303.742218
471   5.800155 -0.665517  230.116608  0.146518  1.819736      30.538950    665.077026  221.675507  5.574759  1.835934  304.638763
472   0.742663  4.695016  227.380173  0.143147  1.389472      28.103325    668.275574  214.439163  5.797222  1.169533  302.694611
473   3.236400  7.969893  231.862793  0.155538  1.272100      36.291973    696.785828  221.134872  5.957803  1.219148  288.716064
474   1.117105 -4.471642  227.234222  0.147417  1.192155       9.943798    747.376953  233.151550  6.039831  0.799929  303.549683
475   2.243021  5.170546  227.585358  0.146933  1.127506      24.662512    679.958984  207.271667  6.194001  0.934062  294.839447
476   3.050275 -7.267201  229.217941  0.144863  1.622425      29.714714    747.423462  177.713699  5.377997  1.374064  301.411774
477  12.910310 -3.635431  225.663834  0.140108  3.248416      35.474869    717.413574  230.420303  5.416849  1.693045  293.348083
478  14.339959  4.707262  234.198990  0.150708  2.837831      43.966251    722.093262  141.922150  5.548189  1.812379  287.688873
479   1.107508  7.576383  227.353729  0.151590  1.652183      46.631924    675.207947  162.782074  5.585162  1.640884  284.265625
480   2.031324  7.520027  234.270462  0.142367  1.785801      19.775072    748.681824  226.209061  5.115570  0.769866  287.184753
481  12.673817  2.735694  228.575974  0.148816  2.564022      34.309647    674.036011  240.093277  5.216877  1.752120  302.851898
482   4.805427 -1.790138  231.929657  0.149988  1.343115      13.782635    690.376648  216.610046  6.917559  0.792101  300.553741
483   2.351211  4.357806  229.208115  0.154209  1.605469      25.486570    686.800232  216.584320  6.136671  1.530368  309.641907
484   0.095611  6.895687  225.328140  0.144993  1.804539      11.332113    666.483582  187.379562  6.629447  0.556662  297.992615
485  10.611334 -9.675594  225.484375  0.153297  3.316767      44.210098    744.998230  187.633194  5.943401  1.810243  280.585510
486   5.711309  9.862597  228.881866  0.155172  1.171453      38.613361    686.267517  201.136780  5.737218  1.612382  300.930725
487   0.891104  1.854815  234.957550  0.143531  1.963027      34.224316    672.398132  212.465958  5.775482  1.691632  295.372223
488   8.780457 -3.645705  225.891861  0.159299  2.604211      34.748077    696.161377  211.288300  5.692653  1.553094  293.189941
489   2.584268 -8.172505  227.164505  0.143101  3.236588      30.253838    676.358398  139.177200  5.028756  1.654287  299.455048
490   1.222346  2.719468  229.089508  0.146427  1.471124      22.853210    719.176208  220.828186  5.596329  1.371114  306.830017
491  10.848582 -4.363235  230.741943  0.155523  2.677389      17.612324    741.423035  229.739120  5.495565  0.781224  288.887177
492   6.056364 -6.099497  228.278427  0.153279  2.668837       9.722574    702.856995  203.839264  5.001151  0.570193  284.389771
493   0.173386  6.879025  228.385208  0.146151  2.234118      12.018583    705.697205  227.700470  5.686642  0.660504  291.298706
494  13.554472 -8.601521  231.344086  0.146335  4.432703      38.722519    677.088623  175.919876  5.360734  1.773128  281.757324
495   3.802300  6.448246  225.181396  0.153736  1.150892      26.141941    694.993286  209.562561  6.444033  1.076750  303.268555
496   3.891753 -5.335890  232.670456  0.146390  1.319412      28.649118    671.005859  198.901947  5.241855  1.473691  309.917450
497   6.615991  4.416866  227.082443  0.140507  1.046393      22.230471    714.333984  233.778336  5.029280  1.188702  304.345154
498   1.354542  8.872233  229.249939  0.152957  3.304821      15.686444    723.233643  228.340027  5.245843  0.835650  297.542603
499   4.818712 -3.069817  225.451950  0.140866  1.915696      22.386364    663.396851  234.682953  6.059496  1.223678  305.221954
500   0.665197 -7.180358  232.404587  0.153896  1.646614      25.988649    707.337341  147.512039  5.016882  1.288799  300.199890
501   2.113961  9.594532  226.406265  0.145848  2.058254      40.988865    689.349304  208.282593  5.178644  1.403695  287.391083
502   6.746228  1.709790  225.326904  0.144912  2.831548      20.746296    702.554565  236.856812  5.068578  1.215526  309.435608
503   6.388797 -2.497307  230.490540  0.146209  3.609826      37.556671    723.363953  198.969681  5.119488  1.849852  290.247375
504   1.179706  7.316962  232.058670  0.152779  1.836324      16.421841    730.220215  226.022064  5.960542  0.948935  304.683716
505   6.999071 -4.591165  232.005112  0.152352  2.555418      36.072891    746.137085  230.820023  5.005878  1.526703  285.296387
506   3.352135 -6.461007  231.270554  0.141286  2.395193      36.340538    698.021240  196.334091  5.552960  1.926591  293.496246
507   1.042391 -5.442626  229.615891  0.144955  1.317769      26.524162    654.253418  219.184586  6.928995  1.197509  294.637085
508   3.520171  2.285878  227.753387  0.148735  1.856512      22.720434    738.155762  218.840118  5.934143  1.479855  309.633087
509   6.229773 -0.408951  225.555191  0.144481  1.965659      35.360451    654.441040  150.407181  5.740783  1.505196  289.472351
510   2.577054  4.231537  226.917648  0.140755  1.328505      27.853554    650.830017  223.841660  6.877817  1.468725  308.991486
511   1.593164 -8.483076  228.332794  0.148182  2.782454      22.948860    746.454773  224.456985  6.248172  1.138067  292.443268