           lon        lat         inc      D1AU     delta  launch radius  launch speed    t factor       B1AU     gamma         vsw
0    13.584727   2.158812  350.227325  0.086713  6.023380           35.0    555.707825  -73.096336  12.919685  3.367374  280.987732
1    13.649957  -7.475853  345.746429  0.064766  7.214414           35.0    530.714111  -14.455398  12.361747  2.509493  279.698273
2     9.621356  -5.181333  350.298462  0.077736  8.764965           35.0    503.077423 -239.100906  14.274869  2.909949  280.566010
3    14.285471 -10.068027  350.536530  0.091194  1.723728           35.0    467.026520 -144.219193  12.698027  2.396122  291.879761
4    10.049182 -13.549535  350.303406  0.117670  3.001688           35.0    469.072327 -183.989822  13.385027  3.789032  295.077362
5     5.048429  -2.714437  352.790649  0.075987  3.902642           35.0    384.893738 -104.572556  12.939233  3.511749  285.502502
6     4.687092  -1.439921  344.869812  0.071844  3.678203           35.0    351.091980 -191.233261  14.848944  2.956736  281.875549
7    10.257046  -1.297785  346.861267  0.083503  5.026222           35.0    619.197876  125.809357  14.078102  3.806849  283.354889
8     3.703132  -8.502391  349.317749  0.059621  7.928115           35.0    357.658813 -174.221588  13.228280  3.035539  278.591125
9     5.422839  -0.396156  344.494141  0.088731  4.188848           35.0    539.226013 -107.673531  12.855617  3.614851  278.609711
10    6.590861   5.249612  353.543274  0.108649  4.873641           35.0    353.543304 -118.751137  13.826623  3.231308  287.646729
11   -3.121182   8.489618  357.112427  0.091829  6.781542           35.0    350.005524 -237.575684  12.985171  2.881432  276.152374
12    4.255692   0.111190  344.456573  0.086493  3.496167           35.0    364.452759 -126.547043  15.015240  2.982706  282.245789
13    6.719566 -11.763832  354.321259  0.068922  8.575308           35.0    455.031891 -228.244766  11.944933  3.778885  282.006500
14    8.650126  -5.825597  358.135101  0.067314  8.356912           35.0    495.283173  -19.274982  13.142532  3.545721  283.747284
15   10.553144  -9.086498  349.648132  0.067478  7.418358           35.0    437.219574 -134.275299  12.493186  2.386692  279.539734
16    4.073922  -8.369956  352.589691  0.089943  5.482201           35.0    435.395782  -86.404686  14.069225  3.505053  281.187134
17    8.262562  -8.688733  358.996124  0.077085  4.927533           35.0    358.861694 -212.026505  14.017851  3.072639  291.720093
18    9.293324   1.791538  354.006378  0.071938  6.732301           35.0    361.492432   46.702435  12.783440  2.613695  285.075317
19   11.936324  -8.923018  355.198608  0.078189  5.340778           35.0    454.961945  -99.633568  13.124875  3.940361  294.374542
20    6.625225  -3.955094  346.298035  0.069042  8.245731           35.0    507.162811  201.890656  13.907096  3.533398  277.491150
21    6.865580  -0.380365  349.216797  0.094533  5.132761           35.0    403.419922 -232.985001  13.534504  3.665824  285.789734
22   12.299901 -17.421865  341.664124  0.134404  2.084549           35.0    602.812012 -100.469139  12.712957  2.657340  296.516937
23   11.548473  -8.498998  346.760986  0.077595  2.760633           35.0    451.251831 -140.830032  13.309674  2.468261  280.363892
24   10.316135   0.223772  346.659637  0.075687  8.917454           35.0    513.721924 -154.894272  13.983137  3.439110  279.478333
25    5.288840   0.091402  358.960052  0.079920  8.481257           35.0    371.842377   69.422127  13.038003  3.284287  283.210907
26    6.612183 -14.174080  352.907623  0.195345  1.526170           35.0    512.436829   -6.200446  14.288758  3.983162  306.486115
27    5.082981 -10.020084  346.382477  0.087454  4.351168           35.0    432.662567 -243.278046  11.718898  2.876173  277.797607
28    4.378219 -13.699191  351.068329  0.130386  2.640776           35.0    466.063416  -81.966118  13.813629  2.742496  282.214325
29    7.393495 -10.223308  349.474518  0.065137  8.771964           35.0    376.671478 -235.025269  14.242009  3.328037  284.151184
30    8.408241   1.222559  348.859924  0.074417  8.501850           35.0    521.132141 -201.168610  13.335033  3.285913  276.800018
31    3.706930  -4.273888  354.741180  0.088280  3.623213           35.0    350.195587  -59.081230  15.071485  3.385411  287.887817
32    5.090772  -2.264086  350.222382  0.079903  3.573825           35.0    415.324127 -239.517197  12.902557  3.564559  281.079010
33    8.307960  -5.982727  353.010193  0.069169  5.149442           35.0    430.061127  -37.794476  13.287787  3.289678  281.590698
34    6.694789  -3.964770  351.339844  0.070781  5.876978           35.0    357.490204 -157.609802  13.029382  3.146392  282.953430
35   10.384295   3.383024  351.368408  0.080691  5.694186           35.0    383.194275   65.130836  14.892051  2.833669  282.564087
36    7.387288  -0.337300  350.092010  0.073469  4.365576           35.0    454.164246 -230.803635  12.381989  3.125164  277.900146
37    8.664494   3.621844  340.315399  0.077162  8.513506           35.0    365.477509  -19.849087  14.387707  2.722251  276.042633
38   11.964516  -5.518732  353.033173  0.066071  3.134682           35.0    523.087341 -196.738358  12.379210  2.857430  279.514526
39   11.327792  -7.923957  352.138733  0.072489  2.121431           35.0    399.536407 -164.413040  14.617804  3.111883  291.371613
40   11.698831   4.409258  349.416260  0.080377  8.566296           35.0    427.845825   30.242746  13.334427  3.597002  282.556763
41    6.916015 -15.487571  354.952332  0.107895  4.629163           35.0    408.789337 -193.194473  13.917660  3.448097  286.489105
42    8.480451 -14.162392  355.665771  0.083853  6.941534           35.0    522.107117 -102.730247  13.664465  3.812668  283.210968
43    6.657543  -2.712081  355.135834  0.073583  5.293611           35.0    531.814392  -92.795448  13.016466  3.411878  277.199890
44    5.427194  -8.269178  353.716431  0.078962  3.081290           35.0    454.311188 -162.402344  13.526708  3.882372  279.713684
45    7.511195  -1.225300  356.785553  0.078247  6.492488           35.0    360.440643  -19.768030  14.483837  3.277822  284.152283
46    3.673509   2.983160  347.326569  0.113748  3.115883           35.0    408.886688  -61.392300  14.779006  3.693428  282.441254
47    6.613107  -4.035423  349.312531  0.079922  4.946139           35.0    354.854767 -224.179779  14.581623  3.814872  287.568970
48    4.153719  -1.395502  350.238342  0.078766  6.697365           35.0    356.831818 -231.505859  14.660245  2.633149  279.390259
49    2.133306  -9.492849  342.880859  0.061019  7.512821           35.0    387.255890  -15.003834  12.686226  3.844238  279.519745
50   10.703113 -13.184241  345.893951  0.076994  3.857522           35.0    714.948120 -125.763336  13.341629  3.775633  283.807404
51   15.238070 -13.335284  356.481567  0.101701  3.623787           35.0    496.610992 -214.130264  13.800586  1.344446  276.202393
52   -1.013810  -7.732739  353.724274  0.084080  8.240494           35.0    363.780823 -239.768387  12.630863  3.874892  283.934235
53   10.001578   0.186453  351.418854  0.095274  5.521564           35.0    350.513336   55.600899  14.289566  2.521198  290.481293
54    8.392233  -8.482816  350.719849  0.063685  6.005614           35.0    472.062714 -161.769287  14.372639  3.477859  282.454773
55    7.935520 -13.185147  346.526978  0.090750  5.746911           35.0    447.467621 -103.480438  12.539503  2.190463  275.594818
56    0.988939  -5.292174  340.786102  0.081750  2.485727           35.0    374.978180 -144.621002  13.810895  2.620651  275.093353
57    6.006141  -3.194499  350.391724  0.075792  4.346119           35.0    527.563538   54.588394  13.405612  3.711733  279.156891
58   13.484714  -0.891271  353.110657  0.078290  6.128066           35.0    429.050476  -17.817623  13.837915  3.760688  292.787140
59    9.515379  -4.879556  352.858459  0.069590  3.612170           35.0    350.331146 -188.161774  12.977137  3.767213  292.635590
60   12.751669   0.963098  345.469696  0.096584  6.965358           35.0    527.101257   40.900074  13.220914  3.344055  282.568054
61   -5.762878   5.285277  345.012787  0.135704  2.432924           35.0    502.938232  -99.942131  14.297254  3.785865  284.541107
62    5.770156  -4.792868  348.524384  0.076861  5.100430           35.0    549.301392 -108.700706  12.712725  3.774749  277.336975
63   11.935033 -10.740628  351.914978  0.103027  1.945040           35.0    606.024109 -226.376312  12.193207  3.784200  293.538239
64    9.547560  -8.161331  353.827911  0.064990  5.491629           35.0    355.177582 -199.012817  13.424080  3.678022  292.537262
65    5.916858 -14.205450  352.373322  0.091669  5.874843           35.0    383.515167 -166.585144  13.446149  3.018251  285.159149
66    5.789583  -8.989757  353.969604  0.071279  4.212450           35.0    382.252472 -180.111877  15.231139  3.156366  283.118744
67    4.349683  -4.562804  343.417694  0.077581  5.368711           35.0    422.432556 -204.115372  13.639730  3.619453  281.392456
68    8.406984 -12.862125  351.893646  0.093846  4.242932           35.0    619.499268 -198.847855  13.369549  3.422873  281.258392
69    6.355440  -6.487240  349.767975  0.056471  8.931416           35.0    355.877197  165.538025  13.375709  2.217603  276.886108
70   12.553228 -13.370859  357.996765  0.085123  4.843981           35.0    387.167267 -196.710907  13.329024  3.354209  293.639191
71    6.956303  -4.112053  340.352325  0.085719  4.727674           35.0    707.954041   -7.359930  13.071106  3.668226  275.168427
72   12.273044   2.407372  354.805206  0.090206  7.198268           35.0    374.280518 -161.022430  13.048489  1.569505  277.900177
73    6.592978  -9.659403  353.900146  0.085309  5.973991           35.0    399.107880 -159.355560  11.558047  2.715429  280.888153
74    5.058944   9.362109  355.527618  0.116658  5.254913           35.0    381.457245  -85.075195  12.634660  3.597975  283.068024
75   15.278261 -10.200181  356.769836  0.098744  2.575908           35.0    490.675812 -144.019058  14.552492  3.285714  300.771118
76    8.822408  -8.074568  351.784363  0.082992  4.992060           35.0    625.563965 -112.988174  11.767199  3.672146  281.028259
77    4.224973 -10.801679  347.874542  0.079173  5.269057           35.0    543.757202  -63.993977  12.997070  3.947617  280.072296
78    4.099885  -3.014175  346.515106  0.074182  6.333366           35.0    380.037140 -219.836655  13.389304  3.714590  281.830841
79    8.702073  -0.987456  349.064972  0.085212  8.802149           35.0    433.980011  -94.027405  12.556865  3.464018  281.626648
80    8.292396  -0.760404  345.970337  0.085321  6.350046           35.0    419.489288 -123.485634  13.945761  2.239491  276.085358
81    1.932538   0.615932  354.249329  0.087298  2.975832           35.0    449.130219 -137.218155  12.824057  3.807284  281.430725
82    8.116528  -6.045948  340.940369  0.067783  4.004632           35.0    430.924164  -42.494930  14.404139  3.674792  281.029358
83    3.693787  -6.137916  343.631470  0.084089  3.626745           35.0    468.085297 -169.865936  13.088929  3.581359  278.528198
84    3.853599 -15.838710  351.608124  0.112899  4.224137           35.0    370.325806  -95.254005  11.727313  3.555409  287.940857
85    8.455537  -3.055389  349.230499  0.072754  4.145551           35.0    450.594849 -140.057785  13.988132  2.886416  279.871704
86    5.010592  -6.542514  343.239807  0.077153  4.936063           35.0    656.114380 -114.262474  14.940461  3.883092  275.360931
87   13.342178  -3.370382  353.524170  0.083198  4.529135           35.0    482.195068 -242.960190  14.200806  3.711077  290.891266
88    6.902487 -10.042056  351.410431  0.086605  4.716709           35.0    488.954163  -62.448860  13.010885  3.685444  281.494476
89    4.240085  -6.669316  350.134094  0.074236  6.995199           35.0    384.837860 -234.711105  13.309250  3.873646  283.311310
90   10.443254  -4.971188  350.406311  0.068455  4.478119           35.0    457.708130 -248.406677  14.248869  3.932857  290.579132
91    6.266572   0.283945  346.749969  0.095825  5.066133           35.0    455.028503 -148.818878  14.197576  2.881739  276.192078
92    6.526592   6.333382  353.837646  0.105475  4.802316           35.0    434.491699 -235.695419  13.768667  3.452606  282.011475
93    8.935130  -5.413598  347.581879  0.062713  3.970387           35.0    645.781921 -188.070541  13.513648  3.903242  279.324341
94    1.243107  -4.534521  341.109711  0.068665  5.837063           35.0    404.990875 -232.929474  15.641433  3.995201  276.244324
95    8.865490   4.103203  349.846954  0.094370  5.590068           35.0    429.364594 -214.988739  12.534798  2.935302  278.445435
96    6.681566 -14.545642  348.305756  0.064084  7.725230           35.0    365.420746 -200.655716  14.237902  3.653062  284.796112
97    7.509746  -7.929743  353.917053  0.078770  3.488090           35.0    468.930969  -60.410976  12.283580  3.091512  281.221466
98    2.939233  -8.278079  353.843597  0.083931  3.964553           35.0    370.438599  -91.328911  14.181735  3.996387  284.566376
99    9.459689  -2.891652  358.318817  0.076974  5.000590           35.0    619.187683   35.967445  13.081900  3.387895  279.300781
100   6.281547   0.885245  359.305756  0.076664  4.919673           35.0    576.203552 -179.497406  13.485566  3.676812  276.264221
101   5.191663  -7.003962  349.828369  0.067048  4.500108           35.0    368.197510 -221.964355  13.061561  3.351059  283.880951
102  10.591593  -4.510903  350.467407  0.085830  2.621208           35.0    354.034454 -224.392380  14.536167  2.971161  293.710236
103   7.721859  -5.224248  350.483154  0.078752  5.449282           35.0    474.485901 -176.740936  13.345737  3.759650  284.363342
104   6.652210  -4.384686  350.658234  0.079619  8.507610           35.0    354.239594   64.331116  14.396996  2.955815  284.676849
105   3.806009 -10.757081  341.291992  0.088365  3.704712           35.0    495.080688 -115.083572  13.955872  3.429482  279.228912
106   3.096218  -0.331072  350.476410  0.062518  4.473628           35.0    392.153351  -99.693283  14.111744  3.617663  277.413483
107   7.116373  -1.654134  353.815582  0.083202  3.954420           35.0    480.306915 -146.116760  14.272734  3.938846  284.320190
108   7.575958   0.749779  353.403137  0.079940  8.631611           35.0    472.559570  -32.074432  13.808566  3.614846  278.735992
109   5.024174   3.046971  348.494934  0.088869  5.439682           35.0    412.733551 -226.381378  12.607022  3.927511  281.263489
110  11.749098  -8.015386  356.205597  0.073468  6.595212           35.0    370.603119 -196.413162  14.947365  3.055911  294.071381
111   4.981941  -5.698757  356.510406  0.078687  7.975937           35.0    359.434875 -220.027054  14.873326  2.876090  284.135345
112   1.846215   1.491567  344.033539  0.100370  4.264431           35.0    382.489929 -129.809494  13.737939  3.924125  283.091888
113   7.281189  -7.063262  351.000916  0.072111  3.400703           35.0    470.798462 -217.108536  14.335920  2.902192  278.925140
114  -3.987467  -0.330772  353.944824  0.127240  1.133576           35.0    566.339050  -39.173847  13.910641  3.710656  282.576965
115   3.827893  -2.549784  351.045807  0.063999  6.101653           35.0    376.654633  -97.738914  13.113101  3.392733  280.620483
116   9.168002  -2.825403  349.397125  0.084107  6.046122           35.0    380.769531   22.311541  14.577394  1.979444  277.513214
117   9.486296  -4.559814  356.120361  0.056325  2.753823           35.0    371.208527 -247.014542  12.745473  2.206543  279.492737
118   4.069602  -5.013853  355.887512  0.065810  8.492933           35.0    416.744751 -199.488068  14.646439  2.648107  276.430023
119   8.237544 -11.513428  349.949463  0.082204  4.892557           35.0    395.523041 -223.730591  14.938354  3.653904  288.709778
120   7.124083   3.215517  349.981934  0.090824  4.390853           35.0    351.860229 -159.378632  13.329511  3.552133  286.076538
121   3.822479  -5.846865  354.226379  0.076508  2.694191           35.0    376.593933 -125.057396  12.231899  3.934428  286.952728
122  11.139663  -7.225153  349.543701  0.065970  4.135185           35.0    710.683716 -202.159775  15.222057  3.856810  279.494202
123   9.073415   2.218896  347.960052  0.075719  6.786862           35.0    425.684784  -40.620632  12.888346  2.836353  277.199219
124   7.091093  -5.581018  352.624146  0.078409  7.506782           35.0    457.411072 -163.581848  14.210096  3.840920  280.792267
125   9.856938  -5.131310  355.508728  0.083858  2.576995           35.0    419.632172 -166.368546  12.162009  3.764344  288.929291
126   2.937317   1.577763  350.147400  0.074817  5.536517           35.0    570.212646 -180.393326  12.565550  3.936990  275.059601
127   6.314333 -11.958595  352.340729  0.078845  5.994980           35.0    499.011353 -178.290039  13.282584  3.534293  278.038910
128   6.935500 -10.512728  349.847015  0.080917  3.751027           35.0    502.372650  -74.383774  14.860694  3.716261  280.985260
129   5.743652 -12.258986  348.573029  0.084550  6.621584           35.0    377.182251  -33.172150  14.307740  3.163483  287.280609
130   7.279399  -6.284776  350.170746  0.084532  4.854258           35.0    556.981262 -194.291351  13.325114  3.801422  281.362701
131   8.086417  -0.655860  349.236359  0.079324  6.393935           35.0    450.291809   -1.885191  15.201437  3.330293  277.319427
132   6.426082   6.456191  349.601562  0.130215  3.787277           35.0    680.018066 -173.662155  13.816954  3.932904  278.185028
133  12.373918 -13.306199  354.649170  0.100282  3.201387           35.0    737.952637  -89.377487  12.687814  2.911644  280.702454
134   7.448316   0.254092  353.148224  0.088347  5.282864           35.0    391.222595   28.468590  12.656586  3.317371  283.328644
135   9.615705  -9.466051  353.871185  0.082170  3.912835           35.0    530.729309  -22.011688  13.022218  3.683530  283.736877
136   1.691183 -10.621782  355.749786  0.080765  6.693866           35.0    392.190247 -174.943756  11.997251  3.012828  276.944794
137   6.431039  -8.265873  345.670013  0.059766  7.394768           35.0    409.597443 -135.194550  14.673914  3.701963  282.833618
138   1.833557  -0.550716  350.368439  0.094215  3.345997           35.0    378.867065    5.557886  14.104542  2.867154  280.168518
139   3.669410   2.973180  356.698273  0.077727  4.799170           35.0    451.563293 -206.850677  12.045462  3.811999  276.058899
140   4.031975 -10.498290  346.022644  0.068544  5.678518           35.0    428.834595 -240.070831  14.155389  3.547761  280.291840
141   1.842218  -8.163201  343.361359  0.071318  3.386793           35.0    377.951904 -225.345596  13.500763  2.285344  277.330505
142   7.592989  -0.614728  351.069702  0.071088  4.750751           35.0    421.024658 -181.499405  14.608444  3.677486  283.394165
143   2.791824   8.332251  343.090912  0.117400  4.672016           35.0    415.289764 -193.941681  14.341767  3.678095  278.062561
144   8.168998 -10.506594  348.852264  0.085696  2.413788           35.0    516.847107 -178.138657  13.884271  3.718726  286.720795
145   2.690807  -5.834224  348.202576  0.079803  5.665555           35.0    363.236908 -164.795242  13.799054  3.353685  281.811066
146   3.702748  -8.398993  353.002136  0.077708  5.985702           35.0    408.127289  -63.662045  13.885663  2.657970  277.233154
147  12.656634   0.151784  351.975067  0.088852  6.200838           35.0    676.397339 -248.209610  12.325711  2.981827  278.866974
148   9.744294   4.964878  357.866852  0.090840  7.483550           35.0    396.695526  -15.858592  11.694465  3.300866  284.202362
149   6.622183  -4.659531  354.327911  0.079762  7.224063           35.0    475.527588  106.873611  13.387918  3.767209  283.602570
150   7.327662  -7.881249  356.251007  0.073989  4.699004           35.0    459.783295 -226.484528  12.196980  3.421357  283.656372
151   5.784689  -8.792089  350.525513  0.070557  6.424121           35.0    459.323578  -31.838531  13.740735  3.627775  277.526764
152   6.686173  -9.705954  342.514526  0.076097  3.895182           35.0    482.216370 -246.348038  13.251211  3.733223  284.528961
153   6.775926  -5.699906  346.031769  0.067906  5.670181           35.0    361.266724 -175.991470  14.302818  3.196096  284.010529
154   1.158123  -9.097660  348.909729  0.077028  3.695780           35.0    475.781189 -186.988358  12.681071  3.288005  276.866791
155   8.373652   7.158827  350.906769  0.104866  7.740677           35.0    466.950806 -216.880768  14.592293  3.526211  276.714691
156   9.775200 -11.784723  351.002991  0.070775  6.480152           35.0    442.059204 -238.892639  13.243871  3.617395  285.643005
157   4.420992   4.751696  351.137421  0.080974  6.994735           35.0    406.927460 -205.816620  15.154881  3.163927  276.614990
158   1.051122  -1.356301  350.449402  0.084401  5.524153           35.0    359.696625  115.963036  12.494543  3.067025  281.138855
159   5.907547  -7.416971  347.508911  0.069271  4.346079           35.0    360.295532 -227.467163  14.256192  3.918097  286.893219
160   7.889606  -5.257959  349.000061  0.068725  3.988488           35.0    448.955017 -132.361435  12.712537  3.738096  283.070709
161  10.739962   0.651604  356.237457  0.063641  6.611415           35.0    545.779907 -206.702652  12.740668  2.996569  276.239410
162   5.134524 -10.205750  342.793579  0.074976  6.628805           35.0    369.243591 -105.486328  12.539685  2.409373  281.918060
163   6.488630   0.986753  348.894958  0.095320  4.498404           35.0    409.692078 -101.141823  13.326035  2.896104  278.158691
164   8.879507   7.498928  353.928436  0.086376  7.027979           35.0    402.548065 -191.758148  14.403660  3.560110  280.027557
165   4.984461  -0.267935  339.299072  0.080627  6.507607           35.0    395.631653 -205.826462  14.104846  3.661016  280.182068
166   8.457827  -4.303058  345.615753  0.080927  2.701856           35.0    496.908478 -181.693817  12.729998  3.030279  277.654602
167  10.763607 -13.533566  355.782837  0.082868  6.411867           35.0    500.420654 -150.132950  14.165318  3.086883  280.981628
168  11.494018  -2.031442  356.233185  0.076248  3.596428           35.0    426.233032  144.999466  12.228933  3.418810  285.970673
169   9.718847  -8.484406  352.448029  0.083762  3.047410           35.0    354.245331  -11.019882  12.862848  1.999193  287.297302
170   5.032516  -4.201902  353.145355  0.079095  5.160566           35.0    356.994354 -119.985252  13.589276  2.332239  281.736816
171   7.764181 -16.926664  351.151978  0.099174  5.239989           35.0    402.041931 -161.060638  12.072450  3.710657  290.916931
172   9.123858  -4.375309  347.534424  0.081838  8.728085           35.0    401.021118   50.803856  13.343452  2.987638  283.668884
173   5.555354  -7.268769    0.521119  0.067920  4.965954           35.0    546.286804 -172.270935  14.098148  3.431274  275.549042
174   8.866673  -6.454054  355.323730  0.055750  5.059666           35.0    350.767548 -106.002998  14.021011  2.608723  285.526367
175   7.655313  -6.380600  343.851013  0.062370  5.596353           35.0    372.050354   13.932774  14.953892  3.026593  285.545227
176   8.971912 -15.694512  355.116913  0.087028  6.101241           35.0    369.335938 -133.461792  13.973049  3.409277  286.476379
177   9.364162  -8.384686  346.605591  0.060102  8.722193           35.0    503.584625 -125.281197  13.894876  3.376854  281.793335
178   5.879615  -5.003241  352.929871  0.072246  3.605975           35.0    445.215332 -137.518570  11.319931  3.242765  278.016296
179   8.469084 -10.146293  352.853821  0.080013  3.208355           35.0    428.146606 -240.177505  14.627462  2.776011  283.530487
180  10.382307  -6.337028  353.630096  0.056272  1.476287           35.0    612.042847 -248.097610  16.099136  3.282363  275.907135
181   0.453951   4.673937  350.543518  0.125556  3.330408           35.0    433.088379 -136.751221  12.689177  3.933258  283.727966
182  13.103013  -7.582053  352.534485  0.089337  1.701108           35.0    364.679779 -210.597443  14.655705  2.906804  299.361847
183   7.705833   2.969260  346.774750  0.107802  4.445540           35.0    497.667114  -63.068317  12.328855  3.171976  277.127747
184  13.525090   1.685821  347.181244  0.076860  6.101155           35.0    643.356018  -24.407953  11.996204  3.757768  281.051636
185   6.227417  -5.730238  354.877808  0.071641  2.472354           35.0    504.188049 -115.909805  14.970395  3.119486  278.208160
186   9.487729 -13.196542  346.999939  0.080215  6.047657           35.0    408.695831 -155.051025  14.126458  3.621441  288.704468
187   9.217575 -12.892131  343.524841  0.057667  7.536767           35.0    447.690094 -223.271393  12.569302  2.789182  279.465424
188   5.054559  -9.176546  348.051178  0.076135  4.457527           35.0    375.547424 -139.072342  12.554722  3.408243  283.622375
189   9.096294 -13.659577  346.968811  0.082572  4.025273           35.0    645.243835 -209.561188  14.922082  3.741013  284.296936
190   5.496556   5.922274  350.483032  0.127118  3.377767           35.0    420.727905  -70.323769  11.691035  2.723441  281.503265
191   5.618567 -11.169156  347.556488  0.096069  2.864298           35.0    377.857819  -41.100910  11.879717  3.817869  292.755920
192   8.754447  -7.201743  354.367523  0.066347  8.781326           35.0    549.088562 -204.457947  14.308939  3.185320  278.309662
193   7.671344  -5.621931  351.738922  0.081273  7.803151           35.0    712.256592 -132.661240  14.093848  3.540079  276.646393
194  10.961956  -1.306747  354.388306  0.072466  7.409523           35.0    468.200348   21.314121  12.029210  3.138775  284.226532
195   7.771176  -9.027119  351.233063  0.063559  3.725794           35.0    574.934448 -146.607727  13.759172  3.336977  275.729980
196   8.022772  -6.155081  356.854340  0.068760  2.247019           35.0    383.127655 -143.204086  13.280261  3.113012  282.773102
197  -1.507851   0.600328  350.037476  0.096130  2.672679           35.0    391.289276 -173.126297  13.832200  3.910608  280.611359
198   0.666996 -10.137398  347.469025  0.115313  1.991361           35.0    389.902466  -57.913948  12.696846  2.697530  282.960693
199  10.165469  -0.870996  350.190979  0.075600  6.584198           35.0    530.700256  125.232758  12.168139  3.408629  276.473145
200   9.100458  -0.442425  356.570679  0.086214  5.149930           35.0    716.739258 -236.695297  13.931349  3.829190  277.626709
201   7.408629  -4.803357  348.422852  0.083019  2.912055           35.0    432.466309  -50.509727  14.678741  3.192960  283.877502
202   8.125375   7.689437  353.165039  0.108802  5.902208           35.0    374.747437 -123.207451  12.163600  3.662356  283.574188
203   2.930254  -0.453143  342.646362  0.092949  2.805233           35.0    368.644531  -84.754066  15.544084  2.501352  276.859924
204   3.512254  -1.966791  344.934326  0.102507  2.067522           35.0    411.215637  -27.262995  14.731726  2.736852  277.834045
205   8.873879 -10.908578  349.220886  0.089608  3.002616           35.0    415.097961 -166.278351  13.782583  3.773983  289.046570
206  11.862370  -3.708637  343.476074  0.092846  3.795296           35.0    644.140991 -192.011230  12.173732  3.994529  285.121765
207   3.398878  -4.775890  349.684143  0.085248  2.791628           35.0    462.451813 -171.206985  13.489982  3.639678  279.489136
208   9.062792  -2.058914  347.411774  0.068633  4.955238           35.0    430.213898   66.710800  13.770382  2.632770  275.631500
209   2.788834  -7.609387  354.822723  0.068835  5.925145           35.0    350.562469  145.176865  12.389273  3.169067  281.038361
210  11.229115  -5.189026  355.903259  0.073178  7.672479           35.0    488.061188 -137.776352  12.695580  2.820379  280.275391
211   7.695778  -6.395922  349.402679  0.079818  7.877497           35.0    408.411652 -135.312561  14.045651  3.665223  283.841766
212   8.984274  -1.685000  348.055634  0.076921  6.619571           35.0    537.587219  102.613960  12.657877  3.268941  278.643799
213   4.124919 -19.615681  344.844330  0.086330  7.677829           35.0    381.816071  -36.386925  11.501591  3.981966  284.605377
214   9.989069  -5.092055  345.758118  0.079344  6.109154           35.0    732.251160 -193.890991  13.356883  3.541319  276.216064
215   8.896049  -4.379793  338.860382  0.080069  6.047346           35.0    508.121765 -229.661957  12.922677  3.044020  276.094208
216   9.152033  -4.434741  349.252106  0.064627  4.919097           35.0    539.338928 -201.960846  13.008817  3.273475  276.683655
217  12.483933  -5.566795  356.366821  0.086608  1.063384           35.0    360.819580 -144.805252  14.371858  2.605827  297.666199
218  -1.926005  -8.109980  355.446381  0.085874  4.140764           35.0    368.741730  -92.266617  12.406979  2.874664  279.013641
219  -2.411491   2.803269  354.200226  0.083810  5.628338           35.0    399.601349 -213.560974  13.063528  3.745740  277.471924
220   3.898274 -12.080908  348.512756  0.088697  4.661936           35.0    354.553467 -133.711594  12.984488  3.305286  284.591461
221   5.363658  11.066333  353.202972  0.143982  4.181113           35.0    389.083679  -14.487663  13.104302  2.915736  279.509460
222   7.123233   0.252125  346.391144  0.091014  3.575848           35.0    414.909271 -126.452438  13.242516  3.979848  285.905853
223   7.851719 -12.267518  343.070831  0.071324  3.875273           35.0    402.315094 -158.323135  14.150050  3.902470  289.738373
224   7.964382  -4.553535  352.475952  0.079218  1.823249           35.0    418.091431 -238.480301  14.186776  2.755200  278.976685
225   4.995869 -11.162148  353.834106  0.084086  6.796597           35.0    553.924744  -34.329235  13.475434  3.838132  278.929626
226  10.910641 -10.086895  353.015656  0.071593  4.587186           35.0    494.732849 -228.927505  13.467471  2.920493  279.350098
227   6.362063  -8.210791  346.557617  0.068755  3.175204           35.0    405.234741  -97.762337  13.599841  3.551813  283.440826
228   6.765059  -7.866072  346.888611  0.076434  6.687198           35.0    421.750092 -118.749542  12.823447  2.384442  277.284058
229   7.464340 -12.836457  358.636292  0.080892  8.341346           35.0    362.726105 -213.163239  12.986165  2.535705  281.627014
230   5.399729  -6.705912  353.672455  0.060509  5.211301           35.0    410.035492 -217.955566  15.396394  3.868010  280.820740
231   3.028895 -10.757197  348.579041  0.081719  8.465113           35.0    439.102020 -218.527939  11.939662  3.676218  279.147003
232   5.454469  -6.732219  353.499725  0.062861  2.705620           35.0    515.922607 -202.464401  13.863585  3.842427  275.860565
233   7.292195  -7.344855  340.741028  0.084446  2.601856           35.0    396.898712  -81.468826  12.940332  3.575649  286.401123
234   9.706955  -9.694837  348.705505  0.078835  5.305545           35.0    387.443298   49.641205  13.305321  1.813766  281.805145
235   7.580952  -5.150701  352.407471  0.068879  4.078416           35.0    542.471924 -100.038666  13.357870  3.468339  277.878479
236   9.055843  -6.649889  349.040100  0.069273  5.633109           35.0    420.213715   59.441174  14.263411  2.555238  281.558990
237   6.973453   1.608497  349.365173  0.074647  5.112058           35.0    405.611267  -75.453430  13.112679  3.410800  279.290253
238   7.412199  -0.412662  349.134552  0.084586  7.812549           35.0    599.205566   51.534832  13.573140  3.741581  275.771271
239  12.182156  -2.473453  353.028595  0.066949  7.605837           35.0    483.854218  -14.150338  12.676580  3.964255  290.114563
240   8.059869  -8.391631  353.325104  0.082060  5.291549           35.0    427.136108   22.258904  15.828594  3.648567  284.271790
241   8.667295  -6.341351  346.154907  0.074187  6.690869           35.0    399.106842   74.163231  12.979794  3.087842  282.657898
242   4.144357  -6.254575  352.316772  0.066785  4.801919           35.0    414.896667 -130.892471  12.679947  3.690251  278.971832
243  15.799744   1.530075  350.192963  0.093721  4.573968           35.0    409.026825  -50.959042  12.310790  2.989201  297.656769
244   7.622118  -5.051687  352.721832  0.080690  5.704554           35.0    494.595154 -225.733368  14.413041  3.355534  280.014282
245   9.316076  -3.909975  346.074463  0.075760  7.543070           35.0    419.011658 -197.395844  13.624180  2.994126  282.261932
246   9.346069  -1.772239  348.256561  0.089658  3.743138           35.0    398.352661 -190.560303  14.077183  2.841039  282.174408
247  11.806730   2.446904  352.874908  0.098300  4.539610           35.0    398.838593 -123.858932  13.379634  3.227623  293.416107
248   9.956186 -13.462868  351.460999  0.082576  5.581444           35.0    734.786011 -245.202591  13.861488  3.829517  284.222961
249  11.842237  -2.986275  347.010040  0.062504  7.638530           35.0    398.093964 -202.453247  13.099444  3.685026  289.979523
250   7.398582   4.070985  348.094025  0.092896  8.319726           35.0    358.537445   87.628265  11.694216  3.286229  284.359253
251   1.299097  -6.939040  343.781281  0.065643  7.808235           35.0    466.676270 -103.867180  14.258704  3.896291  277.775330
252   1.995792  -4.907140  344.274719  0.064923  3.902674           35.0    372.644104 -210.798294  14.190170  3.806500  282.371552
253   6.426205  -0.663897  351.696930  0.087668  5.000155           35.0    508.545502 -166.356125  13.944194  3.379041  277.596558
254   2.136456  -1.740788  351.655334  0.094139  2.454304           35.0    487.920105 -115.139542  13.145260  3.866066  279.215210
255  10.618350 -11.719592  344.827271  0.076530  2.355102           35.0    537.937256 -173.256058  14.339000  2.365560  277.276062
256   5.364817  -9.139773  351.741333  0.077938  5.437995           35.0    495.877289 -153.503250  14.238125  3.478956  276.181610
257  11.146156 -10.356911  355.068359  0.096631  2.887004           35.0    629.969666 -140.135300  13.022794  3.782851  286.625885
258   7.669197 -10.157479  345.591766  0.072288  5.935033           35.0    507.167297  -47.114319  12.747965  3.760549  283.341339
259  12.405826 -14.787406  352.223389  0.079632  6.119805           35.0    655.737732 -105.264992  14.042990  3.949263  287.917023
260   9.356452  -3.098371  347.912231  0.078811  5.281912           35.0    362.785889 -209.640488  14.721829  2.472993  282.431641
261   7.243302  -9.371159  347.031982  0.085429  4.582678           35.0    527.084473    0.899453  13.106978  3.429797  279.031647
262   7.967359 -12.049850  353.702026  0.086029  5.894838           35.0    525.415894 -186.470535  14.495684  3.867816  284.916473
263   6.398145  -7.952776  345.521759  0.079104  5.531125           35.0    356.223907  -32.080910  12.330776  3.782721  289.695099
264   6.526593  -3.208409  348.591278  0.078651  2.339187           35.0    608.137146 -140.499176  13.775022  3.023959  275.244659
265   8.433656 -12.332706  355.384460  0.100533  5.121484           35.0    539.144714 -229.816956  13.501087  3.321986  281.486298
266   7.534121  -8.537863  346.693085  0.087357  2.555986           35.0    492.066345 -239.474426  15.348372  3.537319  284.419250
267   7.601831 -10.976713  351.529327  0.078223  5.523013           35.0    385.133911 -244.022476  16.256142  3.135877  285.633636
268   6.091609 -16.198736  344.879059  0.080591  7.872275           35.0    361.406464 -171.737045  13.016366  2.216743  280.749115
269  10.338806  -3.917472  350.453400  0.075188  4.572800           35.0    456.370758 -168.087952  13.615618  2.602063  281.786407
270   4.091041  -2.661882  346.575287  0.101075  1.306910           35.0    387.643860    0.694755  14.905953  2.907281  285.909576
271   4.718692   5.574761  350.609283  0.090043  6.098479           35.0    364.197571 -161.719193  14.289465  3.614778  281.447662
272  13.605848 -11.432346  343.557922  0.094639  1.113500           35.0    668.979492 -119.322891  14.075242  3.784320  291.171631
273   7.780746  -3.850260  357.443085  0.080952  6.707240           35.0    369.271210 -146.115677  13.196583  3.565562  287.131531
274   6.285669  -1.828295  355.633545  0.075914  3.613295           35.0    514.451538 -208.196136  14.199391  3.992409  280.361359
275   8.094112 -10.544986  349.927490  0.085609  6.303391           35.0    410.612976  -71.770538  13.880163  3.163243  286.830261
276   5.421016 -11.262245  356.731628  0.074432  7.577178           35.0    380.484619 -158.117691  14.751851  3.161464  280.662811
277  -0.105519   3.770620  343.686188  0.106996  3.926455           35.0    355.071777 -140.997910  14.818066  2.552372  277.527893
278   8.138001  -7.937111  346.919128  0.074310  5.961790           35.0    395.824036  102.224358  14.332118  3.585379  284.589935
279  13.826461 -17.028605  350.639893  0.098987  4.228263           35.0    670.823364 -229.815628  13.345704  2.822747  287.438019
280   6.416097 -10.629643  354.498718  0.086078  6.272373           35.0    599.168945 -192.108932  12.272975  3.916370  279.693298
281   7.017826 -10.587297  346.029877  0.073442  4.486225           35.0    362.274139  -18.281103  15.009336  2.990309  290.268372
282   9.410529 -11.658978  350.387360  0.080851  4.568821           35.0    599.246277  -87.422829  15.634334  3.380135  279.753662
283   2.136099  -5.167409  352.435425  0.073858  2.626363           35.0    398.517151  -92.355553  15.369442  3.029527  279.550934
284  11.948281  -3.416396    0.916259  0.062195  5.886701           35.0    441.904572  -44.559364  12.879122  2.726590  284.675964
285  -8.075967  -0.194323  355.662659  0.116956  1.146229           35.0    569.678894  -86.162682  15.267429  3.472948  283.634888
286  11.993533  -8.338995  350.206116  0.082278  6.039020           35.0    583.984680  -15.770264  13.673437  2.358705  276.936066
287  11.873327  -7.102505  350.936554  0.082112  2.683875           35.0    473.258240  111.811485  13.176637  3.139403  286.739777
288   8.979640  -5.184082  351.745880  0.063898  5.886898           35.0    427.621765   90.144966  12.993781  3.014457  283.218842
289   7.041384   0.251502  342.374847  0.091895  4.000376           35.0    443.456146  -72.039253  12.383624  3.234052  276.430176
290   9.232614  -4.688522  354.202087  0.067134  7.895294           35.0    662.945496 -230.201431  13.497183  3.487974  278.578247
291   4.555678  -4.538840  348.694427  0.074020  4.677343           35.0    378.126984 -230.391281  12.450477  2.836802  276.251099
292   8.469065   0.911982  349.098785  0.093884  7.238353           35.0    374.815796  114.698730  14.314456  2.983755  285.323669
293  10.537388   8.223991  355.772522  0.113113  6.136085           35.0    400.685577  -10.000867  13.934419  3.809554  287.719940
294   7.201933  -4.253488  348.664612  0.059085  7.599950           35.0    445.766632 -107.256981  13.721826  3.161614  275.261627
295   2.606932  -0.749968  353.650085  0.077847  6.134064           35.0    436.440033  -78.132797  13.784638  3.590483  276.273865
296   4.086264  -7.952946  347.007263  0.079935  4.969577           35.0    623.928650 -162.372253  13.430892  3.839997  276.567017
297   7.987806 -13.278254  353.550262  0.074623  5.413214           35.0    416.846924  -59.128643  14.057229  3.984841  285.962585
298   4.782622  -4.548917  347.484222  0.079333  6.856299           35.0    445.249756   67.533409  14.838025  3.455183  278.365021
299   5.135324  -0.446626  347.961914  0.099817  3.489376           35.0    475.100494   48.771217  13.902157  3.755943  281.847504
300  12.872566  -4.589062  349.214844  0.085945  6.834132           35.0    497.392944 -149.673492  12.800507  3.634058  289.955750
301  11.217525  -0.569968  348.671143  0.074953  6.163485           35.0    396.952606  -62.753391  14.196276  3.030000  288.815277
302   2.716059  -2.147944  347.430450  0.073712  2.684052           35.0    357.910004 -124.940071  13.409313  2.458919  277.038269
303   4.185611  -8.651284  349.370239  0.068544  8.603833           35.0    402.060120   -6.406018  13.200508  2.995671  278.140594
304   8.268835 -14.670506  355.414185  0.074810  8.004510           35.0    431.868958 -215.145798  12.918518  3.535305  281.896484
305   1.979084  -3.185779  350.991364  0.084563  3.191275           35.0    382.068054 -192.722565  14.152532  3.958800  282.982391
306   9.752359 -15.824859  351.649902  0.077604  7.957935           35.0    461.492615 -187.562531  14.502815  3.828466  283.200348
307  -1.608941   4.807789  351.799469  0.112468  3.957307           35.0    358.222382 -209.386597  13.793499  3.493575  283.544464
308   4.516926 -12.484400  351.010376  0.088339  5.360679           35.0    357.731812 -220.579529  12.872314  3.703868  289.537262
309  11.880054  -8.290969  357.192780  0.088801  1.637492           35.0    381.258942  -78.773094  14.715953  3.383804  297.784027
310   3.163120  -0.892376  338.990570  0.085263  3.824050           35.0    391.495483 -229.079071  13.646997  3.458072  282.166626
311   6.872460  -9.033126  351.451080  0.071944  5.130806           35.0    397.210419 -238.086075  13.894377  2.365430  279.355743
312   2.845756  -3.563427  349.692993  0.072589  7.042120           35.0    439.033752 -176.689697  13.624292  3.163082  277.222290
313  11.012221  -3.440734  347.082001  0.079387  6.326528           35.0    385.029236 -159.180420  13.076563  3.028880  287.347656
314   8.708048  -4.421466  353.727600  0.068589  2.615089           35.0    718.267212 -184.084335  14.820429  3.573273  276.091766
315   2.686867  -6.299232  349.815277  0.063145  6.941458           35.0    409.788666  -89.198311  12.303508  3.447592  276.758698
316   4.361705   1.439900  348.809113  0.087351  6.297041           35.0    458.290802 -202.627762  14.805387  3.629543  278.794678
317  12.634210  -1.651684  352.285675  0.073176  6.526130           35.0    558.699890  -31.234386  13.781413  3.971115  286.942719
318   7.209004  -7.863228  349.922729  0.085787  4.202032           35.0    433.141052  -88.832916  12.896964  3.763229  286.834412
319  11.906502  -7.381565  347.613220  0.067710  6.042892           35.0    381.956665 -233.592636  13.296286  3.160603  292.226807
320   3.773622  -3.741637  349.665283  0.071695  1.637469           35.0    401.185089  -79.686035  11.915577  3.783682  279.444641
321   5.707415 -17.951435  353.204163  0.155289  3.058329           35.0    494.078949  -91.934921  13.208613  2.568832  283.625244
322  13.804286 -11.270299  347.579315  0.078835  2.185290           35.0    662.421814 -182.379990  13.840149  3.613205  293.078339
323  12.856572  -4.547499  352.435516  0.063800  6.109825           35.0    549.844727  -26.940725  14.408913  3.349360  285.084412
324   9.959300  -7.579470  341.661926  0.075440  7.198631           35.0    486.898682  -64.274544  13.023548  2.759575  280.957733
325   3.772130  -8.137084  350.978241  0.080234  3.092811           35.0    466.856110 -224.394028  13.496790  3.880135  281.840973
326   4.142411 -12.111812  343.618866  0.069638  6.575612           35.0    402.691040  -36.427357  12.753384  3.485376  279.505951
327   5.097711 -12.751644  346.128876  0.099407  3.484004           35.0    557.799561 -228.236359  13.516657  3.303654  275.832947
328  10.672960  -9.823276  358.602356  0.084841  3.719167           35.0    350.355286 -147.355515  12.315746  1.790900  291.331848
329   5.073077 -20.827557  347.515991  0.102275  6.109951           35.0    363.113312 -170.404892  12.543285  3.471153  284.760132
330  11.020068  -5.325158  353.646942  0.085683  8.882511           35.0    531.532349 -233.238281  13.300145  3.221945  284.695007
331   4.450962 -18.220009  348.455933  0.105897  5.671597           35.0    519.845093  -95.005951  13.802767  3.544807  275.391632
332   8.488533 -12.549044  353.950836  0.097587  5.302652           35.0    520.129150   66.663994  12.779116  2.971354  279.576538
333  10.058859  -9.617089  349.703705  0.075991  4.875336           35.0    478.367767 -214.441711  14.813031  3.286246  285.721252
334   5.716272  -3.937357  353.370911  0.077313  4.423702           35.0    433.437958  -27.393154  14.697944  3.796451  278.880920
335   9.187008  -7.974226  343.209320  0.081432  4.918855           35.0    718.187927 -129.419785  11.770651  3.454759  276.391449
336   1.785932  -1.164743  349.206940  0.084245  2.603155           35.0    374.848022  -53.986366  16.195845  2.722724  279.438385
337   4.136270 -10.594198  353.348969  0.091549  3.151967           35.0    544.547974   19.443682  13.670457  2.977347  275.636719
338  10.508248   0.193478  347.764099  0.075560  8.202003           35.0    651.932983  -41.612907  13.692770  3.857404  277.143280
339   3.900792  -6.710392  354.828247  0.078792  7.658861           35.0    478.597351  -18.230242  14.251849  3.521660  277.733002
340   1.193589   0.737989  353.295410  0.077177  8.812407           35.0    380.809448 -216.364243  12.370790  3.635932  276.688110
341 -10.737367   4.896817  353.862915  0.124683  2.531729           35.0    507.115753 -229.359131  14.750483  2.337803  276.769226
342  10.964663   5.872836  349.637421  0.086920  7.594506           35.0    456.682037 -132.783508  12.569867  3.567616  281.769318
343   2.870390   1.968553  352.152649  0.085036  5.668424           35.0    350.584106  -80.965179  12.969947  3.125861  283.629547
344   7.192870  -7.041391  358.091431  0.075312  6.971554           35.0    605.861938 -112.741867  13.990009  3.526354  277.932953
345  15.641278 -10.569887  353.093231  0.091939  1.814736           35.0    597.930786  -99.512291  12.671925  3.756960  299.964569
346  -1.089087   3.708211  359.147766  0.102265  3.767210           35.0    402.456879  -31.688896  13.913077  2.940609  277.828430
347   6.704758 -18.859358  350.762695  0.102146  6.491995           35.0    383.737457   56.902088  12.859291  3.071289  280.798340
348   5.359829  -1.916984  352.228607  0.066291  3.953686           35.0    412.919373 -218.766708  13.768658  3.379352  280.416901
349   5.062111  -3.362600  351.112701  0.087301  1.612192           35.0    375.903900 -206.720444  13.565145  3.885913  289.720215
350   1.674646   0.681776  348.695770  0.065732  7.543469           35.0    350.105377   69.504524  13.999161  3.338722  280.723267
351   4.515947 -11.094371  346.525177  0.077020  8.863624           35.0    497.047241  -58.847630  12.916719  3.797075  278.355652
352   4.109215  -9.712144  353.303680  0.093414  2.360958           35.0    539.934448  -30.631485  12.854944  3.009696  276.796173
353   8.402273 -10.583338  351.719635  0.079172  8.962079           35.0    442.113617  -31.278975  12.492762  3.329991  282.299500
354   7.883878  -7.226437  354.096313  0.063581  7.506216           35.0    458.198273  153.067001  13.987878  3.598233  279.578003
355   9.736976 -12.573163  350.885925  0.074044  5.148242           35.0    680.904480 -183.915497  13.220288  3.766454  278.221344
356   8.261976  -3.420217  348.720398  0.089690  5.848907           35.0    378.669769 -210.456985  12.788058  3.979156  290.422363
357   4.564842 -15.103865  346.525177  0.081143  6.514809           35.0    371.059540  -51.703289  13.463715  2.947663  280.209717
358  10.718032  -8.751710  347.693329  0.084735  3.461169           35.0    382.897064 -185.962402  14.412822  2.456439  288.444244
359   9.763019 -20.425566  353.184631  0.092716  7.668631           35.0    369.881256 -189.400436  13.822667  3.849968  288.107208
360   6.629761 -14.854873  344.738586  0.096350  3.956792           35.0    374.349731   17.417639  13.741263  2.207072  282.208099
361  11.372039  -5.786855  350.974854  0.070476  6.518567           35.0    519.473999 -211.288254  12.819008  3.216150  283.129852
362   1.809071  -1.149222  346.880737  0.082588  3.062131           35.0    373.618713 -157.482895  14.576378  3.689013  286.290131
363   9.558531 -13.439175  357.277771  0.107563  3.865111           35.0    386.766937 -130.701370  13.037102  3.787331  295.044495
364   5.600187  -2.293903  346.564941  0.091576  2.447263           35.0    428.894379  -38.130116  13.780734  2.893209  280.089661
365   0.020920 -12.557652  344.737976  0.084460  4.447365           35.0    431.036804  -20.258171  13.701785  3.045025  275.535797
366   8.166272  -3.089924  351.683777  0.073666  3.938689           35.0    534.328979 -232.154205  14.851244  3.965340  280.705078
367   8.760685 -20.247606  350.458435  0.111203  4.984578           35.0    522.356140 -153.749634  14.803896  3.893237  285.693024
368   5.917840  -9.949510  353.446198  0.070580  5.807833           35.0    377.576050  -99.630943  12.848863  3.615082  285.551208
369  13.123961 -10.119404  355.317078  0.104429  2.083695           35.0    576.777161 -162.990448  13.713976  3.341084  295.005341
370   5.256280  -6.210730  353.187134  0.074188  3.029151           35.0    446.052124  -58.677094  14.082214  3.135228  278.785767
371   8.966896  -8.125016  351.858185  0.084261  6.567562           35.0    489.543030 -216.088974  13.147425  3.350601  283.504608
372   9.742585  -3.961602  355.846741  0.071422  3.394096           35.0    361.646790 -125.445290  14.452771  2.562026  287.635437
373   7.031922  -3.836975  352.386902  0.084177  2.660891           35.0    423.366394 -102.236015  12.844792  3.402076  282.360596
374   5.766023  -3.757411  350.158997  0.077905  4.141963           35.0    579.073608 -207.774673  12.045672  3.337569  275.388397
375  10.005963 -11.663119  355.745178  0.096075  4.664532           35.0    533.957092 -247.336639  12.326837  3.414465  285.591522
376   9.955408 -13.182916  347.084198  0.076204  4.822794           35.0    624.437195 -173.260422  14.555764  3.922004  285.369965
377   7.995517  -4.474473  350.996216  0.073774  5.167145           35.0    460.842865 -196.030350  12.796151  3.052094  278.206970
378   7.978401   2.867819  351.616547  0.077842  6.235761           35.0    634.481201 -117.662247  14.516834  3.948002  276.985657
379   8.188457   3.168777  353.849976  0.090672  4.981390           35.0    472.407471 -117.464813  13.094596  3.278531  282.321228
380   0.700045  -1.304738  354.654602  0.078825  6.603057           35.0    384.524323   68.126160  14.017592  3.994677  283.160431
381   9.376040  -2.110962  348.584686  0.083763  7.591647           35.0    491.896667  -46.780182  13.242272  2.798789  278.701385
382   7.843034   3.358723  358.582336  0.096638  5.836499           35.0    580.013245  -14.962813  12.252378  3.605422  278.270630
383   7.209956   1.485948  355.230774  0.088354  4.734074           35.0    351.007568 -200.463165  13.565324  3.603328  288.105438
384   2.002167  -9.179413  349.514069  0.083477  7.600703           35.0    497.103119   26.386593  13.848078  3.603449  275.638519
385   8.216505  -9.655126  349.940277  0.087143  5.134818           35.0    541.808472 -140.866241  13.192326  3.999572  285.703461
386   9.098013  -6.912793  354.038239  0.053755  5.782273           35.0    532.345764 -194.494232  14.065757  3.657492  278.765747
387   9.258475  -0.771175  351.752228  0.077760  5.901951           35.0    351.848236  115.388115  14.278271  3.546485  294.512421
388   8.733794 -12.095008  350.771637  0.066152  8.585449           35.0    468.484589 -144.130478  12.704792  2.884095  276.521851
389   8.292177  -6.621696  343.059113  0.079513  7.412569           35.0    574.497986 -127.863190  12.738323  2.984094  276.921570
390   9.096503  -0.201059  357.800537  0.080476  4.220911           35.0    359.336090   26.619364  14.054506  2.554951  289.002716
391  14.644579 -11.150472  353.455566  0.091339  2.653885           35.0    645.789368 -142.278076  15.232311  1.888227  276.864136
392   7.092475   1.728252  355.492218  0.089714  3.836201           35.0    485.905548  -75.422974  12.908159  3.518995  280.184418
393   9.361032  -8.321072  347.545258  0.077963  2.404236           35.0    583.947388 -244.752274  13.106697  3.864953  283.964661
394   2.049734 -11.935703  347.882629  0.078768  6.665175           35.0    425.307617 -168.145905  15.217049  3.263159  276.726166
395   2.677800   4.046914  347.024261  0.139467  2.398482           35.0    386.564819 -143.435440  14.792235  2.972248  287.396637
396   6.989173 -11.461779  353.456573  0.074272  5.419990           35.0    354.983734 -134.235535  12.307681  3.694173  288.635651
397   7.001737  -3.260658  347.967865  0.075959  4.265083           35.0    388.112671  -97.236359  13.730674  2.396458  277.865997
398  10.226295  -4.261883  351.414642  0.077345  2.326682           35.0    421.371063 -156.059464  13.683348  2.088059  279.564087
399  10.790866  -8.805648  351.812256  0.107202  1.180224           35.0    351.212585 -149.928131  12.607454  1.182969  284.286011
400   2.569920  -7.984067  351.264679  0.086935  3.957500           35.0    387.419830 -222.540131  12.753521  3.376001  280.194000
401   4.950056  -5.325570  349.555176  0.067397  3.421381           35.0    379.261353 -168.268631  14.481031  3.237988  279.607666
402  10.362858   0.976866  350.376099  0.091078  7.731538           35.0    387.387451  136.257782  12.236324  3.611343  288.657867
403   9.040980  -5.174300  348.999969  0.064724  4.819635           35.0    514.604126  -12.887753  13.163744  2.655221  275.274048
404  11.617363 -12.823275  351.202820  0.093687  5.285461           35.0    744.488403 -216.685516  13.346467  3.108264  280.344116
405   8.784667  -8.171460  355.324097  0.062253  8.472971           35.0    541.716309   14.542218  13.872374  3.311054  278.831421
406   4.021818 -11.572731  343.663818  0.076278  6.089430           35.0    626.624939 -236.291183  14.131771  3.612524  275.808533
407   4.554816   7.602976  353.559662  0.083084  7.617654           35.0    357.636108 -155.634720  12.677023  2.995979  276.936829
408  14.139919  -5.341726  346.672363  0.059831  5.933880           35.0    471.948334    3.700609  13.198379  3.494911  290.808258
409   8.963682  -2.557539  350.380920  0.075881  6.517301           35.0    507.651978   57.906895  12.883963  2.757585  275.733856
410  11.164330 -15.203260  354.027222  0.107269  5.045272           35.0    387.006683 -215.315063  14.295298  1.461104  280.015015
411   0.967672 -11.259430  349.028107  0.080658  4.563061           35.0    414.943146 -108.638069  12.672414  3.271959  278.310333
412   8.921697 -16.267664  346.111633  0.086438  7.303893           35.0    596.513489 -176.587067  14.355503  3.925232  285.806641
413   9.602269  -1.320585  349.065674  0.080782  7.612643           35.0    367.812012  -62.216442  13.549833  3.567436  290.710480
414   5.782655  -9.874909  347.859833  0.099646  2.096524           35.0    400.854919 -126.221214  13.296530  1.869272  277.519043
415  11.030815 -13.507965  349.027252  0.070641  8.070632           35.0    434.295258 -177.115265  12.282506  2.431745  279.501251
416   5.219854  -1.702965  351.983063  0.081842  3.597880           35.0    658.374756  -29.000624  12.781881  3.718339  276.519196
417   9.540461  -6.889629  351.969543  0.064631  7.089330           35.0    480.918915 -112.698792  14.387351  3.279818  283.333221
418   7.677734  -3.908074  352.888550  0.084527  5.746729           35.0    519.401672  -51.075169  14.791059  2.928644  276.944702
419   4.337359  -1.735382  352.238434  0.097193  1.888264           35.0    703.281555  -15.786238  13.417876  3.863937  277.371735
420   5.359001 -14.214916  338.745361  0.077098  5.716343           35.0    470.053497  -54.652859  13.857627  3.953409  285.226776
421   4.177774   4.042460  348.468842  0.096022  5.320796           35.0    393.474396  -73.829765  14.162243  3.585361  279.505157
422   4.108902  -6.035497  346.028259  0.081974  8.086031           35.0    505.600861  208.080811  14.774227  3.548545  278.528412
423   6.866517  -7.733256  348.574951  0.084153  4.095483           35.0    439.855927 -247.821594  14.948188  3.625972  283.292999
424   5.196832  -4.695251  348.452637  0.075106  7.662066           35.0    368.107513 -188.025223  13.242414  3.312115  284.840576
425   7.194229  -0.695503  359.167389  0.093241  3.189008           35.0    425.209930   57.627186  13.682587  3.898616  287.255676
426   8.055686 -14.802631  354.475586  0.088063  5.826612           35.0    525.155457 -207.031311  13.696038  3.600548  282.841797
427   3.625524  -6.820814  354.916168  0.081739  5.457024           35.0    392.614105 -115.043716  13.964770  3.922195  282.300659
428   6.698088  -0.451296  353.381378  0.055022  8.029369           35.0    419.771790 -214.093597  13.237682  3.852294  278.910156
429   9.357318  -6.055586  359.197815  0.064750  1.654088           35.0    622.651733 -136.116776  13.452367  3.710166  278.641541
430  10.947961  -7.778560  348.051056  0.079014  4.003552           35.0    559.888794 -212.738556  13.930902  2.796102  277.086548
431   4.141505  -1.852601  352.580627  0.086197  3.040501           35.0    520.188110  -86.022697  13.225311  3.588598  276.118744
432   5.201878   1.659650  354.981628  0.099855  3.295161           35.0    388.906494  -97.790367  13.738513  2.732941  284.330902
433   7.274063 -10.658710    1.194239  0.078550  6.682440           35.0    617.112183 -161.010529  13.469463  3.618034  276.171936
434  -5.481527  -0.869676  353.573914  0.094509  1.538898           35.0    477.128113 -181.720169  13.650609  3.247959  277.488403
435   5.652167   8.190586  349.553375  0.087502  8.578812           35.0    367.538177 -196.038193  13.704979  3.577717  277.146088
436   6.341921 -15.563294  346.384949  0.123577  2.648047           35.0    536.409851 -197.303436  13.978288  2.879388  283.388092
437   5.978874  -8.394403  345.582733  0.066452  8.016744           35.0    445.365143    9.503866  13.662547  3.963609  281.503204
438   1.293137  -1.803817  342.730194  0.083238  5.294901           35.0    482.128540   32.011288  13.927508  3.708507  275.931427
439   5.308825 -11.067064  345.166840  0.074830  4.570876           35.0    500.691620  -10.922357  13.162599  2.970742  278.210876
440   1.559657  -7.852007  350.714966  0.084677  4.723211           35.0    403.675537 -127.241333  14.078235  2.783489  277.640106
441   6.205801  -2.297106  358.620667  0.061899  8.210008           35.0    510.017944 -136.541687  12.872859  3.709252  276.872589
442   5.364941  -8.510197  349.758240  0.065054  5.087210           35.0    402.080414 -186.083084  14.600088  3.960335  283.131836
443   6.267941   0.370692  359.300262  0.081550  4.733562           35.0    413.994263  121.495148  14.068170  3.821889  281.270081
444   9.980897  -5.292404  348.925659  0.068172  7.356163           35.0    483.571564  -96.367264  12.948130  3.190877  278.444763
445   6.995672  -3.495339  356.277496  0.066506  8.213395           35.0    422.468292   -5.416673  13.988711  3.171561  282.630310
446  11.779623   2.340268  352.193451  0.082482  4.858903           35.0    361.795746   39.417389  12.535996  2.424110  287.803589
447   8.716505   1.238038  345.228821  0.093853  7.743974           35.0    355.411469 -248.017838  13.459405  2.951421  286.340027
448   3.164084 -16.722414  348.733978  0.094713  6.650581           35.0    419.432922 -196.929520  14.182774  2.673563  275.006653
449   7.070484  -3.552068  349.691711  0.077804  2.637927           35.0    621.688904 -199.705353  15.001608  3.777159  276.103790
450  10.174440  -9.140085  349.061279  0.068166  4.798655           35.0    353.425354 -186.472336  12.479316  2.952151  293.232269
451   5.500502 -16.210135  349.679138  0.085477  5.887243           35.0    352.755310 -152.394119  15.302567  1.978135  279.968018
452   3.262387  -5.922757  353.225769  0.076027  2.093126           35.0    373.664886 -217.340073  13.759596  3.886097  285.960297
453   6.874811   4.821102  351.067749  0.083879  7.880353           35.0    355.641357   42.582817  13.329514  3.647820  282.693390
454   7.280694  -6.416344  349.249023  0.068556  3.179648           35.0    538.681946  -93.073166  13.515087  3.603374  275.817200
455   0.364959   3.372036  349.494202  0.108445  2.802172           35.0    419.233246  -98.064651  14.213840  2.954083  278.476379
456  10.870880  -2.810885  357.332764  0.053681  5.144230           35.0    448.597900 -135.010971  14.381034  3.303488  282.598236
457  10.363438  -2.775195  352.551178  0.075764  2.512357           35.0    541.135376  -69.826614  12.569144  3.434905  280.409760
458   3.884582 -18.574022  350.289490  0.130510  3.896199           35.0    402.535004  -48.030506  12.649360  3.086627  287.094849
459   7.169692  -8.774731  344.879547  0.084615  7.465212           35.0    408.102020 -124.213058  14.347206  3.483693  286.193695
460   9.163994  -8.702059  359.177094  0.090529  2.406484           35.0    449.079193 -132.929001  13.742073  2.512829  281.125916
461   2.178345   0.591780  347.596252  0.092767  3.634298           35.0    360.828217 -209.226074  13.821139  3.714732  284.463959
462   0.763934  -6.284677  344.969849  0.058701  6.949400           35.0    403.665070 -172.790619  15.294520  3.742727  278.164948
463   4.813272 -14.711598  350.606201  0.084472  8.563192           35.0    363.632416  -80.812485  12.993781  3.306708  279.419464
464   7.481717  -7.274156  346.586761  0.062196  2.573646           35.0    454.594910  -32.938660  12.198999  3.334711  277.374481
465   0.804650   1.368117  347.439148  0.078115  5.723581           35.0    365.461853  -98.255524  13.838898  3.958381  281.822540
466  11.146532  -6.713331  352.282898  0.084104  5.015034           35.0    532.276733  -18.809929  14.469953  3.140969  282.771240
467   5.107127 -21.842749  343.182465  0.140745  3.985648           35.0    607.359619 -138.641525  12.014234  3.231725  280.101227
468   9.012875  -3.223051  351.861938  0.067514  5.863284           35.0    368.472992   70.260963  13.858581  3.640476  287.867798
469   5.361771  -8.924851  349.059235  0.079493  8.233472           35.0    542.144226    7.132343  13.372437  3.715611  277.586700
470   9.988957   4.320578  348.845886  0.076082  8.548186           35.0    441.337341 -150.258972  13.528034  3.756351  278.994385
471  -3.885941   0.845536  350.514069  0.115737  1.734040           35.0    520.143921  -79.254784  13.695678  3.977032  279.705353
472   4.425825 -10.332581  343.600403  0.077001  5.085508           35.0    585.113647 -204.719803  14.510402  3.943299  279.230682
473   0.572549  -0.800605  358.088867  0.087521  7.488782           35.0    486.041534 -125.604408  13.503988  3.691480  275.896820
474  -1.615379 -13.761934  352.893829  0.103036  4.000323           35.0    404.278717   -1.260689  11.886659  3.260103  276.497803
475   4.281643  -9.125990  347.102112  0.069404  6.427571           35.0    496.219666  118.602135  13.128390  3.105037  275.757874
476   6.629489  -9.002642  354.189026  0.060538  7.329302           35.0    512.645569 -216.420120  13.391183  3.982010  278.148895
477  13.941579  -8.409320  355.977386  0.098345  1.847265           35.0    717.234741 -238.599731  15.201408  3.208586  288.362000
478   6.482606  -8.788416  356.679993  0.081262  7.178573           35.0    419.155487  -43.598343  13.186311  3.044961  277.527588
479   9.230422  -8.871028  347.585876  0.068815  8.933384           35.0    368.134125 -194.969986  14.864589  2.510073  285.465759
480  11.294736  -7.465187  348.020233  0.077986  5.147555           35.0    586.159180  -98.816475  14.720233  3.830765  288.363953
481   7.323481  -0.097646  354.006073  0.077819  6.213643           35.0    633.138428 -116.276497  14.350311  3.993417  275.616241
482   2.271288  -7.908674  345.939270  0.080884  4.503947           35.0    355.893646  -89.376968  15.422054  2.364923  277.052643
483   7.387769  -2.588576  355.111755  0.062006  5.546167           35.0    611.428467 -144.573517  11.642035  3.657235  275.308319
484   7.481431  -1.005203  350.781097  0.074516  4.175183           35.0    445.885712 -141.452194  13.711575  3.675596  279.056519
485   7.024219 -11.202258  353.293640  0.084253  4.724302           35.0    683.440674 -157.492615  13.844906  3.368020  276.331970
486   4.511191 -14.374115  345.963104  0.076071  6.337721           35.0    495.052551 -245.979462  14.479401  3.431818  277.508179
487   6.222127  -9.460443  349.812042  0.084198  5.834305           35.0    488.354156   43.332516  12.408380  3.146197  278.951508
488   9.293573 -13.659875  346.212097  0.090381  7.356475           35.0    472.403473  -62.723442  12.538919  2.610341  281.491333
489   6.270179   8.692866  349.517242  0.097880  7.551526           35.0    411.296143 -186.830124  15.164083  3.824832  275.440125
490   8.951134  -0.736867  353.638794  0.070093  6.282207           35.0    464.947968 -107.972542  14.832464  3.419121  278.839508
491   2.254805  -4.237658  350.490265  0.072556  4.255504           35.0    359.434235  -65.827431  14.855934  3.703082  279.344208
492   2.368130  -2.800480  344.327759  0.080475  2.633755           35.0    354.754944 -229.122971  12.410393  3.922035  284.048615
493   9.824774   0.184335  345.368805  0.091719  4.185288           35.0    518.277283 -228.491989  13.705063  3.958155  281.388977
494   5.802488 -16.548752  352.045044  0.080000  7.768832           35.0    475.556976 -144.027756  13.373862  3.524230  277.895294
495  -5.818777   3.448622  350.992493  0.093142  3.561750           35.0    414.658478 -207.142349  13.309748  3.568501  280.046631
496  12.446815  -5.864082  350.173828  0.060874  6.345774           35.0    718.177979 -243.726242  13.421741  3.675945  280.628754
497  -0.609362  -3.763704  357.977722  0.079017  7.086185           35.0    378.250885 -200.491074  12.840525  3.251501  278.457031
498   7.137537  -1.681104  348.984863  0.068840  5.460600           35.0    432.183899 -243.334488  12.664211  3.385179  278.865387
499   2.091419  -5.443824  350.195221  0.081229  8.273706           35.0    431.002838 -105.489929  12.058816  3.477909  278.736542
500   0.506315  -0.646520  357.882874  0.072915  3.243902           35.0    393.222626 -244.857529  14.406446  3.753583  281.835724
501   8.609978  -8.303020  346.330536  0.068037  5.262794           35.0    481.854614 -193.958786  12.872119  3.544883  283.034271
502  10.560509  -7.542458  350.708740  0.058294  4.075372           35.0    549.495239 -199.972733  14.801037  2.737696  275.324799
503  -1.131663  -3.052596  353.793396  0.089937  2.068191           35.0    363.127258 -150.828430  13.739646  2.827146  279.869537
504  11.878622   0.219909  348.873840  0.086216  4.685969           35.0    369.050903   14.805591  12.570182  1.319146  277.969116
505  12.441849  -9.680151  349.835449  0.084815  4.689149           35.0    678.811523 -127.306961  13.522246  3.116280  283.971161
506   9.291005   0.950395  343.514923  0.090274  6.197679           35.0    468.079346 -148.163010  13.969872  3.711288  283.142456
507  11.550443  -7.481876  355.656799  0.074317  2.330839           35.0    508.984924 -168.560837  12.603606  2.475446  281.127563
508   9.816972 -11.551808  349.593445  0.089753  2.481335           35.0    508.978088 -102.115562  14.026189  3.872009  289.895569
509   9.507544  -0.216396  346.863525  0.102219  3.224769           35.0    444.094513  -79.733429  13.725286  3.102615  284.270874
510  11.754276   0.852968  353.422089  0.103871  3.281492           35.0    601.664307   50.871067  12.263125  3.162094  284.800323
511   8.583983   9.683435  353.599854  0.111287  5.638993           35.0    435.585846  -64.157486  13.499079  3.514268  281.004852