           lon        lat         inc      D1AU     delta  launch radius  launch speed    t factor       B1AU     gamma         vsw
0    13.063387 -13.507813  353.963623  0.140030  2.011140           35.0    360.364502 -135.440704  14.474327  3.358231  313.741150
1     9.105162 -16.032660  351.059967  0.118293  3.239967           35.0    366.134735 -181.535950  14.587467  2.561535  296.267609
2    13.416881 -13.863481  352.825531  0.115364  2.808541           35.0    608.150513 -215.909714  14.442784  3.811522  299.245361
3     6.803544  -0.100116  350.889465  0.089138  7.941805           35.0    381.135834 -181.048355  13.387147  3.972348  287.676697
4     6.886459  -5.243160  343.493958  0.079630  6.668202           35.0    633.779846  -96.661545  14.076635  3.816299  276.730743
5    14.941358 -15.888470  351.918091  0.106895  3.393010           35.0    453.065308 -228.315552  14.717202  2.612660  299.168365
6     9.557425 -18.179499  351.169830  0.130219  3.605647           35.0    394.423370 -204.137817  13.259336  3.199906  300.620361
7     9.081595 -20.122875  351.916534  0.127618  4.397739           35.0    425.901001 -171.208618  14.319651  3.934147  294.955872
8    15.044592  -9.759479  354.179291  0.085507  2.760188           35.0    414.958466 -169.578629  13.726418  3.547438  303.963196
9     1.333681  -3.045359  349.077393  0.075003  6.160784           35.0    353.782898 -201.363907  12.604089  3.319023  277.963867
10    2.223758  -5.563658  349.646179  0.079286  5.975906           35.0    439.937592 -159.129196  13.302114  3.790508  279.908691
11    1.661630  -2.328442  349.610748  0.084912  2.269179           35.0    429.634918 -195.793274  13.476829  3.598060  280.201172
12   14.102797 -14.973029  342.666565  0.109595  1.987210           35.0    494.670471 -136.386551  12.712308  3.547999  301.278625
13   -0.148263 -15.082839  351.263550  0.117934  3.716743           35.0    557.384766  -76.024902  13.410113  3.518021  275.918304
14   10.242933  -1.163273  348.256256  0.079961  4.448475           35.0    681.852234 -124.333336  13.986798  3.290127  278.328949
15    8.104538  -6.223199  350.672058  0.074326  3.905638           35.0    402.512238 -185.107635  14.183084  2.211965  276.639069
16    5.202788 -13.478299  347.765839  0.107498  3.593966           35.0    374.834747 -214.446060  14.451444  2.108972  283.404572
17    7.907735 -10.073857  349.872742  0.097536  2.728444           35.0    402.830200  -75.653366  14.432600  3.790688  293.015198
18   12.151142 -17.808723  346.900726  0.130410  3.003711           35.0    534.396179 -204.036041  12.710280  3.283444  295.524780
19    0.773517   4.689444  350.156006  0.121616  3.468526           35.0    428.062225 -116.126045  13.076586  3.388563  280.694153
20    5.957636  -9.090446  347.211670  0.078280  8.227617           35.0    401.342194    5.916042  13.580088  3.694547  282.041382
21    7.729764 -12.963637  351.509949  0.091009  3.591524           35.0    354.341095 -195.868683  13.718277  3.010275  293.007172
22   12.548089  -9.664574  351.015228  0.106595  1.369503           35.0    460.653534 -111.338768  14.367184  3.441191  296.362701
23   -1.193214 -13.008598  344.107086  0.084786  8.332953           35.0    389.325775 -234.781189  13.768940  3.825747  277.119659
24    5.784993  -2.347106  351.837982  0.081602  2.789149           35.0    498.475250  -44.655567  13.776284  3.491878  277.458588
25    6.384229 -15.735624  347.816986  0.093787  7.385872           35.0    403.011749 -229.292419  13.076515  3.639922  284.150024
26    8.676678  -1.933564  351.845123  0.077401  2.661419           35.0    453.174225  -85.011330  13.213228  2.621260  276.370056
27    9.605679 -20.168285  347.404510  0.127822  4.071877           35.0    470.398865 -151.127472  14.181185  2.929831  291.353241
28   10.255673 -14.856656  355.790710  0.115977  3.483325           35.0    396.882507 -247.956329  15.491502  2.968414  297.370544
29   13.630930 -15.422008  348.605316  0.123784  2.494665           35.0    467.812653  -81.980064  13.915786  1.447530  279.989899
30    5.278368  -4.832729  357.099487  0.060572  7.658993           35.0    361.265900 -240.761902  12.609831  2.783429  280.131409
31   13.818731 -18.950615  355.047668  0.130154  4.154628           35.0    400.191559 -227.022125  13.069839  2.104465  297.638672
32    5.311972   0.010890  349.097473  0.080657  4.767090           35.0    450.632538  -82.643501  13.549857  3.684625  276.105133
33   10.463602 -10.886768  346.127563  0.101567  1.989407           35.0    619.413269 -239.845779  13.849248  3.707766  289.120544
34    4.020152   2.055817  353.906311  0.091427  4.036670           35.0    358.213989  -51.369961  13.854270  2.549008  281.808563
35    6.959168  -6.129062  349.682770  0.069769  8.737937           35.0    528.751282 -188.622391  13.565099  3.806055  280.367615
36    9.807052 -15.372081  351.244598  0.111382  3.548471           35.0    530.695251 -210.116180  13.553780  3.690535  292.303467
37    6.072130 -18.946133  343.892609  0.137677  3.627244           35.0    352.428894 -188.516891  13.032690  3.135952  299.797241
38    6.607745 -13.886072  346.394196  0.107403  3.014172           35.0    371.115387 -174.488800  14.396488  3.539603  293.559570
39   12.695426 -12.352836  350.351288  0.109352  2.687619           35.0    446.259186 -165.519455  13.628538  3.661498  300.762634
40   14.095008 -14.749454  346.091614  0.122831  1.991690           35.0    415.832550 -110.554489  13.675431  2.915918  306.327667
41    4.546395   0.899844  345.854004  0.102866  3.089354           35.0    363.195282 -228.242325  14.871843  3.152226  282.677185
42   10.053056  -2.761760  348.707794  0.067455  8.888460           35.0    526.419312  -85.219215  13.576215  3.141737  277.946777
43   13.876031 -10.937919  350.783142  0.121563  1.430095           35.0    440.560425 -135.504242  12.858348  3.424651  306.284729
44    0.739730  -0.654934  354.984344  0.095237  2.752641           35.0    450.783020 -207.859238  13.730514  3.072400  276.174377
45   12.458533 -15.180097  343.121948  0.111450  2.382691           35.0    377.424927 -221.189041  13.305441  3.020293  304.135864
46   10.856550 -16.658974  348.599152  0.141268  2.537530           35.0    573.967407 -158.982834  14.094193  3.715783  297.760071
47   13.391661 -12.574682  351.700348  0.108116  2.422387           35.0    456.816864 -171.186920  14.623013  3.941692  302.517334
48    8.466335  -5.017965  350.045166  0.062583  3.431464           35.0    417.636353 -202.685989  12.429325  3.108439  280.869507
49   -0.147482  10.058928  349.749908  0.125308  4.586749           35.0    486.998169 -133.797699  14.012868  3.782481  276.978516
50   10.823031 -15.567293  354.929657  0.118458  3.658290           35.0    392.158325 -148.374268  14.690639  2.256876  292.278809
51    8.910183  -5.950954  345.079865  0.079355  7.016356           35.0    398.646240 -169.010025  12.815108  3.843885  288.730591
52   18.678133 -13.524991  351.204651  0.126405  1.858721           35.0    529.461853 -184.046631  14.846938  2.106384  304.808533
53   13.391488 -12.852798  348.957458  0.103869  2.459361           35.0    641.416870 -168.403214  13.486895  3.316997  292.815094
54    5.972810   4.148605  348.393066  0.083352  7.739564           35.0    358.881409 -153.333679  13.309963  3.359953  280.576660
55   11.924099 -10.824615  352.402588  0.097439  2.236592           35.0    422.819336 -117.824203  13.740993  2.598403  292.848511
56    6.775051 -19.194813  343.663116  0.150631  2.995317           35.0    417.630005  -98.228973  13.945882  3.481297  300.081146
57    8.763920 -18.032986  355.596161  0.118686  4.508482           35.0    387.927307 -149.904266  14.086750  3.639118  295.061279
58    7.861021  -7.461037  354.839081  0.073365  4.123425           35.0    407.859100 -160.771149  14.269915  2.047708  275.700958
59   13.905382 -16.126787  358.457642  0.107425  4.752459           35.0    465.588135 -201.984726  12.968577  3.162852  296.270203
60    4.339492  -3.674867  351.055603  0.068593  6.859999           35.0    544.079590 -120.610481  13.269361  3.483577  275.415131
61    2.279673  -0.248097  351.772644  0.082670  2.861473           35.0    388.712830 -240.877167  14.324109  3.909290  282.558075
62    8.999937  -7.122922  350.840515  0.072225  6.575230           35.0    366.360870 -211.023346  14.249854  3.699750  292.455658
63   12.566103 -12.521601  354.430420  0.124286  2.152823           35.0    388.387726  -65.492195  13.440101  3.278231  302.964417
64    7.665791 -16.305141  354.369019  0.121715  3.787287           35.0    425.717529 -238.072968  14.637298  3.834857  292.678650
65    8.556886  -3.151529  350.484650  0.088122  5.800035           35.0    372.562347 -223.629410  14.663508  3.506360  290.249146
66    6.591203   3.848106  346.405487  0.075885  8.963806           35.0    403.964081 -193.361130  13.805122  3.382861  275.558014
67    4.262741 -16.981466  349.876862  0.086389  6.666986           35.0    411.967621 -148.248322  13.342312  3.453034  280.585236
68    6.786403  -4.815300  352.198242  0.081202  4.532966           35.0    485.837921 -247.887375  13.447613  3.054144  278.341919
69   10.895537 -20.374275  348.945251  0.139345  3.973754           35.0    369.735474 -148.157837  13.988862  3.369620  305.073608
70    4.234808  -6.776091  352.329071  0.079600  5.741585           35.0    406.302917 -218.910721  14.241355  3.866448  282.900269
71    7.046899 -18.556787  346.626160  0.134751  3.583101           35.0    351.300323 -159.512924  13.847663  2.482328  298.723328
72   11.501057 -18.950176  351.518433  0.123095  4.158782           35.0    453.866425 -145.686584  14.664335  3.837432  296.717529
73   11.297301  -8.253075  352.954071  0.071776  3.056355           35.0    699.691284 -203.941299  13.430202  2.964030  276.996643
74   10.177640  -7.931777  356.758423  0.093410  2.866382           35.0    506.660858 -153.744949  13.002188  2.516721  279.709473
75    7.176142  -3.978808  344.239838  0.072545  5.115376           35.0    514.877991  -80.511650  12.119688  3.883643  277.914185
76   12.475638 -14.025076  353.986786  0.112917  3.094101           35.0    470.266876 -226.563690  14.187889  3.042492  297.124664
77    8.618040 -17.200531  350.769623  0.122604  3.806427           35.0    535.271362 -177.277527  15.320868  3.825058  292.042572
78    9.124343  -9.240598  349.748993  0.071799  7.206395           35.0    471.762756 -224.761200  13.901350  3.413481  283.605286
79    4.357285  -7.953434  351.084503  0.085604  4.574423           35.0    426.926361  -20.634253  14.005407  3.728536  282.040497
80    8.071273  -3.271224  356.688324  0.079417  5.312264           35.0    462.356384 -189.879013  13.457224  2.583028  275.743805
81    3.933104 -10.063731  352.036285  0.081983  6.837438           35.0    563.438293 -215.353928  13.525054  3.935642  277.264160
82    9.743313  -2.159596  353.444122  0.077494  5.962331           35.0    502.810181 -190.480545  12.805744  2.843126  280.384583
83   10.617645 -19.254871  352.523163  0.107447  5.568905           35.0    422.550446 -237.603012  13.447739  3.204537  292.763977
84    6.986165 -10.345846  354.350403  0.077528  8.786366           35.0    573.221558 -224.513657  12.424127  3.870758  276.850067
85    7.543757  -2.898980  347.723969  0.086613  7.996336           35.0    402.150787 -114.595100  13.549010  3.242451  283.819641
86    9.429676 -18.638561  352.238129  0.115732  5.001086           35.0    364.083069 -126.210289  14.110181  2.873250  295.189117
87   14.059482 -11.272959  352.823029  0.122067  1.637560           35.0    562.271484  -95.321251  14.483548  2.869718  296.934937
88   11.680179 -13.891341  350.761932  0.134081  2.187027           35.0    447.440155 -115.889290  14.703750  3.211941  299.272705
89    4.750918  -1.018076  350.031433  0.081152  4.535213           35.0    369.989746 -176.751389  13.186387  2.963708  278.449463
90    8.341590  -9.723034  343.840057  0.096565  1.546764           35.0    547.114441  -73.360886  12.709807  3.071910  282.550323
91    8.689766  -1.399105  349.946869  0.068204  6.176767           35.0    641.664978 -199.991638  13.521373  3.974293  276.543396
92   12.551725 -13.091864  351.031525  0.101515  2.736750           35.0    357.190552 -158.659592  13.903600  2.143368  299.319855
93   -1.068292   0.427894  349.292969  0.078902  4.046869           35.0    371.500732 -202.191315  13.215634  2.668780  276.804718
94    7.579840  -8.762381  353.612518  0.086321  3.434778           35.0    365.881866 -209.248383  12.475748  2.680163  285.876526
95    8.382957 -12.931143  348.242615  0.086886  4.883012           35.0    366.209747 -209.150391  14.173572  1.690604  283.774536
96    3.773579  -3.865365  350.261871  0.069984  6.462897           35.0    427.015045    5.954112  13.228127  3.577072  279.079315
97    3.837337  -9.688396  353.063751  0.095843  3.704605           35.0    377.084259 -242.607727  14.555569  3.504804  285.998016
98    9.888891 -18.477394  343.177307  0.130833  3.204528           35.0    440.566071 -145.765884  14.324086  3.202590  297.316406
99   10.584699 -16.532587  355.735931  0.141918  3.134828           35.0    441.337952  -85.543037  14.165787  3.056671  297.230408
100  -2.366083  -2.653473  350.238922  0.080714  2.626568           35.0    445.739258 -117.920807  14.563617  3.979420  277.704315
101   9.669755 -18.202782  347.366638  0.130709  3.464966           35.0    389.142090 -139.002319  13.563388  2.547629  298.543304
102   3.096946   1.968552  352.564972  0.096105  3.084852           35.0    407.250000  -49.862255  15.072671  3.216672  282.040985
103   7.009816 -23.672522  350.570526  0.120887  6.245198           35.0    432.916931 -182.121902  12.747758  2.583297  275.279053
104   2.887110   1.035829  350.689087  0.086370  4.255720           35.0    428.200409 -238.450775  14.096069  2.963173  276.418671
105  13.712553 -13.934094  350.042206  0.103311  2.568958           35.0    445.307220 -185.368713  13.713309  2.797364  298.118652
106   1.046102  -3.291129  349.977051  0.084731  5.420718           35.0    387.174530 -249.920837  13.805196  3.942974  283.348022
107   3.431989  -2.555362  349.032776  0.085753  2.940021           35.0    411.436462 -227.573975  13.009689  3.340412  281.985809
108  10.434814 -14.979318  348.270416  0.116208  3.326592           35.0    362.565521 -190.483414  14.203179  3.559265  304.358246
109   6.081396  -8.135540  347.964142  0.074253  4.846334           35.0    468.423309 -107.750999  13.647717  3.624722  279.418457
110   2.224185  -3.809977  353.360168  0.086466  6.049192           35.0    406.558868 -145.632004  12.425844  3.132126  279.622192
111   9.545828 -12.605506  347.823120  0.082758  3.758478           35.0    458.171844 -216.641220  13.672804  3.917245  292.383179
112   4.770825  -3.884179  353.562408  0.068869  3.216348           35.0    413.198639 -176.268204  14.440462  3.513016  279.912079
113   9.650873 -10.419108  352.095612  0.093749  2.668878           35.0    691.655090 -198.204147  13.879992  3.880990  286.551178
114   8.256947 -13.134130  353.136505  0.123148  2.573608           35.0    386.801697  -60.665771  14.262502  3.196352  295.863495
115  14.440027 -17.840424  351.440002  0.119082  4.074106           35.0    447.093964 -200.102554  13.753193  3.901001  308.089264
116  12.358169 -14.520380  353.948639  0.117428  3.571307           35.0    360.537750 -208.284393  14.791500  3.632410  307.925079
117   9.786418 -19.423931  348.892303  0.137129  3.497781           35.0    357.149323 -177.808273  13.189297  3.589265  304.417603
118   9.309155 -17.885336  347.100708  0.112041  3.861241           35.0    426.188812 -230.997833  14.022589  3.224024  293.556885
119   9.307182  -9.773114  349.935699  0.080026  7.098677           35.0    359.072174 -155.589310  13.137161  3.007342  288.678802
120  10.598736 -14.024617  348.124481  0.101546  2.672547           35.0    442.181854 -150.829941  13.191129  2.986646  292.099365
121   2.362279  -5.634851  356.285522  0.064567  8.755357           35.0    439.382538 -219.707932  14.511027  3.101648  275.161163
122   9.051022 -18.369797  345.026123  0.138495  2.927941           35.0    425.057343 -157.158203  14.272455  3.946104  301.224976
123   6.006081  -5.430829  346.126587  0.085039  3.465843           35.0    434.465424 -177.332993  12.743183  3.373063  282.719055
124  11.209806 -13.434029  350.014801  0.104052  3.042383           35.0    427.618622 -243.488708  14.206242  3.690234  300.250427
125  12.885884 -17.986816  348.023102  0.108817  4.317846           35.0    457.188660 -186.823669  13.406746  2.818419  295.094604
126   8.212327 -10.215544  355.194580  0.083091  3.279048           35.0    487.417816 -148.756088  13.534556  3.600714  286.260223
127   3.069347  -2.840744  348.116608  0.073049  4.970932           35.0    406.531647  -26.712906  13.511628  3.306207  279.073914
128  12.264380   1.293277  343.178986  0.119400  3.333215           35.0    358.487823  -13.977903  13.877342  3.044294  297.077271
129   6.386202  -8.120235  350.076447  0.081265  3.357903           35.0    530.289978   37.458641  12.180646  3.562891  280.840302
130  13.058046 -14.183753  348.939697  0.134818  2.167162           35.0    452.813049 -176.986496  14.359681  2.902718  303.329376
131  12.020959 -17.892895  346.867767  0.112075  4.397431           35.0    462.541077 -200.778122  12.703924  3.714960  297.688995
132   7.922379 -12.373340  353.046295  0.070094  5.676367           35.0    488.518921 -225.008453  13.670135  2.815094  275.195740
133  13.508966  -6.520233  347.967316  0.070129  3.648730           35.0    418.230927 -239.424561  12.481732  2.993906  288.743744
134   5.883024  -8.183192  351.599731  0.082244  4.439464           35.0    387.074677 -234.947952  13.694616  2.898963  284.627747
135  11.889186 -15.513690  348.078217  0.137282  2.233059           35.0    384.293213 -144.055679  13.699057  2.770398  303.968445
136   9.677873  -9.523772  352.135681  0.084699  3.827928           35.0    637.718567 -187.183853  13.618879  3.809366  284.793274
137  12.112847 -13.682919  353.378632  0.097878  3.756511           35.0    354.010864 -180.391861  13.389566  3.912009  305.276520
138  14.829142 -15.620731  353.433136  0.122310  3.084085           35.0    434.544861 -167.752411  15.106850  3.276433  309.692871
139   6.119097  -4.507309  351.415466  0.079807  7.846812           35.0    378.737732 -113.180244  13.378762  3.648991  285.925598
140  13.760589 -11.597672  355.327637  0.086613  3.102989           35.0    642.295593 -202.715988  14.078999  3.704799  292.064056
141   0.125616   4.189513  346.424408  0.089453  5.436862           35.0    411.377594 -143.950348  12.620675  3.681625  275.091888
142   7.026822 -13.579599  352.081390  0.130431  2.370085           35.0    392.959503  -90.489548  12.824163  2.990149  296.054382
143   3.928473  -2.933450  347.131958  0.087071  8.734687           35.0    516.032837 -216.964142  13.981933  3.876321  278.941833
144  12.135064 -10.075740  355.351685  0.103636  2.024494           35.0    437.089966 -136.962418  13.909299  2.596325  293.565826
145   7.590040  -4.116043  343.055359  0.079852  2.789752           35.0    561.794739  -29.320221  12.523913  3.782444  280.215576
146   5.585978   6.888666  354.427429  0.095514  7.687432           35.0    438.857697  -70.410873  13.388303  3.481043  276.877930
147   9.945028 -14.762210  352.623444  0.131550  2.740744           35.0    446.495819 -161.597229  13.304836  3.601129  299.217529
148   1.851655   0.049041  354.252167  0.097283  2.927900           35.0    473.786407 -241.873383  13.187928  3.402684  278.669403
149   9.528327 -13.715753  348.960236  0.098111  4.241254           35.0    609.783447 -194.833435  12.781528  3.940789  286.424561
150  15.404539 -13.107167  352.106659  0.108337  2.170455           35.0    485.211182 -156.565964  13.565745  3.371987  304.375397
151   9.339319 -18.179468  350.780426  0.126168  3.664705           35.0    394.602966 -151.369843  13.261652  3.461564  298.460632
152  11.266863 -15.039779  353.831635  0.118282  3.238242           35.0    395.391388 -157.854233  14.388233  2.235006  294.585754
153  10.157965 -14.380121  350.153107  0.117612  2.999303           35.0    430.354187 -170.091721  14.051196  3.893435  298.382202
154   9.734730  -6.551659  358.472595  0.069898  2.372533           35.0    425.547821 -158.048126  12.867202  2.033180  275.984436
155  17.414049 -12.889734  353.142792  0.111883  2.136038           35.0    434.472412 -217.044312  14.242232  2.046856  302.438446
156  11.304780   3.367235  345.857208  0.096221  5.592957           35.0    609.737305  -34.853024  12.283086  3.867619  279.523651
157  13.179755 -13.450970  352.221832  0.091414  5.132323           35.0    378.820038 -229.278275  13.182673  3.680847  299.335419
158   8.393147   4.952940  351.177887  0.098534  6.421897           35.0    365.242737 -184.037308  12.336598  2.553661  280.133972
159   8.248724 -15.034397  349.227478  0.086020  5.954117           35.0    592.998230 -148.923584  14.049686  3.365618  276.660217
160  13.075202 -14.766855  348.527039  0.139237  2.002491           35.0    389.555084 -132.936020  13.478940  3.626899  310.885742
161   5.784986   7.235099  351.418457  0.118769  4.561123           35.0    421.075562  -26.655109  13.867774  2.604122  276.708252
162  11.962339 -13.828128  359.752869  0.102928  4.179115           35.0    354.311768 -180.942490  14.114601  1.581013  290.953857
163  13.739120 -10.984665  354.484192  0.092516  2.924332           35.0    587.200867 -178.151016  13.824732  2.961558  290.184143
164  12.934470 -18.927717  347.375580  0.133498  3.099235           35.0    382.303467 -233.192734  13.443973  2.661283  306.621704
165  12.078613 -15.511528  349.602814  0.136184  2.613232           35.0    543.529907 -134.700806  13.303162  3.277354  297.664825
166   9.396840 -17.011969  350.023254  0.103502  4.582416           35.0    367.916840  -89.456207  13.704857  1.943500  290.505676
167   7.389463 -11.703892  346.715027  0.075434  5.539785           35.0    456.683105 -124.788139  14.032019  3.076881  281.099152
168  13.476942 -14.447640  354.595825  0.120555  2.802973           35.0    386.679779 -238.383087  14.218808  1.698159  297.508179
169   6.517292  -4.906667  352.901550  0.085987  4.276125           35.0    354.178619 -201.606842  13.491033  3.969989  291.810364
170   5.907134  -2.528539  349.464813  0.079142  7.383244           35.0    358.946899 -214.315201  14.016259  3.427277  283.343262
171  11.702873 -13.874609  345.853638  0.127396  2.001136           35.0    520.762817 -164.971146  13.471457  3.284260  297.920715
172   7.298833  -1.201384  353.942444  0.067498  6.576180           35.0    375.188873 -163.392090  14.025296  2.194479  275.090210
173   5.670953  -3.919063  346.961182  0.076858  7.166451           35.0    379.312103 -142.887894  14.068518  3.705681  283.368530
174  13.418226 -12.922282  347.873260  0.102046  2.182737           35.0    452.561066 -203.964340  14.419279  2.460044  295.277527
175   5.549101  -1.443549  354.981659  0.072790  4.659317           35.0    365.544556 -182.340012  13.331039  3.789922  285.747803
176  11.227552 -12.938409  349.850189  0.109084  2.502166           35.0    483.008362 -105.676285  13.485780  2.673855  290.129669
177   8.066363 -14.730950  359.075134  0.111013  4.054465           35.0    510.380615 -203.765121  13.556232  3.652059  286.223969
178  15.723614 -15.913356  356.078796  0.115444  3.848964           35.0    418.690125 -188.666321  12.926722  2.942827  307.648926
179   9.180885 -15.579860  346.565186  0.110034  3.608980           35.0    430.448090 -195.763840  14.203885  3.507686  292.027557
180  11.676794 -14.658678  354.933655  0.126193  3.080806           35.0    433.285492 -177.430695  13.399389  3.823385  301.220123
181  12.457777 -15.035752  353.891235  0.144707  2.426882           35.0    432.061920 -137.555679  13.252260  2.587821  299.999329
182   8.187886 -14.898381  347.375214  0.116858  2.919312           35.0    544.302673 -193.667374  14.492435  3.969491  291.049377
183  11.690385 -18.691921  353.269073  0.133117  3.776750           35.0    462.631195 -183.933426  13.911670  2.534881  293.689758
184   5.929642 -12.195981  349.723572  0.082443  4.779327           35.0    403.922272 -201.659897  14.360156  3.328903  280.908569
185   4.327277 -17.530359  347.548248  0.105553  4.892222           35.0    380.427002 -188.724335  14.358592  3.218721  284.653015
186   6.705147  -1.992633  345.300354  0.088741  2.469335           35.0    668.172180  -64.542519  13.205459  3.712907  277.713257
187   6.288322   4.517913  349.673889  0.138315  2.691801           35.0    405.535980  -36.771896  13.854192  2.320201  285.111115
188  11.842168 -12.798632  346.902588  0.092169  2.570793           35.0    706.226318 -224.535278  13.803316  3.203696  283.296692
189   4.448611   4.143860  345.172852  0.103094  5.592030           35.0    420.272644 -240.684509  13.023770  3.610666  279.097351
190   8.810976  -6.664830  353.857239  0.068285  4.529463           35.0    423.894348  -37.561779  13.631136  3.433870  286.791840
191   6.429779  -6.043407  348.738800  0.058981  4.102522           35.0    363.939972 -152.947403  13.867864  3.230405  284.006439
192   4.315726 -17.404068  349.772217  0.118520  3.939449           35.0    677.190002 -138.363220  13.931329  3.421728  277.794739
193   9.177063 -22.286106  348.624329  0.132413  4.638374           35.0    436.018616 -218.922729  14.284453  3.012184  292.027191
194   8.118200  -0.392322  348.900360  0.080238  4.727030           35.0    411.468262 -230.855240  14.009157  2.327640  275.911377
195   3.076412   0.862586  349.742218  0.088722  6.322200           35.0    374.992371 -147.735550  13.476101  2.647826  277.061218
196  12.678483 -12.490830  351.942810  0.092669  5.529954           35.0    404.135132 -103.069038  13.858616  3.657118  298.020264
197   5.856721  -1.213443  353.778137  0.078735  3.745213           35.0    393.531494  -67.662239  14.134545  3.625359  287.048248
198   2.963225   1.615262  349.841919  0.086422  5.952619           35.0    364.701965 -173.022400  12.994585  2.902451  280.314514
199  10.249836 -16.782207  356.288147  0.134579  3.384631           35.0    398.255768 -117.128204  13.730768  2.452850  295.775208
200  11.251965 -11.963036  352.550537  0.101963  2.745212           35.0    375.635284 -152.429367  13.776795  2.994398  299.098358
201  12.482618 -17.429407  350.962738  0.093107  5.239148           35.0    353.751221 -240.889084  12.885338  3.652044  304.362579
202   8.806963  -1.823796  349.404205  0.077866  7.711459           35.0    432.089478 -185.509888  13.790156  3.158003  280.524231
203  15.285826 -18.024611    0.434563  0.127131  4.336119           35.0    454.945496 -239.043213  14.036050  3.237452  301.215424
204   0.409555   5.546206  352.942261  0.075802  7.656533           35.0    386.066864 -247.617981  14.233769  3.840873  275.752716
205   5.492857   3.382277  350.010773  0.091211  4.379151           35.0    368.841797 -161.055511  12.492878  3.403592  283.500671
206   9.091367 -12.841568  352.072845  0.111368  2.828500           35.0    386.509460 -185.996033  14.000793  3.939727  296.788788
207   7.320684 -21.788851  346.504639  0.163536  3.339162           35.0    400.242676  -82.045113  14.940651  3.509156  303.834137
208   9.424122 -20.167702  349.429108  0.146178  3.354505           35.0    384.799957 -122.322876  13.890230  3.903390  305.890198
209   9.274932 -11.873412  353.206940  0.094445  4.027445           35.0    540.500793 -138.442566  12.769739  2.828519  278.913361
210   9.661853 -17.668764  348.772400  0.134099  3.068006           35.0    366.028381 -173.771561  14.720460  1.764026  292.357025
211  10.226416 -16.305832  355.559204  0.121617  4.049136           35.0    357.964233  -91.315445  12.737308  3.510042  299.581909
212   6.056477 -10.919859  347.832886  0.088913  3.057958           35.0    426.637909 -150.792389  12.575604  2.379307  277.605469
213   6.784707  -7.581295  350.369141  0.067812  2.057446           35.0    450.415314 -116.145714  13.774081  3.873424  281.391907
214  10.629786 -13.496196  351.059509  0.097239  3.438165           35.0    358.767029 -115.887573  14.267438  3.681391  304.596985
215  13.243587 -15.241769  359.665863  0.114232  4.009760           35.0    357.364166 -241.928055  13.520347  3.187692  305.554871
216   7.606319  -7.998928  350.362244  0.077659  2.093049           35.0    497.941895 -104.534836  13.547832  3.653101  284.970978
217   5.239949   1.370081  348.383667  0.080436  6.181139           35.0    550.964844 -193.637985  13.328903  3.726521  275.771729
218   3.685693  -0.488487  352.414368  0.081608  2.844632           35.0    390.852692 -220.054932  13.985145  2.741072  279.426910
219   8.492150 -13.669702  357.941467  0.083441  6.160079           35.0    508.633240  -95.187614  13.596757  3.878155  278.518188
220  17.281261 -15.307335  351.050812  0.110256  2.827061           35.0    581.091614 -228.180222  15.121840  2.440933  298.149902
221   8.773281  -4.485547  351.772369  0.074717  7.561104           35.0    539.038330  -34.114662  13.590833  3.896637  282.640411
222   7.852236  -8.642161  351.216125  0.070081  4.798357           35.0    366.228394 -120.101112  13.276502  2.029502  279.650330
223  11.433517  -9.062296  348.181854  0.085118  2.303966           35.0    498.812164 -213.039032  14.057961  3.662399  289.741943
224   5.122295 -17.033195  346.843018  0.120899  3.759243           35.0    362.288483  -84.468208  14.293545  3.450016  295.975800
225  12.522873 -20.732756  349.559509  0.147228  3.296308           35.0    635.791870 -179.786697  14.273641  3.224015  297.371796
226   9.866495 -17.626490  349.358002  0.126629  3.344407           35.0    545.383057 -218.621765  13.975254  3.814625  296.984161
227  14.777134  -9.962526  355.004791  0.086794  2.756769           35.0    447.709167 -234.206955  14.405406  3.395039  301.147217
228   4.897769  -7.913063  352.136597  0.072674  3.050623           35.0    546.848267 -205.684402  14.764621  3.198774  276.317596
229  10.975739 -16.068298  349.010803  0.141711  2.459841           35.0    432.976929 -181.972092  14.604496  3.973738  305.446167
230   5.789453 -12.762356  344.347473  0.082106  7.943335           35.0    516.528076  -72.496323  12.865986  3.046019  276.500885
231   8.243049 -19.725674  347.384308  0.129187  3.821648           35.0    385.708588 -125.131882  13.564867  3.874644  299.777557
232  10.353538   1.534151  346.162140  0.084754  5.473685           35.0    377.359528  104.513664  13.520217  2.820172  284.823181
233   3.733293 -13.373165  354.065125  0.124141  2.990781           35.0    438.671570 -106.976875  14.107100  3.269904  284.900818
234  12.096340 -13.419942  350.553986  0.128463  2.077798           35.0    446.361694  -63.199566  12.391503  3.411676  302.384979
235  12.011416 -18.668745  352.004852  0.117117  4.421310           35.0    583.165039 -213.499771  14.621479  3.511817  292.111969
236  13.283291 -18.531733  352.597595  0.136029  3.396358           35.0    526.423340 -215.217178  13.537458  3.003846  300.607178
237  -0.924766 -14.811317  349.532593  0.101252  6.715948           35.0    454.571686  -96.036980  12.982801  3.850224  275.843201
238   6.811169 -13.359410  349.422668  0.100429  3.156030           35.0    356.263733 -177.300964  14.050510  3.425577  295.543457
239  11.786901 -17.025745  352.758972  0.119237  3.838618           35.0    406.954987 -189.717896  13.974323  3.675468  303.552063
240   8.268513 -16.972956  352.826263  0.101259  5.659449           35.0    548.501587 -167.994904  13.170801  3.366709  281.470520
241   6.421256   5.350134  349.119476  0.090258  6.721917           35.0    363.431671 -143.543350  13.064462  2.807200  279.248383
242  -0.780107   3.367094  348.782837  0.075850  6.425127           35.0    440.457001 -170.507599  13.477860  3.955738  275.796509
243  13.949453 -14.249657  354.079987  0.106373  3.279452           35.0    480.412537 -232.954147  14.438502  2.384695  292.607056
244   8.781449 -15.305768  348.498993  0.110770  4.099379           35.0    394.107910 -193.309845  14.555367  3.984641  296.481354
245  14.191104 -22.134459  348.494446  0.139452  4.081887           35.0    474.047607 -215.273468  13.129901  2.898860  305.535614
246  14.828305 -12.422122  352.416809  0.107356  2.221936           35.0    516.102051 -159.742905  14.350738  3.563298  303.495270
247   7.760941 -16.822794  347.042084  0.116490  3.897867           35.0    400.612091 -194.430649  14.201248  3.071195  292.308868
248   6.840852  -3.956932  351.987671  0.076214  3.841119           35.0    356.435730 -106.097481  13.705007  2.738609  286.362823
249   4.404465  -7.319064  352.996368  0.065014  3.264484           35.0    385.458954 -208.964584  14.236709  3.790688  281.568909
250  10.014451 -19.558548  354.085358  0.131725  3.988444           35.0    358.224609 -238.261475  14.184769  2.973643  298.623016
251   8.999238 -14.751274  352.361481  0.096515  4.157624           35.0    377.639801 -185.262543  13.880625  3.903759  294.979553
252   4.157906 -19.523670  345.786743  0.105753  5.647193           35.0    412.114502  -78.414536  12.404989  2.680460  275.918304
253   8.506277   1.076071  350.228149  0.079004  5.713962           35.0    489.890259 -169.958618  14.565142  3.890054  284.282471
254   6.291836 -13.224242  352.208954  0.091944  4.409835           35.0    367.585327 -238.066437  12.930617  3.607191  292.867615
255   6.567358  -7.048758  351.162292  0.077657  2.883153           35.0    554.956665 -243.108383  14.551061  3.924126  281.675476
256  13.775436 -13.968598  347.987183  0.102240  2.884212           35.0    579.587646 -223.718735  13.460847  3.138247  290.792023
257   4.875192  -4.311585  348.666077  0.066273  8.568774           35.0    360.705658  -62.366001  13.243745  2.901042  281.854370
258  -0.587918  -2.993139  349.294800  0.076404  1.622484           35.0    436.164764 -125.199501  15.190573  3.649058  277.381958
259   6.546055 -11.307487  349.795105  0.068362  5.862419           35.0    385.069763  -78.145477  12.692061  3.134703  281.747955
260   7.239637  -6.213500  354.181366  0.077852  1.241948           35.0    608.902405 -120.258293  14.223336  3.176690  275.416473
261   0.852721  -2.558839  347.445984  0.066599  7.767097           35.0    404.160370 -188.849930  12.740253  3.820805  278.508667
262   7.742520  -4.807893  352.071960  0.069306  1.661184           35.0    370.905548  -36.218483  13.045166  3.560439  288.885162
263   4.553897  -4.021276  347.323456  0.088991  5.767422           35.0    450.492889 -171.813995  14.576331  3.269536  279.297424
264  10.985638 -11.122828  354.718811  0.097165  3.026338           35.0    434.788208 -169.713120  14.757817  2.431392  288.669739
265   8.940826   1.681684  347.593872  0.084884  8.933107           35.0    370.243896  -41.265739  13.112779  3.557823  287.014191
266  -1.942311   0.975331  352.304779  0.108823  2.469296           35.0    393.403870 -105.551849  14.398697  3.716016  283.517456
267  12.250987 -14.711176  350.520203  0.131293  2.331497           35.0    453.204895 -168.376389  13.842638  3.339010  301.049255
268   4.512628   2.096412  348.734161  0.084781  7.260894           35.0    471.298737 -212.427521  12.646610  3.890813  276.713440
269  10.678034  -8.728264  355.562134  0.099851  2.535748           35.0    459.017548 -154.158722  14.006529  2.701597  285.747681
270  15.266572 -15.708581  349.960846  0.142310  2.118723           35.0    557.745605 -133.358368  14.909328  2.755358  301.642273
271   0.004540   5.447258  353.266693  0.111768  4.304694           35.0    392.093597 -201.236542  14.065587  2.913884  278.255859
272   8.412444 -12.701973  347.936493  0.092657  6.945879           35.0    392.724701 -133.233871  14.237977  2.629297  285.859680
273   1.587507 -10.100595  351.380981  0.092177  5.473882           35.0    357.117065 -172.583771  13.808111  2.835042  281.796478
274  10.936986 -11.197814  350.941284  0.108013  1.894923           35.0    442.008575 -167.542725  14.241906  2.799639  292.682465
275  12.879613 -18.783484  357.572723  0.123849  4.503013           35.0    463.500427 -238.122208  13.401567  2.929060  293.763000
276   5.645950 -17.125677  341.647949  0.094740  5.563221           35.0    418.890167 -217.682892  13.836286  3.837173  290.045380
277  11.877102 -11.219966  352.505035  0.099884  2.197543           35.0    647.249939 -147.927124  14.682642  3.602495  292.279968
278   4.846398  -9.452686  347.361237  0.076891  3.485912           35.0    554.519592 -190.300751  12.517527  3.794502  278.021545
279   4.496483  -0.371196  349.396179  0.115105  2.003514           35.0    355.098633  -66.334915  13.206576  3.393960  292.302979
280   4.138582  -4.947668  346.607941  0.089751  1.142814           35.0    443.341949 -104.204002  12.910108  3.560829  280.384857
281   6.229394  -2.565504  354.061127  0.081668  5.511046           35.0    537.221130  -29.891569  13.007303  3.730538  277.045776
282  10.436923 -11.676832  351.601440  0.094908  3.263817           35.0    465.109924 -208.003448  14.134324  3.131365  290.614502
283  12.028001  -4.957214  349.944061  0.068456  4.826277           35.0    662.431946  -90.899208  13.065296  3.338295  282.990509
284   5.842412  -8.163108  350.743073  0.071766  3.333165           35.0    375.629364  -89.873520  12.697637  3.734838  286.478912
285   5.266171 -13.257105  349.434082  0.090353  6.959299           35.0    570.566284 -164.462616  14.364707  3.785577  278.022858
286  14.404182 -17.875652  359.830750  0.130810  4.129692           35.0    564.191345 -235.467361  14.169005  3.867366  299.536072
287   6.530177  -7.724461  343.545502  0.062234  1.065596           35.0    493.989380  -67.962097  13.655448  3.289421  275.333191
288   9.318992 -16.471926  346.364441  0.112327  3.608235           35.0    573.752563 -240.655975  13.145123  3.513381  287.334625
289   9.025769  -5.610933  356.412567  0.077689  3.476111           35.0    369.578308 -218.893555  14.740622  2.381970  287.480408
290   5.352461  -1.977201  352.378387  0.072477  2.948996           35.0    425.391632 -133.802155  13.126132  3.392416  279.923553
291   4.363625   2.028298  347.363708  0.120891  2.754054           35.0    358.470551  -59.371399  13.982445  2.528915  283.347504
292   5.094996  -9.267284  355.897675  0.078800  4.548642           35.0    540.527588 -172.851288  12.787282  3.646881  279.424072
293   2.649179   3.230820  346.166321  0.122543  2.935398           35.0    387.369110  -87.487854  13.960107  3.493134  282.730438
294  11.125753 -15.705606  351.691467  0.147957  2.361505           35.0    482.916534  -35.170975  13.939210  2.771757  298.943024
295   1.903226  -5.288218  347.269775  0.078194  5.195777           35.0    369.364563 -161.702316  12.759092  2.318837  276.124603
296   5.566606  -4.684997  349.327423  0.078602  3.614785           35.0    405.451569 -107.954323  12.931261  2.501218  275.344879
297   8.450222  -3.890683  348.899506  0.078089  7.557023           35.0    501.065918  -39.027012  15.176578  3.675527  280.323639
298   7.803643 -17.219532  350.446106  0.096597  5.353973           35.0    353.936951 -143.415665  13.935033  3.344584  294.349518
299  11.260036 -15.973812  348.017365  0.115975  3.590543           35.0    400.014313 -226.334732  15.028346  2.443024  294.686249
300   2.185734  -2.597534  352.020630  0.072411  5.936933           35.0    391.302429 -231.117432  14.047276  3.907635  283.963470
301   6.321237   3.409458  347.577728  0.098098  4.889078           35.0    495.525879 -187.293564  13.750785  3.406158  278.569855
302  11.710786 -12.618845  356.622986  0.122540  2.550045           35.0    412.430664 -138.423660  15.271585  2.405477  297.712555
303   2.598603   8.549716  352.678009  0.113322  5.188641           35.0    402.079285 -207.859344  13.152364  3.405862  277.702301
304   9.163820 -21.008961  345.303589  0.143811  3.620314           35.0    682.478821 -216.079453  13.533200  3.484264  292.915649
305   8.299259 -14.634964  349.045807  0.078372  7.653054           35.0    507.430847 -195.871796  13.452688  3.830015  280.112671
306   6.758566   0.718648  353.919922  0.072572  6.639145           35.0    534.171387 -226.053406  13.769169  3.391238  276.611176
307   8.531549  -6.301129  354.249634  0.071698  4.582127           35.0    453.728027 -218.908676  13.589818  3.062218  279.759064
308   9.554492  -6.505114  344.393158  0.075316  7.707032           35.0    384.227570 -193.444443  12.402589  3.728184  288.453369
309  10.785213 -12.233111  353.209229  0.095985  3.255136           35.0    394.014496 -231.383591  14.405289  3.176033  296.627899
310   6.604258 -13.728302  349.930542  0.083560  6.174454           35.0    524.222595 -123.587715  12.173160  3.034019  277.296295
311  12.529433 -15.614532  350.538452  0.110425  3.453216           35.0    473.167908 -181.754242  14.626786  2.395255  291.114594
312   3.870049  -2.285210  350.569946  0.070850  5.178367           35.0    414.799286 -112.949326  14.223531  3.272801  277.631989
313   3.900728  -4.751721  347.868408  0.081857  7.018080           35.0    388.865570 -197.824188  12.982070  2.876597  277.875000
314   3.862365  -4.789742  348.537659  0.086407  1.618779           35.0    378.980774 -138.782837  13.829755  2.177599  275.749146
315  11.937649 -11.284168  357.653412  0.090722  4.085711           35.0    469.323029 -228.032120  13.350895  2.706513  287.524902
316   9.529886  -3.027248  347.137329  0.074843  6.374125           35.0    393.743561 -233.854340  12.553523  3.269543  287.096619
317   8.458557  -1.530667  353.885101  0.076155  5.334474           35.0    369.475739 -192.952576  13.291126  3.694239  288.078949
318   8.154978 -13.138721  350.486755  0.088012  4.140077           35.0    420.058380 -206.595917  12.850577  3.311485  287.393646
319  15.020567 -14.798852  351.987671  0.106622  3.307303           35.0    596.591125 -211.866577  14.168168  3.708806  299.093628
320   3.959218  -9.645834  350.170380  0.087599  3.560933           35.0    353.423004 -130.924026  14.211933  3.352832  287.092102
321   7.032780   9.149646  350.589417  0.094643  8.619255           35.0    366.528717 -174.353897  12.132612  3.228877  277.783783
322  10.677862 -10.745534  352.733887  0.110607  1.944457           35.0    411.959442 -108.977524  13.766148  2.497628  294.967377
323  15.717597 -12.353831  352.462219  0.101199  2.214576           35.0    500.306427 -246.216507  14.475703  3.555387  304.748840
324   4.987686  -6.647089  352.331024  0.073425  5.364752           35.0    454.273071 -147.520111  13.368767  3.884567  279.940643
325   9.618198  -1.226197  351.272430  0.066541  4.729244           35.0    494.033905 -145.474625  12.924931  2.835644  275.048126
326  10.685112 -14.475935  353.637878  0.128538  2.631612           35.0    434.267883 -143.779739  13.795356  2.928843  297.499969
327   9.374228  -6.977421  352.267883  0.068909  2.919584           35.0    479.598785 -151.297684  13.163247  3.551100  286.987366
328   5.488317  -9.549123  347.507904  0.067364  4.775564           35.0    515.979004 -230.770996  13.578070  3.671371  278.908905
329  16.704935 -18.545881  351.895935  0.129118  3.440206           35.0    422.324799 -241.761292  14.495328  2.654683  311.120575
330   4.881808 -11.275095  354.810455  0.074595  8.417671           35.0    500.464508   -4.533834  13.236159  3.624960  278.704498
331  -4.582656   0.553851  349.673523  0.103020  1.809973           35.0    404.290985 -142.143082  14.880341  3.573804  280.942566
332   6.207281  -0.992019  348.451782  0.062572  5.540989           35.0    390.014496   74.884926  13.251216  3.470228  279.238922
333  13.550452 -10.655905  348.250977  0.104047  1.373614           35.0    361.664490 -113.722168  14.225597  2.623972  302.050262
334  -1.923689  -3.420646  344.592651  0.090242  4.495234           35.0    387.405365 -168.397476  13.423020  3.665685  281.641266
335   2.890146  -5.965974  349.135925  0.073129  5.972290           35.0    405.161499 -226.828537  13.293036  3.044703  275.836304
336   5.617302 -12.969306  349.905151  0.089784  7.232398           35.0    405.844879 -153.748337  12.641795  3.830964  284.678680
337  10.798674 -14.493361  348.327087  0.124457  2.656553           35.0    365.818054  -88.744781  12.588180  3.828029  306.536713
338  16.881981 -14.600717  347.045807  0.122961  1.779944           35.0    492.438416 -174.422745  13.586033  2.387865  305.571899
339  14.435315 -16.428289  355.668304  0.123787  3.592589           35.0    575.018250 -247.561554  14.521626  2.908152  294.689667
340  13.227602  -4.679761  351.988495  0.086748  3.145803           35.0    406.985718 -222.656601  13.325603  3.079438  295.875488
341  11.619936 -16.438305  347.746582  0.116900  3.116783           35.0    356.845795 -235.362167  13.954571  2.657780  305.775269
342   8.547100  -2.282527  346.451416  0.086841  3.523914           35.0    747.455261    5.079891  14.332257  3.433768  275.211700
343  14.145473 -17.471619  349.836121  0.136306  3.110624           35.0    483.886810 -139.674194  14.047203  3.729899  308.451782
344   3.878832 -11.253423  350.658081  0.090417  4.610225           35.0    376.927155 -208.974670  14.493289  2.830946  283.201538
345   6.058517   0.775746  346.995941  0.095052  4.798619           35.0    424.896271 -185.232346  13.985710  3.543026  283.137390
346   8.493860  -2.128283  352.508179  0.069838  5.968746           35.0    507.881012   -6.752486  12.947229  3.275905  278.892853
347   5.241244 -13.370415  353.035736  0.089591  4.954087           35.0    409.209778 -237.461029  13.107197  3.070815  282.876038
348  11.066648  -3.533202  346.205933  0.083747  3.858877           35.0    429.101593 -171.122025  12.936651  2.620480  283.531158
349  15.327556 -12.230608  353.939514  0.110744  2.620904           35.0    572.415771 -191.910034  12.812943  3.888890  300.147705
350  13.736724 -15.311572  347.007996  0.101002  2.798336           35.0    469.859650 -214.148804  14.832396  3.824364  302.659424
351   7.535030  -5.709427  348.636902  0.071352  3.622868           35.0    539.658081   72.388100  13.710998  3.630134  278.183289
352   6.282609  -9.759097  348.008270  0.107773  1.692339           35.0    480.064880 -139.337372  13.407702  3.038626  283.136932
353   5.294044  -3.299829  347.147095  0.066953  3.686289           35.0    485.279022  -20.819483  14.248347  3.453563  277.691803
354   9.168080  -5.288427  349.159790  0.073240  5.990474           35.0    362.575470  -50.419415  14.081557  3.877177  291.282990
355   3.194118 -11.561219  349.669220  0.068175  6.194764           35.0    387.343750  -51.706356  12.712389  3.625165  278.915375
356  13.292233 -12.319824  353.193207  0.122395  2.051332           35.0    467.612701 -184.232117  14.304359  3.282436  299.419281
357   5.778910 -14.550631  352.796112  0.103418  4.745131           35.0    452.162445 -185.783859  13.335541  3.648882  285.151611
358   4.168607  -5.467078  354.105011  0.068897  2.583695           35.0    356.347076 -211.759644  13.304334  3.991436  289.257568
359  12.696097 -15.182489  355.649231  0.108246  3.942240           35.0    554.592285 -231.853729  13.232426  3.467708  293.953125
360  12.378901 -22.368155  345.039215  0.130929  3.931100           35.0    412.461639 -175.343216  12.619086  3.333303  309.732605
361   9.042880 -13.478723  350.201843  0.095259  3.934102           35.0    574.910461 -144.914856  14.969825  3.642246  283.683472
362   7.549404  -3.933213  352.335693  0.071990  7.729672           35.0    373.521545   89.957047  12.797752  3.412820  286.061890
363  11.869300 -15.261122  358.556000  0.114766  4.358082           35.0    360.883667 -233.952164  13.086779  3.508388  302.652496
364  12.638729 -15.199164  355.473297  0.099698  3.966174           35.0    401.639099 -137.243103  12.981966  2.728296  293.827118
365   4.288777 -14.710509  350.042908  0.160127  2.163045           35.0    376.704132  -10.874052  13.767362  1.701652  288.140137
366   6.464984  -0.020924  344.893005  0.118314  2.309401           35.0    435.421692  -35.509590  12.813713  3.968127  286.214966
367  12.496859 -13.825613  356.231842  0.131164  2.565483           35.0    426.096161 -187.237091  13.802455  3.156778  302.399384
368   5.940507  -9.131339  352.208710  0.096780  2.755713           35.0    642.468750  -47.156929  13.641415  3.309657  275.608490
369  10.927826 -13.967157  350.919556  0.102056  3.093183           35.0    406.437836 -180.271957  13.231889  3.178944  296.929352
370  10.081075  -9.402207  349.427368  0.093611  2.210411           35.0    534.369446 -228.814957  14.062781  3.870673  287.859955
371   5.595555   2.520570  351.686310  0.086930  5.985369           35.0    446.891266 -129.944946  12.753918  3.727901  281.070496
372  12.890708 -17.472506  357.136536  0.126296  3.989019           35.0    378.891937 -206.169327  14.380903  3.391187  304.381775
373  11.701377 -16.912399  348.507324  0.124250  2.853895           35.0    444.743622 -184.565033  13.504404  3.321923  300.136505
374   9.581298 -25.105042  348.700409  0.134666  5.376180           35.0    399.894562 -236.985748  11.445773  2.468908  290.531830
375   2.009275 -13.581127  349.289368  0.086299  6.156304           35.0    443.623108 -176.905945  12.885444  3.749192  277.544769
376  14.160612 -13.865100  356.607849  0.115341  3.225126           35.0    553.676086 -209.658295  14.181787  3.731862  299.679779
377   8.642932 -14.618109  348.763885  0.125902  2.352080           35.0    447.095093  -54.655205  14.127755  3.848096  297.533081
378   5.912580  -5.534206  347.447174  0.058668  7.695358           35.0    414.361877 -158.734467  13.062831  3.688762  281.596893
379   1.869073  -2.575342  347.675842  0.083992  3.579353           35.0    401.386475 -187.629425  14.276824  3.005358  277.644348
380  14.400594 -18.554564    0.471821  0.127918  4.373600           35.0    389.192078 -237.732910  13.274330  1.764238  291.013092
381   8.212349   1.211965  347.547333  0.102787  4.050667           35.0    503.142120 -153.419373  12.697486  3.392167  279.257904
382   9.495930 -12.529110  353.989990  0.122856  2.451651           35.0    442.116699  -86.987671  13.901134  3.434028  296.409363
383   9.076549 -12.658646  347.797058  0.087429  3.219916           35.0    401.908081 -139.232758  14.526902  3.473382  293.788544
384   8.274893 -15.160712  349.920441  0.104019  3.861621           35.0    366.079132 -180.038437  14.049055  3.604241  298.385803
385   9.269240 -16.015312  352.845886  0.106407  4.304004           35.0    395.145538 -201.843475  12.628276  3.145868  293.754181
386  10.193852 -11.658601  349.035309  0.124705  1.639288           35.0    438.747772  -81.677574  14.015122  2.794605  292.800537
387   4.308755   3.460072  352.948914  0.074833  7.963234           35.0    367.473999 -154.573624  11.826747  3.124642  277.799774
388  14.978501 -16.213692  350.424866  0.093961  4.200987           35.0    461.058075 -164.384552  13.424293  2.960841  298.073334
389  12.003614 -13.877983  345.521881  0.095168  3.457003           35.0    559.204041 -236.321274  14.491437  2.516745  282.792877
390  13.123566 -15.877915  350.282898  0.151596  2.232080           35.0    555.650635 -175.918091  14.516669  2.902127  301.088257
391   4.588921  -6.662651  349.648102  0.090152  2.085807           35.0    396.494629 -195.218781  15.008039  2.925722  281.160431
392   2.278763   1.149342  354.904877  0.078905  4.478769           35.0    476.257385 -231.059814  13.270738  3.650981  277.405334
393   5.485122 -10.266471  348.828796  0.077462  3.087528           35.0    507.665558  -96.735909  13.908200  3.268567  276.107117
394  10.375454 -21.749571  345.065002  0.130251  4.574208           35.0    364.391022 -150.236908  13.227615  3.739584  305.235931
395  10.436709 -10.251991  352.566223  0.077475  3.323957           35.0    505.449890 -196.490891  14.948571  2.721773  278.717041
396   8.662659  -8.614339  357.137115  0.073862  5.280766           35.0    447.804504 -183.139023  14.787463  2.947729  280.019592
397   6.934373  -4.886478  347.826416  0.071830  1.766303           35.0    502.042267  -41.784767  13.758561  3.401575  276.350372
398   6.565107  -5.954725  351.278503  0.073071  2.028744           35.0    399.435608 -202.683121  13.040541  2.446465  277.588745
399   6.034767 -13.066119  349.030457  0.090286  5.956291           35.0    431.771484 -145.029510  13.575278  3.987949  285.863129
400   6.423068  -3.103727  346.057220  0.075057  8.203861           35.0    413.979218  -38.613125  13.995142  2.985102  278.353210
401  10.642746 -12.777862  349.086914  0.101986  3.169188           35.0    391.498077 -107.513222  14.429575  3.791181  298.689301
402   1.924313 -14.766383  349.699341  0.068901  8.994226           35.0    410.544922 -236.077484  13.537583  3.860334  275.139679
403   5.201564  -2.975802  346.014923  0.079128  5.477051           35.0    381.053467 -208.546509  12.578400  2.978769  278.162567
404   4.872941  -1.352154  342.883820  0.083470  5.079495           35.0    413.349121  -49.215672  13.315880  3.436309  277.293488
405   8.679945  -3.376970  351.679352  0.079655  2.415461           35.0    535.184753 -164.305542  13.420703  3.428818  280.909363
406   9.155611 -11.856499  350.824432  0.105505  2.419031           35.0    364.140503 -188.617325  14.347460  3.750349  299.143372
407   6.843839  -1.421754  351.639404  0.088831  8.384459           35.0    422.579437 -204.946121  13.068431  2.607873  278.331085
408  11.260689   6.199032  351.398773  0.085767  7.328182           35.0    440.397369 -236.023102  13.739687  3.805111  282.191376
409   8.461021 -20.336964  342.719269  0.145832  3.085142           35.0    438.408325 -149.431488  12.950353  2.959865  295.312775
410   7.834427 -10.504577  352.447662  0.093659  2.595299           35.0    490.023102 -164.347824  14.015274  3.358333  282.882721
411  17.072121 -11.758568  358.286224  0.114444  2.419169           35.0    444.199127 -231.043793  12.575335  3.592856  313.476898
412   1.544157  -1.627839  349.539581  0.076360  7.529131           35.0    361.548737   43.867031  12.098182  2.490954  277.938599
413   6.371648   3.003583  351.507111  0.086902  5.172299           35.0    481.849121 -239.863815  13.910018  3.514177  277.761780
414   7.074749  -8.139266  351.040253  0.084498  2.885732           35.0    725.698486  -63.908237  12.958460  3.486983  275.700775
415   4.564870  -8.756442  355.143951  0.085000  3.141284           35.0    458.694733  -60.286457  12.648155  3.249082  279.694397
416   1.480696   2.824550  353.401581  0.078271  7.638673           35.0    360.819824 -134.633301  12.930014  3.486264  280.080566
417  13.282188 -21.092070  353.193268  0.137730  4.200466           35.0    449.484558 -247.045975  12.875787  3.214867  302.611511
418   6.643315  -4.525930  353.368683  0.082141  4.834328           35.0    445.632660 -229.990692  13.917807  3.108768  278.680756
419  11.135291 -13.207713  346.816925  0.089075  3.270732           35.0    602.309204 -236.350555  13.123402  2.724433  284.369629
420   2.356116  -7.906559  351.133392  0.072878  5.416732           35.0    396.251068 -190.551758  13.778006  3.856777  283.304840
421   9.908679 -18.170980  352.714691  0.122430  4.012392           35.0    448.515900 -204.121246  13.083231  1.672284  278.054138
422  -1.772672  -2.333706  344.176575  0.087430  3.511456           35.0    355.025848 -213.869217  13.233561  2.569067  279.586517
423   9.999728 -14.457884  349.256287  0.122984  2.864219           35.0    385.423859 -178.518356  12.969921  3.641146  303.041351
424  12.423797 -15.470098  349.172821  0.108756  2.899423           35.0    406.967651 -140.023270  14.149361  2.933300  299.805328
425  11.159503 -16.304846  354.785248  0.122938  3.726381           35.0    361.204010 -207.526962  13.129601  2.313784  297.596527
426   5.553997  -4.462845  350.939209  0.066998  4.415348           35.0    361.640686 -198.753281  13.162765  3.011076  281.865173
427   3.008040 -15.553676  344.130127  0.082271  8.190293           35.0    395.857697 -231.369049  13.129396  2.922359  279.607147
428   0.895885  -2.933166  350.773132  0.072871  8.986905           35.0    403.608978 -179.581238  13.312560  3.803996  276.795349
429   4.764365  -1.519642  349.920654  0.087225  5.688424           35.0    365.451721 -201.809738  13.147046  3.003710  283.324554
430  12.213002 -11.571507  350.564819  0.108920  2.563910           35.0    390.418243 -193.495789  13.264447  2.933280  299.567963
431   8.447371  -2.442239  355.552032  0.080862  4.583096           35.0    423.052216 -202.663422  13.825229  3.574080  284.416473
432  16.450546 -11.627755  348.036835  0.098877  1.282696           35.0    734.004883 -101.181213  13.420825  2.213468  283.405182
433  13.371367 -15.321123  344.448700  0.114346  2.506415           35.0    435.743866 -171.233597  13.423337  3.769776  307.470215
434  10.087846 -20.018852  353.604065  0.127628  4.367696           35.0    365.559448 -200.322388  14.162145  2.558388  294.577362
435  13.168690 -13.761759  354.054016  0.106550  3.917767           35.0    455.576782 -229.789993  12.531879  3.648985  298.656494
436  10.667891 -13.826145  347.649139  0.106874  2.576474           35.0    486.893921  -99.491951  12.658111  2.270543  287.326843
437   7.736728  -0.066485  351.567169  0.072838  8.448237           35.0    558.307617  -95.374680  13.531857  3.786469  278.490448
438  14.588533 -10.594185  352.797760  0.110952  1.459391           35.0    459.096130 -168.268372  14.131201  3.314471  303.143250
439  10.562710 -15.247248  351.789673  0.110935  3.521382           35.0    594.325684 -186.420395  12.960040  3.595550  291.809784
440   8.078678 -18.241283  349.208649  0.142412  3.220815           35.0    412.934692 -147.195862  14.158710  2.246555  290.377747
441   6.776436  -2.215085  344.761627  0.076893  6.426492           35.0    378.689453  -61.083206  12.410480  3.384859  285.174713
442  13.325264 -15.646010  358.981262  0.137473  3.105056           35.0    515.347778 -146.341812  14.226662  2.863199  295.865997
443   3.075691  -2.731239  352.770569  0.090782  6.693703           35.0    408.376465 -232.126083  12.616663  3.897683  283.350250
444   5.041149 -10.268331  348.317963  0.090566  3.235713           35.0    376.536041  -36.078148  12.535022  3.402194  286.784149
445  13.681491 -12.850620  349.835876  0.106716  2.061487           35.0    471.126862 -185.524673  14.681122  3.671169  301.802979
446   6.172837   4.013127  348.796265  0.085672  6.005666           35.0    434.180664  114.288567  13.926913  2.998457  275.304169
447  11.651375 -16.130898  347.617432  0.110448  3.403706           35.0    378.663696 -201.790421  14.265832  2.871488  299.714264
448   7.617456 -13.393606  352.731628  0.095740  3.966571           35.0    513.581116 -231.300140  14.915100  3.764048  287.254913
449   9.492601 -11.520851  350.304840  0.088173  7.736437           35.0    396.667816 -212.280197  13.954930  2.811710  287.731934
450   9.007369 -14.331524  349.821167  0.115791  3.646951           35.0    420.220764 -112.773766  13.309658  3.331042  293.221924
451   5.084037 -13.414119  346.563812  0.081060  6.136867           35.0    410.986267 -224.753922  13.199537  3.836856  280.452545
452   5.430415  -6.245603  349.530273  0.072456  8.315188           35.0    462.501221 -177.074570  13.177415  3.796706  281.415222
453  11.745544 -13.490998  352.622864  0.112011  2.791751           35.0    382.116302 -187.570084  14.562014  1.578700  287.344116
454  10.435576  -3.201358  351.024445  0.093327  1.841200           35.0    659.570312   34.420746  14.090261  3.499119  279.881470
455   7.668711 -15.028884  348.995300  0.104198  4.498710           35.0    699.078552  -50.198803  13.795648  3.800680  281.574585
456  11.689994 -10.598818  350.698761  0.096440  3.278179           35.0    498.020844 -152.220779  14.211720  3.378514  290.787781
457   9.331595 -23.305004  347.982513  0.129785  5.190879           35.0    377.772980 -221.703049  12.815440  3.267251  296.984100
458  11.911232 -12.568310  353.019135  0.110589  2.490289           35.0    351.615448 -230.187073  14.725412  3.780316  310.181396
459   2.811548  -2.618081  350.208405  0.067424  8.895804           35.0    407.088379 -131.555252  14.257364  3.447613  277.275543
460   3.709070 -14.068702  345.262177  0.095209  4.608446           35.0    424.925171 -145.430695  13.687450  3.633738  284.257507
461  11.322615 -21.577463  343.619202  0.142598  3.444855           35.0    460.730804 -173.488495  13.593451  3.800859  304.243591
462  13.642777 -14.146315  353.180115  0.139152  2.229791           35.0    543.764282 -207.930191  14.111341  3.577301  305.189667
463   5.613698  -0.116102  346.317108  0.069184  5.818361           35.0    432.452881 -206.052612  15.625716  3.508386  276.242157
464   7.062258   2.264017  353.624969  0.092945  6.305472           35.0    477.919922  -91.549484  13.602120  3.186058  278.392426
465  12.268831 -12.977423  355.213104  0.092285  3.704248           35.0    357.321930 -171.822021  13.394405  3.223600  299.402069
466   8.708253  -3.867133  351.904663  0.086178  4.389376           35.0    636.175415 -160.889603  14.063402  3.257191  276.517487
467  14.869095 -16.295218  353.448303  0.135976  2.732727           35.0    427.040222 -165.691010  14.015734  2.541041  306.707214
468   9.367922 -15.419458  355.450165  0.114927  4.006863           35.0    358.760925 -185.847595  14.359468  2.372299  295.095123
469   7.651574  -0.884636  352.063202  0.088472  5.223676           35.0    485.704590 -191.795807  13.326486  2.782612  276.729706
470   6.514093  -4.549741  347.218231  0.071865  3.576501           35.0    377.758698 -124.543655  14.321225  2.527934  280.330414
471  11.611403 -19.155432  346.960938  0.116107  4.169489           35.0    468.527039 -169.716599  14.349042  3.580052  299.751740
472   8.753325 -14.436070  356.275452  0.115416  3.505353           35.0    531.979431 -187.037872  13.189804  3.459460  288.820435
473   1.542827   1.332432  350.227600  0.115775  2.345618           35.0    473.104248  -67.144875  13.178755  3.060027  279.009766
474   6.323610 -16.001177  350.790283  0.103667  4.416772           35.0    568.865234 -175.989792  13.030347  3.367123  281.975006
475  11.378231 -14.839622  344.487152  0.108860  2.613154           35.0    379.241394 -194.183716  14.110316  3.452105  300.498138
476   8.330257  -8.583272  352.591766  0.080664  3.960284           35.0    519.045898 -205.733810  13.449524  3.194031  281.611053
477   8.449960 -13.810862  348.203583  0.099371  4.633194           35.0    482.051880  -57.432373  12.743030  3.344574  285.422821
478   6.064221  -6.040348  352.472931  0.069428  6.694346           35.0    432.507355 -244.278107  14.090106  3.578320  281.787079
479   6.149032   1.460754  347.019958  0.119555  2.589002           35.0    369.172729  -46.080738  12.741877  3.185382  293.622345
480  11.262821 -22.724148  346.165436  0.163462  3.407639           35.0    479.088928 -181.856567  13.588160  2.648397  299.406708
481  10.931214 -13.671182  351.329041  0.110331  3.092883           35.0    406.155853 -205.028488  14.440037  3.755332  300.178070
482   9.114815 -14.212652  349.843018  0.099390  4.012917           35.0    400.618530 -214.913971  13.982044  3.808505  296.717682
483  10.779691 -14.513773  359.339722  0.103759  4.455215           35.0    391.508698 -249.106476  14.802662  2.937933  292.613342
484   3.608110  -3.187399  349.433197  0.081689  2.201770           35.0    395.026123 -165.121490  15.141043  3.477288  282.434814
485   9.408673 -23.338585  346.332428  0.148431  4.053780           35.0    385.324860 -195.332611  14.029023  2.223946  296.351257
486  11.530928 -15.072589  356.800171  0.105979  3.865068           35.0    573.430542 -230.999863  13.190416  3.966182  291.373169
487   4.111043  -9.943463  348.545471  0.073431  5.082137           35.0    535.710266 -222.652008  13.919771  3.172591  275.235077
488   9.591542  -1.818742  351.113556  0.080557  3.926065           35.0    360.243561 -181.299988  12.416847  2.916559  285.429871
489  10.670716 -17.492798  352.129608  0.122077  3.779506           35.0    496.727875 -167.627136  13.669734  3.457887  292.961792
490   3.664071  -0.790218  353.246887  0.087803  6.244806           35.0    355.265930 -230.987549  12.552193  2.206664  278.964539
491   1.492517  -3.851144  348.168640  0.081643  3.748795           35.0    392.953278  -80.661789  12.673519  3.396297  277.978790
492   8.485209 -13.600612  350.139191  0.124549  2.415480           35.0    495.081787  -90.569756  14.294946  3.673553  295.217743
493  12.292484 -15.517362  349.281342  0.110327  2.888103           35.0    458.572510 -139.852142  13.506462  2.603767  293.493042
494   6.478992  -5.643951  348.537323  0.060082  8.597375           35.0    446.371796 -117.751572  13.851601  3.694299  279.049316
495  10.700336  -2.558895  352.339569  0.072015  7.064438           35.0    720.633667 -132.510437  13.849124  3.697414  277.018951
496   7.848616 -16.417089  350.001831  0.140801  2.840427           35.0    393.306732 -114.693619  13.463517  2.640621  294.262665
497  16.099308 -14.516596  353.265350  0.105034  3.303189           35.0    650.980164 -249.886520  14.167920  3.868689  303.383362
498  12.813639 -18.092484  351.211761  0.138231  3.009166           35.0    430.761719 -186.226349  14.627091  2.839705  303.984955
499  12.604109 -17.064478  348.719940  0.121086  3.667082           35.0    418.001373 -194.763382  12.962859  3.298425  303.986938
500  10.375912 -18.574135  353.160522  0.119005  4.605844           35.0    365.016693 -198.361496  13.799643  3.012634  295.642761
501   5.947183 -14.677517  345.958923  0.095044  6.224944           35.0    520.009888 -151.718216  13.814703  3.137387  277.740601
502  10.143357  -9.797886  350.033936  0.092359  2.180909           35.0    396.478394 -234.697235  13.722118  3.687786  294.466553
503  15.796121 -10.780266  350.866882  0.097143  1.703342           35.0    451.128601 -223.464722  14.046899  2.812986  298.793243
504  11.659073 -17.381042  350.179413  0.119791  3.783665           35.0    433.773193 -176.563187  14.395379  3.286502  299.468597
505   5.518732 -12.868103  350.396729  0.100856  4.268856           35.0    430.361633 -219.537643  13.732026  3.093181  282.209778
506  15.792001 -16.067884  355.440887  0.142106  2.686086           35.0    423.917175 -172.207764  14.296019  1.982862  305.054535
507  12.269369  -9.136556  356.613495  0.089675  2.227071           35.0    388.412994 -115.461983  14.916854  2.188645  293.459869
508   8.135949 -14.547660  349.001892  0.108479  3.592533           35.0    476.285339 -166.933426  13.541533  2.857585  282.101593
509  10.036331 -11.201293  349.994354  0.093139  2.449275           35.0    415.012421 -240.458817  13.136174  2.667388  289.935547
510   4.491352  -5.585213  357.767944  0.065838  3.266164           35.0    508.866943 -232.245300  14.638007  3.470445  277.156860
511   9.036807  -7.629935  354.012604  0.076193  4.975881           35.0    360.447510  -50.128853  13.794674  3.682290  290.582916